レコードID,測定年度,絶対番号,都道府県コード,水域コード,地点コード,全窒素_C,全窒素(mg/l),全燐_C,全燐(mg/l)
1210010001,1987,1210010,12,001,01,#,2,#,0.11
1210010004,1987,1210010,12,001,01,#,1.3,#,0.12
1210010007,1987,1210010,12,001,01,#,1.1,#,0.11
1210010010,1987,1210010,12,001,01,#,2.3,#,0.2
1210010013,1987,1210010,12,001,01,#,1.8,#,0.14
1210010016,1987,1210010,12,001,01,#,2,#,0.13
1210010019,1987,1210010,12,001,01,#,3.5,#,0.09
1210010022,1987,1210010,12,001,01,#,3.5,#,0.09
1210010025,1987,1210010,12,001,01,#,3.7,#,0.1
1210010028,1987,1210010,12,001,01,#,3,#,0.11
1210010031,1987,1210010,12,001,01,#,3.9,#,0.14
1210010034,1987,1210010,12,001,01,#,4.1,#,0.19
1210020001,1987,1210020,12,001,02,#,2.5,#,0.09
1210020004,1987,1210020,12,001,02,#,1.9,#,0.14
1210020007,1987,1210020,12,001,02,#,2,#,0.19
1210020010,1987,1210020,12,001,02,#,2.6,#,0.13
1210020013,1987,1210020,12,001,02,#,2.1,#,0.12
1210020016,1987,1210020,12,001,02,#,2,#,0.13
1210020019,1987,1210020,12,001,02,#,3.6,#,0.09
1210020022,1987,1210020,12,001,02,#,3.9,#,0.12
1210020025,1987,1210020,12,001,02,#,3.8,#,0.13
1210020028,1987,1210020,12,001,02,#,3.6,#,0.18
1210020031,1987,1210020,12,001,02,#,4.2,#,0.17
1210020034,1987,1210020,12,001,02,#,4.5,#,0.24
1210030001,1987,1210030,12,001,51,#,1.9,#,0.08
1210030003,1987,1210030,12,001,51,#,1.4,#,0.15
1210030005,1987,1210030,12,001,51,#,0.96,#,0.08
1210030007,1987,1210030,12,001,51,#,2.2,#,0.11
1210030009,1987,1210030,12,001,51,#,1.8,#,0.09
1210030011,1987,1210030,12,001,51,#,2.1,#,0.09
1210030013,1987,1210030,12,001,51,#,3.6,#,0.07
1210030015,1987,1210030,12,001,51,#,3.3,#,0.09
1210030017,1987,1210030,12,001,51,#,3.6,#,0.09
1210030019,1987,1210030,12,001,51,#,2.7,#,0.08
1210030021,1987,1210030,12,001,51,#,3.6,#,0.14
1210030023,1987,1210030,12,001,51,#,4.6,#,0.17
1210040001,1987,1210040,12,001,52,#,1.9,#,0.13
1210040003,1987,1210040,12,001,52,#,1.4,#,0.12
1210040005,1987,1210040,12,001,52,#,1.1,#,0.11
1210040007,1987,1210040,12,001,52,#,2.5,#,0.18
1210040009,1987,1210040,12,001,52,#,1.8,#,0.12
1210040011,1987,1210040,12,001,52,#,2,#,0.13
1210040013,1987,1210040,12,001,52,#,3.6,#,0.09
1210040015,1987,1210040,12,001,52,#,3.5,#,0.08
1210040017,1987,1210040,12,001,52,#,3.8,#,0.1
1210040019,1987,1210040,12,001,52,#,2.7,#,0.08
1210040021,1987,1210040,12,001,52,#,3.7,#,0.11
1210040023,1987,1210040,12,001,52,#,4.5,#,0.15
1210050001,1987,1210050,12,001,53,#,2.1,#,0.11
1210050004,1987,1210050,12,001,53,#,2,#,0.13
1210050007,1987,1210050,12,001,53,#,1.5,#,0.16
1210050010,1987,1210050,12,001,53,#,2.7,#,0.23
1210050013,1987,1210050,12,001,53,#,2,#,0.14
1210050016,1987,1210050,12,001,53,#,2.2,#,0.13
1210050019,1987,1210050,12,001,53,#,3.7,#,0.12
1210050022,1987,1210050,12,001,53,#,3.6,#,0.14
1210050025,1987,1210050,12,001,53,#,3.9,#,0.15
1210050028,1987,1210050,12,001,53,#,3.5,#,0.16
1210050031,1987,1210050,12,001,53,#,4.2,#,0.22
1210050034,1987,1210050,12,001,53,#,4.9,#,0.22
1210060001,1987,1210060,12,002,01,#,3,#,0.1
1210060004,1987,1210060,12,002,01,#,2.9,#,0.17
1210060007,1987,1210060,12,002,01,#,2.9,#,0.18
1210060010,1987,1210060,12,002,01,#,2.3,#,0.14
1210060013,1987,1210060,12,002,01,#,2.2,#,0.15
1210060016,1987,1210060,12,002,01,#,2.5,#,0.14
1210060019,1987,1210060,12,002,01,#,3.6,#,0.1
1210060022,1987,1210060,12,002,01,#,3.5,#,0.12
1210060025,1987,1210060,12,002,01,#,4,#,0.16
1210060028,1987,1210060,12,002,01,#,4.5,#,0.26
1210060031,1987,1210060,12,002,01,#,5.3,#,0.23
1210060034,1987,1210060,12,002,01,#,6.1,#,0.33
1210070001,1987,1210070,12,002,51,#,3.2,#,0.16
1210070003,1987,1210070,12,002,51,#,4,#,0.24
1210070005,1987,1210070,12,002,51,#,2,#,0.15
1210070007,1987,1210070,12,002,51,#,2.3,#,0.12
1210070009,1987,1210070,12,002,51,#,2.2,#,0.14
1210070011,1987,1210070,12,002,51,#,2.2,#,0.11
1210070013,1987,1210070,12,002,51,#,3.5,#,0.13
1210070015,1987,1210070,12,002,51,#,3.9,#,0.14
1210070017,1987,1210070,12,002,51,#,4,#,0.18
1210070019,1987,1210070,12,002,51,#,3.3,#,0.16
1210070021,1987,1210070,12,002,51,#,5.3,#,0.38
1210070023,1987,1210070,12,002,51,#,6.6,#,0.4
1210090001,1987,1210090,12,003,01,#,2.6,#,0.06
1210090003,1987,1210090,12,003,01,#,1.3,#,0.11
1210090005,1987,1210090,12,003,01,#,1.4,#,0.14
1210090007,1987,1210090,12,003,01,#,3.5,#,0.2
1210090009,1987,1210090,12,003,01,#,2.6,#,0.23
1210090011,1987,1210090,12,003,01,#,2.6,#,0.18
1210090013,1987,1210090,12,003,01,#,2.6,#,0.13
1210090015,1987,1210090,12,003,01,#,3.3,#,0.12
1210090017,1987,1210090,12,003,01,#,3.3,#,0.15
1210090019,1987,1210090,12,003,01,#,3.2,#,0.12
1210090021,1987,1210090,12,003,01,#,3.5,#,0.12
1210090023,1987,1210090,12,003,01,#,2.5,#,0.17
1210100001,1987,1210100,12,004,01,#,2.9,#,0.15
1210100004,1987,1210100,12,004,01,#,3.3,#,0.23
1210100005,1987,1210100,12,004,01,#,5.1,#,0.17
1210100008,1987,1210100,12,004,01,#,2.6,#,0.16
1210100010,1987,1210100,12,004,01,#,3,#,0.31
1210100012,1987,1210100,12,004,01,#,3,#,0.18
1210100013,1987,1210100,12,004,01,#,3.8,#,0.17
1210100015,1987,1210100,12,004,01,#,4.9,#,0.13
1210100017,1987,1210100,12,004,01,#,3.9,#,0.19
1210100019,1987,1210100,12,004,01,#,4,#,0.19
1210100021,1987,1210100,12,004,01,#,6.3,#,0.26
1210100023,1987,1210100,12,004,01,#,6.1,#,0.27
1210110002,1987,1210110,12,005,02,#,0.78,#,0.11
1210110004,1987,1210110,12,005,02,#,0.76,#,0.09
1210110006,1987,1210110,12,005,02,#,1.2,#,0.14
1210110008,1987,1210110,12,005,02,#,1.4,#,0.11
1210110010,1987,1210110,12,005,02,#,1.4,#,0.13
1210110012,1987,1210110,12,005,02,#,1.4,#,0.15
1210120002,1987,1210120,12,006,01,#,1.3,#,0.23
1210120004,1987,1210120,12,006,01,#,1.8,#,0.14
1210120006,1987,1210120,12,006,01,#,1.2,#,0.19
1210120008,1987,1210120,12,006,01,#,1.2,#,0.13
1210120010,1987,1210120,12,006,01,#,1.2,#,0.14
1210120012,1987,1210120,12,006,01,#,1.5,#,0.17
1210130001,1987,1210130,12,007,01,#,2.2,#,0.17
1210130002,1987,1210130,12,007,01,#,4.7,#,0.55
1210130003,1987,1210130,12,007,01,#,1.1,#,0.13
1210130004,1987,1210130,12,007,01,#,1.2,#,0.09
1210130005,1987,1210130,12,007,01,#,1,#,0.22
1210130006,1987,1210130,12,007,01,#,1.5,#,0.2
1210130007,1987,1210130,12,007,01,#,1.2,#,0.22
1210130008,1987,1210130,12,007,01,#,1.3,#,0.14
1210130009,1987,1210130,12,007,01,#,1.5,#,0.18
1210130010,1987,1210130,12,007,01,#,1.6,#,0.15
1210130011,1987,1210130,12,007,01,#,2,#,0.014
1210130012,1987,1210130,12,007,01,#,1.7,#,0.18
1210140001,1987,1210140,12,008,01,#,2.2,#,0.1
1210140003,1987,1210140,12,008,01,#,1.5,#,0.1
1210140005,1987,1210140,12,008,01,#,1.5,#,0.12
1210140007,1987,1210140,12,008,01,#,2,#,0.11
1210140009,1987,1210140,12,008,01,#,2,#,0.08
1210140011,1987,1210140,12,008,01,#,1.8,#,0.1
1210140013,1987,1210140,12,008,01,#,2.7,#,0.083
1210140015,1987,1210140,12,008,01,#,2.9,#,0.08
1210140017,1987,1210140,12,008,01,#,3.3,#,0.09
1210140019,1987,1210140,12,008,01,#,3.2,#,0.09
1210140021,1987,1210140,12,008,01,#,2.9,#,0.12
1210140023,1987,1210140,12,008,01,#,3.3,#,0.15
1210150001,1987,1210150,12,008,02,#,2.5,#,0.1
1210150003,1987,1210150,12,008,02,#,2.5,#,0.1
1210150005,1987,1210150,12,008,02,#,2,#,0.07
1210150007,1987,1210150,12,008,02,#,1.9,#,0.09
1210150009,1987,1210150,12,008,02,#,1.7,#,0.06
1210150011,1987,1210150,12,008,02,#,1.9,#,0.06
1210150013,1987,1210150,12,008,02,#,2.6,#,0.076
1210150015,1987,1210150,12,008,02,#,2.7,#,0.07
1210150017,1987,1210150,12,008,02,#,2.9,#,0.06
1210150019,1987,1210150,12,008,02,#,3.3,#,0.1
1210150021,1987,1210150,12,008,02,#,3.7,#,0.15
1210150023,1987,1210150,12,008,02,#,3.6,#,0.12
1210160002,1987,1210160,12,008,51,#,2.8,#,0.17
1210160004,1987,1210160,12,008,51,#,1.5,#,0.12
1210160006,1987,1210160,12,008,51,#,1.4,#,0.12
1210160008,1987,1210160,12,008,51,#,2.1,#,0.15
1210160010,1987,1210160,12,008,51,#,2.4,#,0.13
1210160012,1987,1210160,12,008,51,#,2.5,#,0.15
1210160014,1987,1210160,12,008,51,#,2.9,#,0.11
1210160016,1987,1210160,12,008,51,#,3.2,#,0.15
1210160018,1987,1210160,12,008,51,#,3.4,#,0.12
1210160020,1987,1210160,12,008,51,#,3,#,0.13
1210160022,1987,1210160,12,008,51,#,3.8,#,0.1
1210160024,1987,1210160,12,008,51,#,3.4,#,0.16
1210170001,1987,1210170,12,008,52,#,2.2,#,0.1
1210170003,1987,1210170,12,008,52,#,1.5,#,0.09
1210170005,1987,1210170,12,008,52,#,1.5,#,0.1
1210170007,1987,1210170,12,008,52,#,2.2,#,0.17
1210170009,1987,1210170,12,008,52,#,1.9,#,0.08
1210170011,1987,1210170,12,008,52,#,1.9,#,0.09
1210170013,1987,1210170,12,008,52,#,2.7,#,0.076
1210170015,1987,1210170,12,008,52,#,3.1,#,0.09
1210170017,1987,1210170,12,008,52,#,3.1,#,0.08
1210170019,1987,1210170,12,008,52,#,3.3,#,0.1
1210170021,1987,1210170,12,008,52,#,3.3,#,0.1
1210170023,1987,1210170,12,008,52,#,3.1,#,0.16
1210180001,1987,1210180,12,008,53,#,2.6,#,0.12
1210180003,1987,1210180,12,008,53,#,2.3,#,0.1
1210180005,1987,1210180,12,008,53,#,1.8,#,0.1
1210180007,1987,1210180,12,008,53,#,2.1,#,0.12
1210180009,1987,1210180,12,008,53,#,1.9,#,0.07
1210180011,1987,1210180,12,008,53,#,2,#,0.09
1210180013,1987,1210180,12,008,53,#,2.7,#,0.092
1210180015,1987,1210180,12,008,53,#,2.7,#,0.09
1210180017,1987,1210180,12,008,53,#,3.2,#,0.11
1210180019,1987,1210180,12,008,53,#,2.9,#,0.12
1210180021,1987,1210180,12,008,53,#,3,#,0.13
1210180023,1987,1210180,12,008,53,#,3.9,#,0.18
1210190001,1987,1210190,12,008,54,#,2.5,#,0.1
1210190003,1987,1210190,12,008,54,#,2.9,#,0.13
1210190005,1987,1210190,12,008,54,#,2.1,#,0.08
1210190007,1987,1210190,12,008,54,#,1.9,#,0.09
1210190009,1987,1210190,12,008,54,#,1.7,#,0.09
1210190011,1987,1210190,12,008,54,#,2.1,#,0.07
1210190013,1987,1210190,12,008,54,#,2.6,#,0.1
1210190015,1987,1210190,12,008,54,#,2.9,#,0.1
1210190017,1987,1210190,12,008,54,#,3,#,0.09
1210190019,1987,1210190,12,008,54,#,3.4,#,0.15
1210190021,1987,1210190,12,008,54,#,3.2,#,0.17
1210190023,1987,1210190,12,008,54,#,3.6,#,0.18
1210200001,1987,1210200,12,008,55,#,2.4,#,0.08
1210200003,1987,1210200,12,008,55,#,1.9,#,0.06
1210200005,1987,1210200,12,008,55,#,1.3,#,0.07
1210200007,1987,1210200,12,008,55,#,1.7,#,0.09
1210200009,1987,1210200,12,008,55,#,1.4,#,0.05
1210200011,1987,1210200,12,008,55,#,1.8,#,0.06
1210200013,1987,1210200,12,008,55,#,2.6,#,0.094
1210200015,1987,1210200,12,008,55,#,2.9,#,0.06
1210200017,1987,1210200,12,008,55,#,3,#,0.07
1210200019,1987,1210200,12,008,55,#,3.7,#,0.09
1210200021,1987,1210200,12,008,55,#,3.5,#,0.11
1210200023,1987,1210200,12,008,55,#,3.1,#,0.1
1210220001,1987,1210220,12,009,01,#,12,#,1.1
1210220004,1987,1210220,12,009,01,#,8,#,0.67
1210220007,1987,1210220,12,009,01,#,11,#,1.4
1210220010,1987,1210220,12,009,01,#,9.3,#,0.45
1210220013,1987,1210220,12,009,01,#,15,#,0.5
1210220016,1987,1210220,12,009,01,#,15,#,0.41
1210220019,1987,1210220,12,009,01,#,9.4,#,0.59
1210220022,1987,1210220,12,009,01,#,5.9,#,0.34
1210220025,1987,1210220,12,009,01,#,15,#,0.5
1210220028,1987,1210220,12,009,01,#,16,#,0.45
1210220031,1987,1210220,12,009,01,#,17,#,0.67
1210220034,1987,1210220,12,009,01,#,14,#,0.6
1210230001,1987,1210230,12,009,51,#,14,#,1.2
1210230003,1987,1210230,12,009,51,#,8.1,#,1.3
1210230005,1987,1210230,12,009,51,#,11,#,1.2
1210230007,1987,1210230,12,009,51,#,5.1,#,0.38
1210230009,1987,1210230,12,009,51,#,12,#,0.6
1210230011,1987,1210230,12,009,51,#,11,#,0.54
1210230013,1987,1210230,12,009,51,#,11,#,0.7
1210230015,1987,1210230,12,009,51,#,7.1,#,0.69
1210230017,1987,1210230,12,009,51,#,12,#,0.68
1210230019,1987,1210230,12,009,51,#,14,#,0.55
1210230021,1987,1210230,12,009,51,#,17,#,0.77
1210230023,1987,1210230,12,009,51,#,17,#,1.3
1210240001,1987,1210240,12,010,01,#,14,#,1.6
1210240002,1987,1210240,12,010,01,#,16,#,1.9
1210240003,1987,1210240,12,010,01,#,10,#,1.8
1210240004,1987,1210240,12,010,01,#,15,#,1.5
1210240005,1987,1210240,12,010,01,#,12,#,1.4
1210240006,1987,1210240,12,010,01,#,10,#,1.6
1210240007,1987,1210240,12,010,01,#,7.4,#,0.92
1210240008,1987,1210240,12,010,01,#,10,#,1.5
1210240009,1987,1210240,12,010,01,#,11,#,1.8
1210240010,1987,1210240,12,010,01,#,5.3,#,0.56
1210240011,1987,1210240,12,010,01,#,9.3,#,1.6
1210240012,1987,1210240,12,010,01,#,10,#,0.84
1210240013,1987,1210240,12,010,01,#,6.5,#,0.8
1210240014,1987,1210240,12,010,01,#,5.2,#,1.1
1210240015,1987,1210240,12,010,01,#,2.5,#,0.79
1210240016,1987,1210240,12,010,01,#,9.3,#,1
1210240017,1987,1210240,12,010,01,#,10,#,0.93
1210240018,1987,1210240,12,010,01,#,11,#,1.2
1210240019,1987,1210240,12,010,01,#,10,#,1.1
1210240020,1987,1210240,12,010,01,#,15,#,1.6
1210240021,1987,1210240,12,010,01,#,13,#,1.6
1210240022,1987,1210240,12,010,01,#,12,#,1.6
1210240023,1987,1210240,12,010,01,#,15,#,1.7
1210240024,1987,1210240,12,010,01,#,13,#,0.91
1210250001,1987,1210250,12,011,01,#,14,#,1.2
1210250002,1987,1210250,12,011,01,#,12,#,1.3
1210250003,1987,1210250,12,011,01,#,11,#,1.4
1210250004,1987,1210250,12,011,01,#,10,#,1.1
1210250005,1987,1210250,12,011,01,#,11,#,1.2
1210250006,1987,1210250,12,011,01,#,26,#,1.1
1210250007,1987,1210250,12,011,01,#,8.3,#,0.76
1210250008,1987,1210250,12,011,01,#,11,#,1
1210250009,1987,1210250,12,011,01,#,14,#,1.1
1210250010,1987,1210250,12,011,01,#,17,#,1.3
1210250011,1987,1210250,12,011,01,#,18,#,1.5
1210250012,1987,1210250,12,011,01,#,15,#,1.6
1210260001,1987,1210260,12,011,02,#,14,#,1.5
1210260002,1987,1210260,12,011,02,#,9.1,#,1.5
1210260003,1987,1210260,12,011,02,#,8.6,#,1.2
1210260004,1987,1210260,12,011,02,#,9,#,1.2
1210260005,1987,1210260,12,011,02,#,9.3,#,1.7
1210260006,1987,1210260,12,011,02,#,9,#,1.5
1210260007,1987,1210260,12,011,02,#,6.3,#,0.71
1210260008,1987,1210260,12,011,02,#,7.7,#,1.1
1210260009,1987,1210260,12,011,02,#,10,#,1.1
1210260010,1987,1210260,12,011,02,#,10,#,0.89
1210260011,1987,1210260,12,011,02,#,10,#,1.1
1210260012,1987,1210260,12,011,02,#,6.5,#,1.1
1210280001,1987,1210280,12,012,01,#,14,#,1.3
1210280002,1987,1210280,12,012,01,#,11,#,1.4
1210280003,1987,1210280,12,012,01,#,8.5,#,1
1210280004,1987,1210280,12,012,01,#,8.6,#,1
1210280005,1987,1210280,12,012,01,#,9.7,#,1.4
1210280006,1987,1210280,12,012,01,#,10,#,1.2
1210280007,1987,1210280,12,012,01,#,9.6,#,0.92
1210280008,1987,1210280,12,012,01,#,10,#,1.1
1210280009,1987,1210280,12,012,01,#,12,#,1.3
1210280010,1987,1210280,12,012,01,#,14,#,1.4
1210280011,1987,1210280,12,012,01,#,18,#,1.3
1210280012,1987,1210280,12,012,01,#,17,#,1.5
1210290001,1987,1210290,12,012,51,#,18,#,2.5
1210290002,1987,1210290,12,012,51,#,16,#,2
1210290003,1987,1210290,12,012,51,#,10,#,1.6
1210290004,1987,1210290,12,012,51,#,11,#,1.1
1210290005,1987,1210290,12,012,51,#,14,#,1.4
1210290006,1987,1210290,12,012,51,#,8.7,#,1.3
1210290007,1987,1210290,12,012,51,#,10,#,1.1
1210290008,1987,1210290,12,012,51,#,10,#,1.4
1210290009,1987,1210290,12,012,51,#,11,#,1.2
1210290010,1987,1210290,12,012,51,#,9.1,#,1.2
1210290011,1987,1210290,12,012,51,#,13,#,1.9
1210290012,1987,1210290,12,012,51,#,10,#,0.84
1210290013,1987,1210290,12,012,51,#,8.8,#,0.93
1210290014,1987,1210290,12,012,51,#,6.4,#,1.2
1210290015,1987,1210290,12,012,51,#,5,#,1.1
1210290016,1987,1210290,12,012,51,#,12,#,1.4
1210290017,1987,1210290,12,012,51,#,16,#,1.2
1210290018,1987,1210290,12,012,51,#,14,#,1.5
1210290019,1987,1210290,12,012,51,#,12,#,1.9
1210290020,1987,1210290,12,012,51,#,17,#,1.7
1210290021,1987,1210290,12,012,51,#,15,#,1.6
1210290022,1987,1210290,12,012,51,#,18,#,1.8
1210290023,1987,1210290,12,012,51,#,23,#,1.4
1210290024,1987,1210290,12,012,51,#,21,#,0.98
1210300002,1987,1210300,12,013,01,#,6,#,0.26
1210300004,1987,1210300,12,013,01,#,2.2,#,0.12
1210300006,1987,1210300,12,013,01,#,2.2,#,0.12
1210300008,1987,1210300,12,013,01,#,3.2,#,0.09
1210300010,1987,1210300,12,013,01,#,3.4,#,0.13
1210300012,1987,1210300,12,013,01,#,3.5,#,0.12
1210310002,1987,1210310,12,013,51,#,14,#,0.33
1210310004,1987,1210310,12,013,51,#,10,#,0.39
1210310006,1987,1210310,12,013,51,#,8.3,#,0.32
1210310008,1987,1210310,12,013,51,#,9.3,#,0.22
1210310010,1987,1210310,12,013,51,#,10,#,0.61
1210310012,1987,1210310,12,013,51,#,11,#,0.31
1210320002,1987,1210320,12,013,52,#,7.1,#,0.25
1210320004,1987,1210320,12,013,52,#,6.9,#,0.19
1210320006,1987,1210320,12,013,52,#,5.5,#,0.13
1210320008,1987,1210320,12,013,52,#,7.4,#,0.23
1210320010,1987,1210320,12,013,52,#,7.2,#,0.21
1210320012,1987,1210320,12,013,52,#,7.7,#,0.15
1210330002,1987,1210330,12,013,53,#,1.6,#,0.13
1210330004,1987,1210330,12,013,53,#,1.7,#,0.1
1210330006,1987,1210330,12,013,53,#,1.1,#,0.12
1210330008,1987,1210330,12,013,53,#,2.8,#,0.09
1210330010,1987,1210330,12,013,53,#,2.2,#,0.05
1210330012,1987,1210330,12,013,53,#,2.4,#,0.15
1210350002,1987,1210350,12,014,01,#,1.8,#,0.09
1210350004,1987,1210350,12,014,01,#,1.9,#,0.12
1210350006,1987,1210350,12,014,01,#,1.6,#,0.09
1210350008,1987,1210350,12,014,01,#,2.4,#,0.07
1210350010,1987,1210350,12,014,01,#,2.2,#,0.07
1210350012,1987,1210350,12,014,01,#,2.2,#,0.08
1210360002,1987,1210360,12,014,51,#,1.7,#,0.11
1210360004,1987,1210360,12,014,51,#,1.9,#,0.09
1210360006,1987,1210360,12,014,51,#,1.5,#,0.08
1210360008,1987,1210360,12,014,51,#,2.6,#,0.06
1210360010,1987,1210360,12,014,51,#,2.6,#,0.07
1210360012,1987,1210360,12,014,51,#,2.6,#,0.05
1210370002,1987,1210370,12,015,01,#,5,#,0.26
1210370004,1987,1210370,12,015,01,#,4.8,#,0.2
1210370006,1987,1210370,12,015,01,#,2.8,#,0.21
1210370008,1987,1210370,12,015,01,#,5.6,#,0.25
1210370010,1987,1210370,12,015,01,#,7.7,#,0.31
1210370012,1987,1210370,12,015,01,#,7.8,#,0.51
1210380002,1987,1210380,12,016,01,#,3.5,#,0.36
1210380004,1987,1210380,12,016,01,#,5.3,#,0.34
1210380006,1987,1210380,12,016,01,#,2.4,#,0.24
1210380008,1987,1210380,12,016,01,#,4.4,#,0.42
1210380010,1987,1210380,12,016,01,#,4.6,#,0.26
1210380012,1987,1210380,12,016,01,#,3.7,#,0.35
1210390002,1987,1210390,12,016,51,#,2.6,#,0.33
1210390004,1987,1210390,12,016,51,#,2.6,#,0.3
1210390006,1987,1210390,12,016,51,#,3.3,#,0.24
1210390008,1987,1210390,12,016,51,#,3.8,#,0.14
1210390010,1987,1210390,12,016,51,#,4.2,#,0.12
1210390012,1987,1210390,12,016,51,#,4.3,#,0.18
1210400002,1987,1210400,12,217,01,#,2.6,#,0.15
1210400004,1987,1210400,12,217,01,#,2.9,#,0.11
1210400006,1987,1210400,12,217,01,#,2.7,#,0.09
1210400008,1987,1210400,12,217,01,#,3.3,#,0.05
1210400010,1987,1210400,12,217,01,#,3.5,#,0.04
1210400012,1987,1210400,12,217,01,#,3.6,#,0.07
1210410002,1987,1210410,12,017,01,#,2.6,#,0.14
1210410004,1987,1210410,12,017,01,#,2.4,#,0.14
1210410006,1987,1210410,12,017,01,#,2.2,#,0.18
1210410008,1987,1210410,12,017,01,#,3.2,#,0.11
1210410010,1987,1210410,12,017,01,#,4.3,#,0.16
1210410012,1987,1210410,12,017,01,#,5.3,#,0.17
1210420002,1987,1210420,12,018,01,#,2.2,#,0.3
1210420004,1987,1210420,12,018,01,#,2.2,#,0.34
1210420006,1987,1210420,12,018,01,#,5.7,#,0.6
1210420008,1987,1210420,12,018,01,#,7.2,#,0.92
1210420010,1987,1210420,12,018,01,#,6.8,#,0.48
1210420012,1987,1210420,12,018,01,#,7,#,0.89
1210430002,1987,1210430,12,018,51,#,2.7,#,0.24
1210430004,1987,1210430,12,018,51,#,1.5,#,0.16
1210430006,1987,1210430,12,018,51,#,5.1,#,0.32
1210430008,1987,1210430,12,018,51,#,7.8,#,0.28
1210430010,1987,1210430,12,018,51,#,7.6,#,0.28
1210430012,1987,1210430,12,018,51,#,6.1,#,0.34
1210440002,1987,1210440,12,019,01,#,2.8,#,0.43
1210440004,1987,1210440,12,019,01,#,2.6,#,0.42
1210440006,1987,1210440,12,019,01,#,4.3,#,0.54
1210440008,1987,1210440,12,019,01,#,8.3,#,1.5
1210440010,1987,1210440,12,019,01,#,6.9,#,0.59
1210440012,1987,1210440,12,019,01,#,6.2,#,0.97
1210450002,1987,1210450,12,020,01,#,2.1,#,0.13
1210450004,1987,1210450,12,020,01,#,1.6,#,0.13
1210450006,1987,1210450,12,020,01,#,3.1,#,0.1
1210450008,1987,1210450,12,020,01,#,4.3,#,0.08
1210450010,1987,1210450,12,020,01,#,4.4,#,0.09
1210450012,1987,1210450,12,020,01,#,3.8,#,0.18
1210460002,1987,1210460,12,021,01,#,3.7,#,0.3
1210460004,1987,1210460,12,021,01,#,2,#,0.16
1210460006,1987,1210460,12,021,01,#,3.1,#,0.18
1210460008,1987,1210460,12,021,01,#,4,#,0.17
1210460010,1987,1210460,12,021,01,#,4.1,#,0.13
1210460012,1987,1210460,12,021,01,#,3.5,#,0.16
1210470002,1987,1210470,12,022,01,#,2.4,#,0.14
1210470004,1987,1210470,12,022,01,#,1.8,#,0.13
1210470006,1987,1210470,12,022,01,#,2.5,#,0.19
1210470008,1987,1210470,12,022,01,#,3.3,#,0.11
1210470010,1987,1210470,12,022,01,#,3.3,#,0.09
1210470012,1987,1210470,12,022,01,#,3.2,#,0.21
1210480002,1987,1210480,12,023,01,#,1.9,#,0.2
1210480004,1987,1210480,12,023,01,#,1.7,#,0.16
1210480006,1987,1210480,12,023,01,#,2.8,#,0.15
1210480008,1987,1210480,12,023,01,#,3.2,#,0.1
1210480010,1987,1210480,12,023,01,#,3.2,#,0.11
1210480012,1987,1210480,12,023,01,#,3.1,#,0.18
1210490004,1987,1210490,12,023,51,#,1.9,#,0.08
1210490008,1987,1210490,12,023,51,#,7.7,#,0.05
1210490010,1987,1210490,12,023,51,#,8.1,#,0.04
1210500002,1987,1210500,12,024,01,#,1.3,#,0.14
1210500004,1987,1210500,12,024,01,#,0.78,#,0.17
1210500006,1987,1210500,12,024,01,#,2.3,#,0.26
1210500008,1987,1210500,12,024,01,#,3.3,#,0.09
1210500010,1987,1210500,12,024,01,#,3.3,#,0.09
1210500012,1987,1210500,12,024,01,#,3.6,#,0.29
1210510002,1987,1210510,12,025,01,#,17,#,0.3
1210510004,1987,1210510,12,025,01,#,14,#,0.19
1210510006,1987,1210510,12,025,01,#,4.7,#,0.22
1210510008,1987,1210510,12,025,01,#,18,#,0.24
1210510010,1987,1210510,12,025,01,#,19,#,0.18
1210510012,1987,1210510,12,025,01,#,13,#,0.22
1210520002,1987,1210520,12,025,51,#,4.3,#,0.19
1210520004,1987,1210520,12,025,51,#,5.2,#,0.52
1210520006,1987,1210520,12,025,51,#,3.5,#,0.19
1210520008,1987,1210520,12,025,51,#,4.8,#,0.29
1210520010,1987,1210520,12,025,51,#,6.2,#,0.25
1210520012,1987,1210520,12,025,51,#,7.6,#,0.37
1210530002,1987,1210530,12,026,01,#,16,#,0.29
1210530004,1987,1210530,12,026,01,#,17,#,0.26
1210530006,1987,1210530,12,026,01,#,9.2,#,0.32
1210530008,1987,1210530,12,026,01,#,17,#,0.23
1210530010,1987,1210530,12,026,01,#,21,#,0.23
1210530012,1987,1210530,12,026,01,#,25,#,0.24
1210540002,1987,1210540,12,027,01,#,1.8,#,0.29
1210540004,1987,1210540,12,027,01,#,2,#,0.29
1210540006,1987,1210540,12,027,01,#,2.2,#,0.32
1210540008,1987,1210540,12,027,01,#,2.3,#,0.25
1210540010,1987,1210540,12,027,01,#,1.9,#,0.2
1210540012,1987,1210540,12,027,01,#,3,#,0.34
1210550002,1987,1210550,12,028,01,#,3.7,#,0.34
1210550004,1987,1210550,12,028,01,#,8.1,#,0.74
1210550006,1987,1210550,12,028,01,#,5.5,#,0.44
1210550008,1987,1210550,12,028,01,#,7.1,#,0.42
1210550010,1987,1210550,12,028,01,#,5.8,#,0.38
1210550012,1987,1210550,12,028,01,#,8.3,#,0.74
1210560002,1987,1210560,12,029,01,#,20,#,0.35
1210560004,1987,1210560,12,029,01,#,42,#,0.38
1210560006,1987,1210560,12,029,01,#,16,#,0.32
1210560008,1987,1210560,12,029,01,#,14,#,0.3
1210560010,1987,1210560,12,029,01,#,29,#,0.35
1210560012,1987,1210560,12,029,01,#,28,#,0.39
1210570002,1987,1210570,12,030,01,#,1.4,#,0.12
1210570004,1987,1210570,12,030,01,#,1.3,#,0.1
1210570006,1987,1210570,12,030,01,#,1.4,#,0.14
1210570008,1987,1210570,12,030,01,#,1.3,#,0.08
1210570010,1987,1210570,12,030,01,#,2.2,#,0.16
1210570012,1987,1210570,12,030,01,#,3.1,#,0.22
1210580002,1987,1210580,12,031,01,#,3.1,#,0.18
1210580004,1987,1210580,12,031,01,#,12,#,0.12
1210580006,1987,1210580,12,031,01,#,4.4,#,0.15
1210580008,1987,1210580,12,031,01,#,4.9,#,0.11
1210580010,1987,1210580,12,031,01,#,5.1,#,0.1
1210580012,1987,1210580,12,031,01,#,11,#,0.19
1210590002,1987,1210590,12,031,51,#,1.5,#,0.15
1210590004,1987,1210590,12,031,51,#,1.4,#,0.11
1210590006,1987,1210590,12,031,51,#,3.1,#,0.16
1210590008,1987,1210590,12,031,51,#,1.5,#,0.09
1210590010,1987,1210590,12,031,51,#,2.3,#,0.14
1210590012,1987,1210590,12,031,51,#,3.4,#,0.24
1210600002,1987,1210600,12,031,52,#,1.4,#,0.24
1210600004,1987,1210600,12,031,52,#,1.4,#,0.12
1210600006,1987,1210600,12,031,52,#,1.5,#,0.16
1210600008,1987,1210600,12,031,52,#,1.6,#,0.1
1210600010,1987,1210600,12,031,52,#,2.8,#,0.15
1210600012,1987,1210600,12,031,52,#,3.8,#,0.26
1210610002,1987,1210610,12,032,01,#,1.8,#,0.29
1210610004,1987,1210610,12,032,01,#,1.3,#,0.18
1210610006,1987,1210610,12,032,01,#,1.4,#,0.29
1210610008,1987,1210610,12,032,01,#,1.9,#,0.17
1210610010,1987,1210610,12,032,01,#,1.3,#,0.14
1210610012,1987,1210610,12,032,01,#,1.6,#,0.34
1210620002,1987,1210620,12,032,51,#,1.7,#,0.25
1210620004,1987,1210620,12,032,51,#,1.2,#,0.12
1210620006,1987,1210620,12,032,51,#,1,#,0.18
1210620008,1987,1210620,12,032,51,#,1.1,#,0.08
1210620010,1987,1210620,12,032,51,#,1.4,#,0.09
1210620012,1987,1210620,12,032,51,#,2.3,#,0.12
1210630002,1987,1210630,12,033,02,#,1.9,#,0.36
1210630004,1987,1210630,12,033,02,#,2.5,#,0.28
1210630006,1987,1210630,12,033,02,#,1.3,#,0.33
1210630008,1987,1210630,12,033,02,#,1.6,#,0.14
1210630010,1987,1210630,12,033,02,#,3.2,#,0.25
1210630012,1987,1210630,12,033,02,#,2,#,0.19
1210640002,1987,1210640,12,034,01,#,4.9,#,0.3
1210640004,1987,1210640,12,034,01,#,5.3,#,0.57
1210640006,1987,1210640,12,034,01,#,2.8,#,0.35
1210640008,1987,1210640,12,034,01,#,2.8,#,0.05
1210640010,1987,1210640,12,034,01,#,2.8,#,0.1
1210640012,1987,1210640,12,034,01,#,2.3,#,0.18
1210650002,1987,1210650,12,035,01,#,3.7,#,0.59
1210650004,1987,1210650,12,035,01,#,4.3,#,0.63
1210650006,1987,1210650,12,035,01,#,1.7,#,0.63
1210650008,1987,1210650,12,035,01,#,3.2,#,0.33
1210650010,1987,1210650,12,035,01,#,1.7,#,0.23
1210650012,1987,1210650,12,035,01,#,2.7,#,0.67
1210660002,1987,1210660,12,035,51,#,1.4,#,0.24
1210660004,1987,1210660,12,035,51,#,1.5,#,0.16
1210660006,1987,1210660,12,035,51,#,0.84,#,0.2
1210660008,1987,1210660,12,035,51,#,1.1,#,0.05
1210660010,1987,1210660,12,035,51,#,1.2,#,0.1
1210660012,1987,1210660,12,035,51,#,1,#,0.1
1210670002,1987,1210670,12,036,01,#,2.6,#,0.36
1210670004,1987,1210670,12,036,01,#,4.3,#,0.25
1210670006,1987,1210670,12,036,01,#,1.9,#,0.63
1210670008,1987,1210670,12,036,01,#,2.5,#,0.17
1210670010,1987,1210670,12,036,01,#,2.6,#,0.22
1210670012,1987,1210670,12,036,01,#,2.6,#,0.21
1210680002,1987,1210680,12,036,51,#,2.3,#,0.39
1210680004,1987,1210680,12,036,51,#,2.4,#,0.31
1210680006,1987,1210680,12,036,51,#,1.4,#,0.31
1210680008,1987,1210680,12,036,51,#,1.8,#,0.14
1210680010,1987,1210680,12,036,51,#,2.9,#,0.19
1210680012,1987,1210680,12,036,51,#,1.8,#,0.25
1210690002,1987,1210690,12,037,01,#,0.91,#,0.07
1210690004,1987,1210690,12,037,01,#,0.81,#,0.08
1210690006,1987,1210690,12,037,01,#,1.2,#,0.07
1210690008,1987,1210690,12,037,01,#,1.3,#,0.08
1210690010,1987,1210690,12,037,01,#,1.2,#,0.05
1210690012,1987,1210690,12,037,01,#,1.6,#,0.11
1210700002,1987,1210700,12,037,51,#,1.5,#,0.04
1210700004,1987,1210700,12,037,51,#,1.1,#,0.11
1210700006,1987,1210700,12,037,51,#,1.3,#,0.07
1210700008,1987,1210700,12,037,51,#,1.3,#,0.04
1210700010,1987,1210700,12,037,51,#,1.9,#,0.03
1210700012,1987,1210700,12,037,51,#,1.7,#,0.04
1210710002,1987,1210710,12,038,01,#,1.4,#,0.18
1210710004,1987,1210710,12,038,01,#,1.3,#,0.24
1210710006,1987,1210710,12,038,01,#,1.2,#,0.21
1210710008,1987,1210710,12,038,01,#,1.3,#,0.19
1210710010,1987,1210710,12,038,01,#,1.5,#,0.23
1210710012,1987,1210710,12,038,01,#,1.4,#,0.19
1210720002,1987,1210720,12,038,51,#,0.94,#,0.35
1210720004,1987,1210720,12,038,51,#,0.92,#,0.22
1210720006,1987,1210720,12,038,51,#,1.1,#,0.19
1210720008,1987,1210720,12,038,51,#,1.2,#,0.25
1210720010,1987,1210720,12,038,51,#,1.3,#,0.18
1210720012,1987,1210720,12,038,51,#,1.2,#,0.24
1210730002,1987,1210730,12,039,01,#,1.1,#,0.32
1210730004,1987,1210730,12,039,01,#,1.4,#,0.28
1210730006,1987,1210730,12,039,01,#,1.4,#,0.18
1210730008,1987,1210730,12,039,01,#,1.2,#,0.16
1210730010,1987,1210730,12,039,01,#,1.1,#,0.11
1210730012,1987,1210730,12,039,01,#,1.5,#,0.28
1210740001,1987,1210740,12,040,01,#,2,#,0.29
1210740002,1987,1210740,12,040,01,#,2.2,#,0.37
1210740003,1987,1210740,12,040,01,#,1.9,#,0.3
1210740004,1987,1210740,12,040,01,#,1.5,#,0.26
1210740005,1987,1210740,12,040,01,#,1.7,#,0.31
1210740006,1987,1210740,12,040,01,#,1.7,#,0.21
1210740007,1987,1210740,12,040,01,#,1.9,#,0.22
1210740008,1987,1210740,12,040,01,#,1.9,#,0.22
1210740009,1987,1210740,12,040,01,#,1.9,#,0.16
1210740010,1987,1210740,12,040,01,#,1.6,#,0.21
1210740011,1987,1210740,12,040,01,#,1.9,#,0.18
1210740012,1987,1210740,12,040,01,#,2.7,#,0.34
1210750002,1987,1210750,12,040,51,#,0.95,#,0.25
1210750004,1987,1210750,12,040,51,#,1,#,0.2
1210750006,1987,1210750,12,040,51,#,1.3,#,0.22
1210750008,1987,1210750,12,040,51,#,1.2,#,0.22
1210750010,1987,1210750,12,040,51,#,1,#,0.15
1210750012,1987,1210750,12,040,51,#,1.2,#,0.22
1210760002,1987,1210760,12,041,01,#,0.99,#,0.13
1210760004,1987,1210760,12,041,01,#,0.77,#,0.14
1210760006,1987,1210760,12,041,01,#,0.81,#,0.1
1210760008,1987,1210760,12,041,01,#,0.93,#,0.1
1210760010,1987,1210760,12,041,01,#,0.73,#,0.11
1210760012,1987,1210760,12,041,01,#,1,#,0.11
1210770001,1987,1210770,12,042,01,#,2.1,#,0.18
1210770002,1987,1210770,12,042,01,#,1.6,#,0.21
1210770003,1987,1210770,12,042,01,#,0.98,#,0.19
1210770004,1987,1210770,12,042,01,#,0.77,#,0.16
1210770005,1987,1210770,12,042,01,#,1.2,#,0.19
1210770006,1987,1210770,12,042,01,#,1.1,#,0.14
1210770007,1987,1210770,12,042,01,#,1.4,#,0.11
1210770008,1987,1210770,12,042,01,#,1.4,#,0.12
1210770009,1987,1210770,12,042,01,#,1.5,#,0.13
1210770010,1987,1210770,12,042,01,#,1.3,#,0.16
1210770011,1987,1210770,12,042,01,#,1.5,#,0.16
1210770012,1987,1210770,12,042,01,#,1.6,#,0.16
1210780002,1987,1210780,12,043,01,#,1.1,#,0.09
1210780004,1987,1210780,12,043,01,#,0.88,#,0.06
1210780006,1987,1210780,12,043,01,#,1.3,#,0.11
1210780008,1987,1210780,12,043,01,#,1.4,#,0.1
1210780010,1987,1210780,12,043,01,#,1.8,#,0.19
1210780012,1987,1210780,12,043,01,#,1,#,0.09
1210790001,1987,1210790,12,044,01,#,3.3,#,0.22
1210790002,1987,1210790,12,044,01,#,2.3,#,0.18
1210790003,1987,1210790,12,044,01,#,2.5,#,0.17
1210790004,1987,1210790,12,044,01,#,2.1,#,0.1
1210790005,1987,1210790,12,044,01,#,2.1,#,0.21
1210790006,1987,1210790,12,044,01,#,3.4,#,0.19
1210790007,1987,1210790,12,044,01,#,2,#,0.15
1210790008,1987,1210790,12,044,01,#,2.8,#,0.17
1210790009,1987,1210790,12,044,01,#,2.7,#,0.08
1210790010,1987,1210790,12,044,01,#,2.8,#,0.1
1210790011,1987,1210790,12,044,01,#,3.2,#,0.18
1210790012,1987,1210790,12,044,01,#,3.1,#,0.09
1210800002,1987,1210800,12,044,51,#,1.4,#,0.11
1210800004,1987,1210800,12,044,51,#,1.1,#,0.11
1210800006,1987,1210800,12,044,51,#,0.96,#,0.11
1210800008,1987,1210800,12,044,51,#,1.3,#,0.13
1210800010,1987,1210800,12,044,51,#,1.2,#,0.06
1210800012,1987,1210800,12,044,51,#,1.3,#,0.1
1210810002,1987,1210810,12,044,53,#,1.2,#,0.15
1210810004,1987,1210810,12,044,53,#,1.1,#,0.11
1210810006,1987,1210810,12,044,53,#,1.1,#,0.12
1210810008,1987,1210810,12,044,53,#,1.8,#,0.13
1210810010,1987,1210810,12,044,53,#,1.9,#,0.12
1210810012,1987,1210810,12,044,53,#,1.8,#,0.14
1210820001,1987,1210820,12,045,01,#,7,#,0.49
1210820002,1987,1210820,12,045,01,#,6.1,#,0.42
1210820003,1987,1210820,12,045,01,#,5.8,#,0.67
1210820004,1987,1210820,12,045,01,#,3.7,#,0.27
1210820005,1987,1210820,12,045,01,#,4,#,0.25
1210820006,1987,1210820,12,045,01,#,6.9,#,0.41
1210820007,1987,1210820,12,045,01,#,4,#,0.35
1210820008,1987,1210820,12,045,01,#,5.2,#,0.44
1210820009,1987,1210820,12,045,01,#,8.7,#,0.23
1210820010,1987,1210820,12,045,01,#,5.6,#,0.28
1210820011,1987,1210820,12,045,01,#,6.4,#,0.39
1210820012,1987,1210820,12,045,01,#,6.4,#,0.51
1210830001,1987,1210830,12,046,02,#,23,#,1.2
1210830002,1987,1210830,12,046,02,#,26,#,1.1
1210830003,1987,1210830,12,046,02,#,5.5,#,0.92
1210830004,1987,1210830,12,046,02,#,20,#,0.69
1210830005,1987,1210830,12,046,02,#,20,#,0.43
1210830006,1987,1210830,12,046,02,#,30,#,0.59
1210830007,1987,1210830,12,046,02,#,22,#,0.45
1210830008,1987,1210830,12,046,02,#,36,#,0.47
1210830009,1987,1210830,12,046,02,#,41,#,0.35
1210830010,1987,1210830,12,046,02,#,35,#,0.58
1210830011,1987,1210830,12,046,02,#,21,#,1.5
1210830012,1987,1210830,12,046,02,#,27,#,0.86
1210840001,1987,1210840,12,047,01,#,5.7,#,0.59
1210840002,1987,1210840,12,047,01,#,3.4,#,0.33
1210840003,1987,1210840,12,047,01,#,8.7,#,0.24
1210840004,1987,1210840,12,047,01,#,6,#,0.67
1210840005,1987,1210840,12,047,01,#,2.9,#,0.14
1210840006,1987,1210840,12,047,01,#,5,#,0.3
1210840007,1987,1210840,12,047,01,#,2.3,#,0.51
1210840008,1987,1210840,12,047,01,#,6.6,#,0.56
1210840009,1987,1210840,12,047,01,#,2.2,#,0.37
1210840010,1987,1210840,12,047,01,#,5.9,#,0.91
1210840011,1987,1210840,12,047,01,#,4.2,#,0.61
1210840012,1987,1210840,12,047,01,#,5,#,0.51
1210850001,1987,1210850,12,048,01,#,7.6,#,0.81
1210850002,1987,1210850,12,048,01,#,9,#,0.97
1210850003,1987,1210850,12,048,01,#,9.5,#,1.1
1210850004,1987,1210850,12,048,01,#,9.6,#,0.99
1210850005,1987,1210850,12,048,01,#,7.5,#,0.93
1210850006,1987,1210850,12,048,01,#,8.2,#,1
1210850007,1987,1210850,12,048,01,#,7.9,#,1.2
1210850008,1987,1210850,12,048,01,#,9.9,#,1.3
1210850009,1987,1210850,12,048,01,#,7.2,#,0.82
1210850010,1987,1210850,12,048,01,#,8.3,#,0.75
1210850011,1987,1210850,12,048,01,#,9.4,#,0.88
1210850012,1987,1210850,12,048,01,#,9.3,#,0.8
1210850013,1987,1210850,12,048,01,#,8.3,#,0.57
1210850014,1987,1210850,12,048,01,#,8.6,#,0.59
1210850015,1987,1210850,12,048,01,#,8,#,0.43
1210850016,1987,1210850,12,048,01,#,7.9,#,0.52
1210850017,1987,1210850,12,048,01,#,10,#,0.96
1210850018,1987,1210850,12,048,01,#,11,#,1
1210850019,1987,1210850,12,048,01,#,10,#,0.79
1210850020,1987,1210850,12,048,01,#,13,#,1
1210850021,1987,1210850,12,048,01,#,10,#,1
1210850022,1987,1210850,12,048,01,#,13,#,1.2
1210850023,1987,1210850,12,048,01,#,18,#,1.3
1210850024,1987,1210850,12,048,01,#,14,#,1
1210860001,1987,1210860,12,049,01,#,3.8,#,0.13
1210860002,1987,1210860,12,049,01,#,2.2,#,0.14
1210860003,1987,1210860,12,049,01,#,2.4,#,0.13
1210860004,1987,1210860,12,049,01,#,3.2,#,0.13
1210860005,1987,1210860,12,049,01,#,2.7,#,0.1
1210860006,1987,1210860,12,049,01,#,3.4,#,0.14
1210860007,1987,1210860,12,049,01,#,3.4,#,0.16
1210860008,1987,1210860,12,049,01,#,3.9,#,0.07
1210860009,1987,1210860,12,049,01,#,3.3,#,0.12
1210860010,1987,1210860,12,049,01,#,4,#,0.1
1210860011,1987,1210860,12,049,01,#,4.8,#,0.17
1210860012,1987,1210860,12,049,01,#,4.3,#,0.14
1210870001,1987,1210870,12,050,01,#,3.2,#,0.16
1210870002,1987,1210870,12,050,01,#,3.5,#,0.35
1210870003,1987,1210870,12,050,01,#,2.3,#,0.17
1210870004,1987,1210870,12,050,01,#,2.2,#,0.18
1210870005,1987,1210870,12,050,01,#,2.3,#,0.22
1210870006,1987,1210870,12,050,01,#,2,#,0.2
1210870007,1987,1210870,12,050,01,#,2.3,#,0.33
1210870008,1987,1210870,12,050,01,#,2.4,#,0.23
1210870009,1987,1210870,12,050,01,#,1.6,#,0.24
1210870010,1987,1210870,12,050,01,#,2.2,#,0.15
1210870011,1987,1210870,12,050,01,#,2.7,#,0.18
1210870012,1987,1210870,12,050,01,#,2.6,#,0.18
1210870013,1987,1210870,12,050,01,#,2.5,#,0.15
1210870014,1987,1210870,12,050,01,#,3.1,#,0.14
1210870015,1987,1210870,12,050,01,#,3.3,#,0.12
1210870016,1987,1210870,12,050,01,#,3.2,#,0.11
1210870017,1987,1210870,12,050,01,#,3.1,#,0.12
1210870018,1987,1210870,12,050,01,#,2.7,#,0.11
1210870019,1987,1210870,12,050,01,#,4,#,0.32
1210870020,1987,1210870,12,050,01,#,2.8,#,0.24
1210870021,1987,1210870,12,050,01,#,3.6,#,0.33
1210870022,1987,1210870,12,050,01,#,3.7,#,0.35
1210870023,1987,1210870,12,050,01,#,3.5,#,0.3
1210870024,1987,1210870,12,050,01,#,2.8,#,0.11
1210880001,1987,1210880,12,051,01,#,3.7,#,0.2
1210880002,1987,1210880,12,051,01,#,1.8,#,0.24
1210880003,1987,1210880,12,051,01,#,2.5,#,0.16
1210880004,1987,1210880,12,051,01,#,2.2,#,0.21
1210880005,1987,1210880,12,051,01,#,2.1,#,0.16
1210880006,1987,1210880,12,051,01,#,1.8,#,0.18
1210880007,1987,1210880,12,051,01,#,2.9,#,0.21
1210880008,1987,1210880,12,051,01,#,2.5,#,0.21
1210880009,1987,1210880,12,051,01,#,2.4,#,0.19
1210880010,1987,1210880,12,051,01,#,2.6,#,0.21
1210880011,1987,1210880,12,051,01,#,1.7,#,0.12
1210880012,1987,1210880,12,051,01,#,3.4,#,0.31
1210880013,1987,1210880,12,051,01,#,3.8,#,0.37
1210880014,1987,1210880,12,051,01,#,3.3,#,0.21
1210880015,1987,1210880,12,051,01,#,3.4,#,0.18
1210880016,1987,1210880,12,051,01,#,3.3,#,0.21
1210880017,1987,1210880,12,051,01,#,3.1,#,0.12
1210880018,1987,1210880,12,051,01,#,3.2,#,0.12
1210880019,1987,1210880,12,051,01,#,5.6,#,0.44
1210880020,1987,1210880,12,051,01,#,5.9,#,0.34
1210880021,1987,1210880,12,051,01,#,6.1,#,0.44
1210880022,1987,1210880,12,051,01,#,6,#,0.45
1210880023,1987,1210880,12,051,01,#,5.6,#,0.52
1210880024,1987,1210880,12,051,01,#,2.8,#,0.13
1210890001,1987,1210890,12,052,01,#,7.9,#,0.29
1210890002,1987,1210890,12,052,01,#,3.6,#,0.29
1210890003,1987,1210890,12,052,01,#,3.9,#,0.39
1210890004,1987,1210890,12,052,01,#,4.1,#,0.42
1210890005,1987,1210890,12,052,01,#,4.2,#,0.42
1210890006,1987,1210890,12,052,01,#,3.8,#,0.25
1210890007,1987,1210890,12,052,01,#,4.3,#,0.24
1210890008,1987,1210890,12,052,01,#,5.1,#,0.46
1210890009,1987,1210890,12,052,01,#,5.8,#,0.5
1210890010,1987,1210890,12,052,01,#,7.5,#,0.76
1210890011,1987,1210890,12,052,01,#,8.9,#,1
1210890012,1987,1210890,12,052,01,#,7.8,#,0.83
1210910001,1987,1210910,12,053,01,#,10,#,0.55
1210910002,1987,1210910,12,053,01,#,10,#,1.6
1210910003,1987,1210910,12,053,01,#,4.4,#,0.5
1210910004,1987,1210910,12,053,01,#,4,#,0.55
1210910005,1987,1210910,12,053,01,#,4,#,0.52
1210910006,1987,1210910,12,053,01,#,3.5,#,0.61
1210910007,1987,1210910,12,053,01,#,6.2,#,1.3
1210910008,1987,1210910,12,053,01,#,5.1,#,0.89
1210910009,1987,1210910,12,053,01,#,4.8,#,0.66
1210910010,1987,1210910,12,053,01,#,4.5,#,0.48
1210910011,1987,1210910,12,053,01,#,5.5,#,0.7
1210910012,1987,1210910,12,053,01,#,5.6,#,0.87
1210910013,1987,1210910,12,053,01,#,5.8,#,1
1210910014,1987,1210910,12,053,01,#,5.9,#,0.87
1210910015,1987,1210910,12,053,01,#,4.9,#,0.79
1210910016,1987,1210910,12,053,01,#,6.6,#,0.85
1210910017,1987,1210910,12,053,01,#,7.1,#,0.72
1210910018,1987,1210910,12,053,01,#,6.9,#,0.53
1210910019,1987,1210910,12,053,01,#,10,#,1.2
1210910020,1987,1210910,12,053,01,#,9.4,#,1.2
1210910021,1987,1210910,12,053,01,#,9.6,#,0.99
1210910022,1987,1210910,12,053,01,#,11,#,1.1
1210910023,1987,1210910,12,053,01,#,10,#,1
1210910024,1987,1210910,12,053,01,#,5.6,#,0.42
1210940001,1987,1210940,12,054,01,#,9.7,#,1.5
1210940002,1987,1210940,12,054,01,#,9.9,#,1.9
1210940003,1987,1210940,12,054,01,#,9.3,#,1.5
1210940004,1987,1210940,12,054,01,#,7.7,#,1.8
1210940005,1987,1210940,12,054,01,#,8.4,#,1.8
1210940006,1987,1210940,12,054,01,#,6.9,#,2
1210940007,1987,1210940,12,054,01,#,8.4,#,1.8
1210940008,1987,1210940,12,054,01,#,8.4,#,2
1210940009,1987,1210940,12,054,01,#,8.5,#,2.1
1210940010,1987,1210940,12,054,01,#,8.8,#,1.8
1210940011,1987,1210940,12,054,01,#,8.1,#,2.2
1210940012,1987,1210940,12,054,01,#,6.9,#,1
1210940013,1987,1210940,12,054,01,#,6.6,#,1.5
1210940014,1987,1210940,12,054,01,#,6.8,#,1
1210940015,1987,1210940,12,054,01,#,7.4,#,0.86
1210940016,1987,1210940,12,054,01,#,8.1,#,1.3
1210940017,1987,1210940,12,054,01,#,14,#,1.2
1210940018,1987,1210940,12,054,01,#,9.4,#,1.1
1210940019,1987,1210940,12,054,01,#,10,#,1.3
1210940020,1987,1210940,12,054,01,#,12,#,1.4
1210940021,1987,1210940,12,054,01,#,11,#,1.7
1210940022,1987,1210940,12,054,01,#,11,#,2.2
1210940023,1987,1210940,12,054,01,#,12,#,1.9
1210940024,1987,1210940,12,054,01,#,12,#,1.9
1210950001,1987,1210950,12,055,01,#,14,#,1.3
1210950002,1987,1210950,12,055,01,#,13,#,1.4
1210950003,1987,1210950,12,055,01,#,8.8,#,1.1
1210950004,1987,1210950,12,055,01,#,7,#,0.84
1210950005,1987,1210950,12,055,01,#,7.7,#,1.1
1210950006,1987,1210950,12,055,01,#,6.9,#,0.84
1210950007,1987,1210950,12,055,01,#,6.6,#,1.1
1210950008,1987,1210950,12,055,01,#,5.7,#,0.92
1210950009,1987,1210950,12,055,01,#,7.5,#,1.1
1210950010,1987,1210950,12,055,01,#,6.2,#,0.37
1210950011,1987,1210950,12,055,01,#,7.3,#,1.2
1210950012,1987,1210950,12,055,01,#,7.3,#,1
1210950013,1987,1210950,12,055,01,#,6.4,#,0.52
1210950014,1987,1210950,12,055,01,#,9,#,0.68
1210950015,1987,1210950,12,055,01,#,7.2,#,0.67
1210950016,1987,1210950,12,055,01,#,7.4,#,0.9
1210950017,1987,1210950,12,055,01,#,7.1,#,0.66
1210950018,1987,1210950,12,055,01,#,8.1,#,0.61
1210950019,1987,1210950,12,055,01,#,8.6,#,0.64
1210950020,1987,1210950,12,055,01,#,9.7,#,1.1
1210950021,1987,1210950,12,055,01,#,10,#,1.2
1210950022,1987,1210950,12,055,01,#,12,#,1.1
1210950023,1987,1210950,12,055,01,#,11,#,1.2
1210950024,1987,1210950,12,055,01,#,7.9,#,0.47
1210960001,1987,1210960,12,056,01,#,5.5,#,0.27
1210960002,1987,1210960,12,056,01,#,7.7,#,0.3
1210960003,1987,1210960,12,056,01,#,3.2,#,0.25
1210960004,1987,1210960,12,056,01,#,4.4,#,0.19
1210960005,1987,1210960,12,056,01,#,3,#,0.16
1210960006,1987,1210960,12,056,01,#,3.7,#,0.27
1210960007,1987,1210960,12,056,01,#,4.7,#,0.2
1210960008,1987,1210960,12,056,01,#,4.9,#,0.17
1210960009,1987,1210960,12,056,01,#,4.4,#,0.16
1210960010,1987,1210960,12,056,01,#,4.8,#,0.18
1210960011,1987,1210960,12,056,01,#,5.7,#,0.28
1210960012,1987,1210960,12,056,01,#,9.2,#,0.31
1210970001,1987,1210970,12,201,01,#,17,#,1.2
1210970002,1987,1210970,12,201,01,#,10,#,1.2
1210970003,1987,1210970,12,201,01,#,10,#,1.5
1210970004,1987,1210970,12,201,01,#,9,#,1
1210970005,1987,1210970,12,201,01,#,9.7,#,1.2
1210970006,1987,1210970,12,201,01,#,8.8,#,1.2
1210970007,1987,1210970,12,201,01,#,8.5,#,0.74
1210970008,1987,1210970,12,201,01,#,9.3,#,1
1210970009,1987,1210970,12,201,01,#,15,#,2.1
1210970010,1987,1210970,12,201,01,#,23,#,1.5
1210970011,1987,1210970,12,201,01,#,16,#,1.6
1210980001,1987,1210980,12,057,01,#,2.8,#,0.05
1210980002,1987,1210980,12,057,01,#,2.6,#,0.23
1210980003,1987,1210980,12,057,01,#,1.5,#,0.14
1210980004,1987,1210980,12,057,01,#,1.6,#,0.08
1210980005,1987,1210980,12,057,01,#,1.1,#,0.09
1210980006,1987,1210980,12,057,01,#,1.8,#,0.04
1210980007,1987,1210980,12,057,01,#,2.5,#,0.08
1210980008,1987,1210980,12,057,01,#,2.2,#,0.03
1210980009,1987,1210980,12,057,01,#,2.4,#,0.03
1210980010,1987,1210980,12,057,01,#,2.5,#,0.03
1210980011,1987,1210980,12,057,01,#,3.4,#,0.03
1210980012,1987,1210980,12,057,01,#,3,#,0.04
1210990001,1987,1210990,12,203,01,#,3.5,#,0.25
1210990002,1987,1210990,12,203,01,#,3,#,0.24
1210990003,1987,1210990,12,203,01,#,2.1,#,0.16
1210990004,1987,1210990,12,203,01,#,2.9,#,0.23
1210990005,1987,1210990,12,203,01,#,1.4,#,0.14
1210990006,1987,1210990,12,203,01,#,2.3,#,0.26
1210990007,1987,1210990,12,203,01,#,2.6,#,0.18
1210990008,1987,1210990,12,203,01,#,2.8,#,0.26
1210990009,1987,1210990,12,203,01,#,3.5,#,0.26
1210990010,1987,1210990,12,203,01,#,3.8,#,0.31
1210990011,1987,1210990,12,203,01,#,4.7,#,0.37
1210990012,1987,1210990,12,203,01,#,5.1,#,0.47
1211000001,1987,1211000,12,058,01,#,2.4,#,0.18
1211000002,1987,1211000,12,058,01,#,1,#,0.07
1211000003,1987,1211000,12,058,01,#,1.3,#,0.13
1211000004,1987,1211000,12,058,01,#,2.1,#,0.3
1211000005,1987,1211000,12,058,01,#,1,#,0.07
1211000006,1987,1211000,12,058,01,#,1.1,#,0.05
1211000007,1987,1211000,12,058,01,#,1.2,#,0.07
1211000008,1987,1211000,12,058,01,#,1.7,#,0.03
1211000009,1987,1211000,12,058,01,#,1.4,#,0.04
1211000010,1987,1211000,12,058,01,#,1.8,#,0.1
1211000011,1987,1211000,12,058,01,#,1.8,#,0.1
1211000012,1987,1211000,12,058,01,#,2.1,#,0.22
1211010001,1987,1211010,12,205,01,#,2.9,#,0.14
1211010002,1987,1211010,12,205,01,#,1.5,#,0.11
1211010003,1987,1211010,12,205,01,#,2.1,#,0.11
1211010004,1987,1211010,12,205,01,#,1.8,#,0.1
1211010005,1987,1211010,12,205,01,#,1.5,#,0.08
1211010006,1987,1211010,12,205,01,#,2.6,#,0.1
1211010007,1987,1211010,12,205,01,#,1.7,#,0.08
1211010008,1987,1211010,12,205,01,#,3.1,#,0.09
1211010009,1987,1211010,12,205,01,#,1.5,#,0.14
1211010010,1987,1211010,12,205,01,#,3.7,#,0.13
1211010011,1987,1211010,12,205,01,#,3.3,#,0.13
1211010012,1987,1211010,12,205,01,#,4.5,#,0.22
1211020002,1987,1211020,12,206,01,#,1.2,#,0.11
1211020004,1987,1211020,12,206,01,#,1.5,#,0.08
1211020006,1987,1211020,12,206,01,#,2,#,0.06
1211020008,1987,1211020,12,206,01,#,2.4,#,0.09
1211020010,1987,1211020,12,206,01,#,2.2,#,0.05
1211020012,1987,1211020,12,206,01,#,2.9,#,0.08
1211030002,1987,1211030,12,207,01,#,0.96,#,0.17
1211030004,1987,1211030,12,207,01,#,1.3,#,0.15
1211030006,1987,1211030,12,207,01,#,1,#,0.14
1211030008,1987,1211030,12,207,01,#,2.3,#,0.12
1211030010,1987,1211030,12,207,01,#,2,#,0.05
1211030012,1987,1211030,12,207,01,#,2.2,#,0.07
1211040002,1987,1211040,12,208,01,#,13,#,0.28
1211040004,1987,1211040,12,208,01,#,12,#,0.08
1211040006,1987,1211040,12,208,01,#,11,#,0.08
1211040008,1987,1211040,12,208,01,#,17,#,0.05
1211040010,1987,1211040,12,208,01,#,18,#,0.06
1211040012,1987,1211040,12,208,01,#,18,#,0.05
1211050002,1987,1211050,12,209,01,#,13,#,0.13
1211050004,1987,1211050,12,209,01,#,9.8,#,0.07
1211050006,1987,1211050,12,209,01,#,9.6,#,0.06
1211050008,1987,1211050,12,209,01,#,14,#,0.04
1211050010,1987,1211050,12,209,01,#,15,#,0.03
1211050012,1987,1211050,12,209,01,#,16,#,0.03
1211060002,1987,1211060,12,210,01,#,1.5,#,0.27
1211060004,1987,1211060,12,210,01,#,1.9,#,0.24
1211060006,1987,1211060,12,210,01,#,1.2,#,0.37
1211060008,1987,1211060,12,210,01,#,1.7,#,0.17
1211060010,1987,1211060,12,210,01,#,2.9,#,0.16
1211060012,1987,1211060,12,210,01,#,1.9,#,0.15
1211070002,1987,1211070,12,211,01,#,1.9,#,0.61
1211070004,1987,1211070,12,211,01,#,1.5,#,0.2
1211070006,1987,1211070,12,211,01,#,0.67,#,0.14
1211070008,1987,1211070,12,211,01,#,1.4,#,0.07
1211070010,1987,1211070,12,211,01,#,1.8,#,0.12
1211070012,1987,1211070,12,211,01,#,1.2,#,0.13
1211080002,1987,1211080,12,212,01,#,4.3,#,0.31
1211080004,1987,1211080,12,212,01,#,1.4,#,0.5
1211080006,1987,1211080,12,212,01,#,1.4,#,0.37
1211080008,1987,1211080,12,212,01,#,3.5,#,0.28
1211080010,1987,1211080,12,212,01,#,1.6,#,0.19
1211080012,1987,1211080,12,212,01,#,6.9,#,0.98
1211090002,1987,1211090,12,213,01,#,2.1,#,0.25
1211090004,1987,1211090,12,213,01,#,2.3,#,0.16
1211090006,1987,1211090,12,213,01,#,2.7,#,0.12
1211090008,1987,1211090,12,213,01,#,3,#,0.11
1211090010,1987,1211090,12,213,01,#,3,#,0.12
1211090012,1987,1211090,12,213,01,#,3.6,#,0.17
1211100001,1987,1211100,12,213,02,#,4.2,#,0.41
1211100002,1987,1211100,12,213,02,#,5.5,#,0.8
1211100003,1987,1211100,12,213,02,#,5.7,#,0.65
1211100004,1987,1211100,12,213,02,#,5.1,#,0.78
1211100005,1987,1211100,12,213,02,#,4.5,#,0.55
1211100006,1987,1211100,12,213,02,#,3.7,#,0.33
1211100007,1987,1211100,12,213,02,#,3.2,#,0.2
1211100008,1987,1211100,12,213,02,#,4.2,#,0.31
1211100009,1987,1211100,12,213,02,#,4.9,#,0.31
1211100010,1987,1211100,12,213,02,#,5,#,0.39
1211100011,1987,1211100,12,213,02,#,5.1,#,0.35
1211100012,1987,1211100,12,213,02,#,6.4,#,0.58
1211110002,1987,1211110,12,049,51,#,2.1,#,0.11
1211110004,1987,1211110,12,049,51,#,2,#,0.05
1211110006,1987,1211110,12,049,51,#,2.9,#,0.1
1211110008,1987,1211110,12,049,51,#,3.5,#,0.04
1211110010,1987,1211110,12,049,51,#,3.7,#,0.05
1211110012,1987,1211110,12,049,51,#,3.5,#,0.07
1211120002,1987,1211120,12,059,01,#,4.2,#,0.18
1211120004,1987,1211120,12,059,01,#,5.4,#,0.22
1211120006,1987,1211120,12,059,01,#,5.6,#,0.16
1211120008,1987,1211120,12,059,01,#,5.8,#,0.16
1211120010,1987,1211120,12,059,01,#,6.7,#,0.2
1211120012,1987,1211120,12,059,01,#,7.3,#,0.23
1211130001,1987,1211130,12,215,01,#,14,#,1.3
1211130002,1987,1211130,12,215,01,#,8.5,#,0.9
1211130003,1987,1211130,12,215,01,#,11,#,1
1211130004,1987,1211130,12,215,01,#,8.9,#,0.69
1211130005,1987,1211130,12,215,01,#,10,#,0.83
1211130006,1987,1211130,12,215,01,#,8.6,#,1
1211130007,1987,1211130,12,215,01,#,9.9,#,0.82
1211130008,1987,1211130,12,215,01,#,1.7,#,0.32
1211130009,1987,1211130,12,215,01,#,14,#,1
1211130010,1987,1211130,12,215,01,#,17,#,1.4
1211130011,1987,1211130,12,215,01,#,16,#,1.4
1211130012,1987,1211130,12,215,01,#,17,#,1.5
1211160001,1987,1211160,12,216,01,#,5.8,#,0.22
1211160002,1987,1211160,12,216,01,#,4.1,#,0.26
1211160003,1987,1211160,12,216,01,#,3.7,#,0.24
1211160004,1987,1211160,12,216,01,#,4.4,#,0.14
1211160005,1987,1211160,12,216,01,#,3.2,#,0.15
1211160006,1987,1211160,12,216,01,#,4.8,#,0.26
1211160007,1987,1211160,12,216,01,#,5.8,#,0.13
1211160008,1987,1211160,12,216,01,#,6.1,#,0.09
1211160009,1987,1211160,12,216,01,#,5.7,#,0.13
1211160010,1987,1211160,12,216,01,#,5.8,#,0.13
1211160011,1987,1211160,12,216,01,#,7.8,#,0.23
1211160012,1987,1211160,12,216,01,#,7.6,#,0.28
1211170001,1987,1211170,12,060,01,#,14,#,1.7
1211170002,1987,1211170,12,060,01,#,16,#,1.9
1211170003,1987,1211170,12,060,01,#,10,#,1.6
1211170004,1987,1211170,12,060,01,#,14,#,1.7
1211170005,1987,1211170,12,060,01,#,13,#,1.4
1211170006,1987,1211170,12,060,01,#,7.7,#,1.2
1211170007,1987,1211170,12,060,01,#,8.3,#,1.1
1211170008,1987,1211170,12,060,01,#,11,#,1.5
1211170009,1987,1211170,12,060,01,#,12,#,1.6
1211170010,1987,1211170,12,060,01,#,8,#,1.1
1211170011,1987,1211170,12,060,01,#,8.6,#,1.4
1211170012,1987,1211170,12,060,01,#,9.5,#,0.75
1211170013,1987,1211170,12,060,01,#,6.5,#,0.78
1211170014,1987,1211170,12,060,01,#,4.8,#,1.1
1211170015,1987,1211170,12,060,01,#,3.6,#,0.82
1211170016,1987,1211170,12,060,01,#,9.3,#,1
1211170017,1987,1211170,12,060,01,#,8.6,#,0.7
1211170018,1987,1211170,12,060,01,#,12,#,1.1
1211170019,1987,1211170,12,060,01,#,10,#,1
1211170020,1987,1211170,12,060,01,#,15,#,1.3
1211170021,1987,1211170,12,060,01,#,11,#,1.2
1211170022,1987,1211170,12,060,01,#,12,#,1.3
1211170023,1987,1211170,12,060,01,#,16,#,1.3
1211170024,1987,1211170,12,060,01,#,16,#,0.88
1211180001,1987,1211180,12,061,01,#,17,#,1.7
1211180002,1987,1211180,12,061,01,#,11,#,1.5
1211180003,1987,1211180,12,061,01,#,8.5,#,1.3
1211180004,1987,1211180,12,061,01,#,8.6,#,1
1211180005,1987,1211180,12,061,01,#,8.8,#,1.6
1211180006,1987,1211180,12,061,01,#,9.1,#,1.4
1211180007,1987,1211180,12,061,01,#,11,#,1.1
1211180008,1987,1211180,12,061,01,#,8.9,#,1.3
1211180009,1987,1211180,12,061,01,#,14,#,1.8
1211180010,1987,1211180,12,061,01,#,11,#,1.5
1211180011,1987,1211180,12,061,01,#,17,#,1.4
1211180012,1987,1211180,12,061,01,#,17,#,1.7
1220010001,1987,1220010,12,501,01,#,5.2,#,0.1
1220010002,1987,1220010,12,501,01,#,1.9,#,0.29
1220010003,1987,1220010,12,501,01,#,1.8,#,0.04
1220010004,1987,1220010,12,501,01,#,1.9,#,0.06
1220010005,1987,1220010,12,501,01,#,1.6,#,0.091
1220010006,1987,1220010,12,501,01,#,0.76,#,0.076
1220010007,1987,1220010,12,501,01,#,1.3,#,0.21
1220010008,1987,1220010,12,501,01,#,1.2,#,0.098
1220010009,1987,1220010,12,501,01,#,1.4,#,0.2
1220010010,1987,1220010,12,501,01,#,1.7,#,0.12
1220010011,1987,1220010,12,501,01,#,1.8,#,0.037
1220010012,1987,1220010,12,501,01,#,1.8,#,0.051
1220010013,1987,1220010,12,501,01,#,1.9,#,0.068
1220010014,1987,1220010,12,501,01,#,2.5,#,0.075
1220010015,1987,1220010,12,501,01,#,3,#,0.059
1220010016,1987,1220010,12,501,01,#,2.5,#,0.04
1220010017,1987,1220010,12,501,01,#,3,#,0.06
1220010018,1987,1220010,12,501,01,#,2.6,#,0.056
1220010019,1987,1220010,12,501,01,#,3.3,#,0.077
1220010020,1987,1220010,12,501,01,#,3.3,#,0.094
1220010021,1987,1220010,12,501,01,#,3.4,#,0.24
1220010022,1987,1220010,12,501,01,#,3,#,0.27
1220010023,1987,1220010,12,501,01,#,2.3,#,0.08
1220010024,1987,1220010,12,501,01,#,2.4,#,0.1
1220020001,1987,1220020,12,501,51,#,7.5,#,0.21
1220020002,1987,1220020,12,501,51,#,4.9,#,0.32
1220020003,1987,1220020,12,501,51,#,3.6,#,0.18
1220020004,1987,1220020,12,501,51,#,3.2,#,0.17
1220020005,1987,1220020,12,501,51,#,3.3,#,0.13
1220020006,1987,1220020,12,501,51,#,2.2,#,0.12
1220020007,1987,1220020,12,501,51,#,1.4,#,0.099
1220020008,1987,1220020,12,501,51,#,3.1,#,0.067
1220020009,1987,1220020,12,501,51,#,3.4,#,0.061
1220020010,1987,1220020,12,501,51,#,3.9,#,0.15
1220020011,1987,1220020,12,501,51,#,1.8,#,0.04
1220020012,1987,1220020,12,501,51,#,2.5,#,0.069
1220020013,1987,1220020,12,501,51,#,3.5,#,0.14
1220020014,1987,1220020,12,501,51,#,3.3,#,0.13
1220020015,1987,1220020,12,501,51,#,3.4,#,0.073
1220020016,1987,1220020,12,501,51,#,3.5,#,0.091
1220020017,1987,1220020,12,501,51,#,4.5,#,0.24
1220020018,1987,1220020,12,501,51,#,3.2,#,0.16
1220020019,1987,1220020,12,501,51,#,4.8,#,0.36
1220020020,1987,1220020,12,501,51,#,5.4,#,0.3
1220020021,1987,1220020,12,501,51,#,6.9,#,0.48
1220020022,1987,1220020,12,501,51,#,7.4,#,0.7
1220020023,1987,1220020,12,501,51,#,6.2,#,0.4
1220020024,1987,1220020,12,501,51,#,2.9,#,0.15
1220030001,1987,1220030,12,501,52,#,2.4,#,0.079
1220030002,1987,1220030,12,501,52,#,1.2,#,0.12
1220030003,1987,1220030,12,501,52,#,1.6,#,0.038
1220030004,1987,1220030,12,501,52,#,1.4,#,0.038
1220030005,1987,1220030,12,501,52,#,0.97,#,0.046
1220030006,1987,1220030,12,501,52,#,1.4,#,0.062
1220030007,1987,1220030,12,501,52,#,1.1,#,0.096
1220030008,1987,1220030,12,501,52,#,1.8,#,0.086
1220030009,1987,1220030,12,501,52,#,1.7,#,0.098
1220030010,1987,1220030,12,501,52,#,1.3,#,0.099
1220030011,1987,1220030,12,501,52,#,2.1,#,0.075
1220030012,1987,1220030,12,501,52,#,1.4,#,0.057
1220030013,1987,1220030,12,501,52,#,1.7,#,0.052
1220030014,1987,1220030,12,501,52,#,2.3,#,0.11
1220030015,1987,1220030,12,501,52,#,1.8,#,0.059
1220030016,1987,1220030,12,501,52,#,2.2,#,0.036
1220030017,1987,1220030,12,501,52,#,3.3,#,0.056
1220030018,1987,1220030,12,501,52,#,2.7,#,0.07
1220030019,1987,1220030,12,501,52,#,2.2,#,0.057
1220030020,1987,1220030,12,501,52,#,2.3,#,0.093
1220030021,1987,1220030,12,501,52,#,3.3,#,0.17
1220030022,1987,1220030,12,501,52,#,3.1,#,0.3
1220030023,1987,1220030,12,501,52,#,2.4,#,0.095
1220030024,1987,1220030,12,501,52,#,2.3,#,0.093
1220040001,1987,1220040,12,501,53,#,0.92,#,0.038
1220040002,1987,1220040,12,501,53,#,0.83,#,0.086
1220040003,1987,1220040,12,501,53,#,1,#,0.054
1220040004,1987,1220040,12,501,53,#,0.84,#,0.037
1220040005,1987,1220040,12,501,53,#,0.86,#,0.033
1220040006,1987,1220040,12,501,53,#,0.68,#,0.035
1220040007,1987,1220040,12,501,53,#,0.57,#,0.028
1220040008,1987,1220040,12,501,53,#,0.54,#,0.029
1220040009,1987,1220040,12,501,53,#,0.74,#,0.02
1220040010,1987,1220040,12,501,53,#,0.56,#,0.056
1220040011,1987,1220040,12,501,53,#,1.3,#,0.037
1220040012,1987,1220040,12,501,53,#,1.1,#,0.052
1220040013,1987,1220040,12,501,53,#,1.2,#,0.051
1220040014,1987,1220040,12,501,53,#,1.3,#,0.045
1220040015,1987,1220040,12,501,53,#,1.4,#,0.05
1220040016,1987,1220040,12,501,53,#,1.3,#,0.029
1220040017,1987,1220040,12,501,53,#,1.1,#,0.04
1220040018,1987,1220040,12,501,53,#,2,#,0.054
1220040019,1987,1220040,12,501,53,#,1,#,0.032
1220040020,1987,1220040,12,501,53,#,0.8,#,0.025
1220040021,1987,1220040,12,501,53,#,1,#,0.069
1220040022,1987,1220040,12,501,53,#,0.88,#,0.11
1220040023,1987,1220040,12,501,53,#,0.57,#,0.015
1220040024,1987,1220040,12,501,53,#,1.3,#,0.055
1220050001,1987,1220050,12,502,01,#,6,#,0.56
1220050002,1987,1220050,12,502,01,#,4.9,#,0.75
1220050003,1987,1220050,12,502,01,#,4.4,#,0.58
1220050004,1987,1220050,12,502,01,#,3.9,#,0.45
1220050005,1987,1220050,12,502,01,#,3.9,#,0.46
1220050006,1987,1220050,12,502,01,#,3.7,#,0.42
1220050007,1987,1220050,12,502,01,#,3.6,#,0.45
1220050008,1987,1220050,12,502,01,#,3.8,#,0.51
1220050009,1987,1220050,12,502,01,#,3.4,#,0.74
1220050010,1987,1220050,12,502,01,#,3.7,#,0.79
1220050011,1987,1220050,12,502,01,#,4.3,#,1
1220050012,1987,1220050,12,502,01,#,2.6,#,0.38
1220050013,1987,1220050,12,502,01,#,3.6,#,0.27
1220050014,1987,1220050,12,502,01,#,4.3,#,0.42
1220050015,1987,1220050,12,502,01,#,4,#,0.34
1220050016,1987,1220050,12,502,01,#,3.7,#,0.3
1220050017,1987,1220050,12,502,01,#,5.3,#,0.6
1220050018,1987,1220050,12,502,01,#,5.8,#,0.53
1220050019,1987,1220050,12,502,01,#,5.2,#,0.38
1220050020,1987,1220050,12,502,01,#,6.2,#,0.44
1220050021,1987,1220050,12,502,01,#,6.8,#,0.51
1220050022,1987,1220050,12,502,01,#,8.7,#,0.74
1220050023,1987,1220050,12,502,01,#,6.6,#,0.77
1220050024,1987,1220050,12,502,01,#,5.7,#,0.32
1220060001,1987,1220060,12,502,51,#,8.6,#,0.94
1220060002,1987,1220060,12,502,51,#,6,#,1.2
1220060003,1987,1220060,12,502,51,#,7.2,#,0.78
1220060004,1987,1220060,12,502,51,#,6.5,#,0.76
1220060005,1987,1220060,12,502,51,#,5.9,#,0.84
1220060006,1987,1220060,12,502,51,#,6.1,#,0.82
1220060007,1987,1220060,12,502,51,#,5,#,0.62
1220060008,1987,1220060,12,502,51,#,6.1,#,0.87
1220060009,1987,1220060,12,502,51,#,7.2,#,1
1220060010,1987,1220060,12,502,51,#,5.2,#,0.72
1220060011,1987,1220060,12,502,51,#,5.1,#,1
1220060012,1987,1220060,12,502,51,#,5,#,0.54
1220060013,1987,1220060,12,502,51,#,6.1,#,0.56
1220060014,1987,1220060,12,502,51,#,5.4,#,0.36
1220060015,1987,1220060,12,502,51,#,5.6,#,0.46
1220060016,1987,1220060,12,502,51,#,6.4,#,0.66
1220060017,1987,1220060,12,502,51,#,7.6,#,0.98
1220060018,1987,1220060,12,502,51,#,5.8,#,0.66
1220060019,1987,1220060,12,502,51,#,8.7,#,0.95
1220060020,1987,1220060,12,502,51,#,9.2,#,0.96
1220060021,1987,1220060,12,502,51,#,10,#,1.2
1220060022,1987,1220060,12,502,51,#,11,#,1.3
1220060023,1987,1220060,12,502,51,#,9.1,#,1.4
1220060024,1987,1220060,12,502,51,#,5.4,#,0.38
1220070001,1987,1220070,12,502,52,#,3.8,#,0.3
1220070002,1987,1220070,12,502,52,#,3.1,#,0.29
1220070003,1987,1220070,12,502,52,#,2.7,#,0.19
1220070004,1987,1220070,12,502,52,#,2,#,0.24
1220070005,1987,1220070,12,502,52,#,2.1,#,0.17
1220070006,1987,1220070,12,502,52,#,1.9,#,0.13
1220070007,1987,1220070,12,502,52,#,3.2,#,0.25
1220070008,1987,1220070,12,502,52,#,2.5,#,0.18
1220070009,1987,1220070,12,502,52,#,1.3,#,0.14
1220070010,1987,1220070,12,502,52,#,3.3,#,0.64
1220070011,1987,1220070,12,502,52,#,2.1,#,0.29
1220070012,1987,1220070,12,502,52,#,2,#,0.15
1220070013,1987,1220070,12,502,52,#,2.6,#,0.2
1220070014,1987,1220070,12,502,52,#,3,#,0.25
1220070015,1987,1220070,12,502,52,#,2.9,#,0.31
1220070016,1987,1220070,12,502,52,#,3.3,#,0.22
1220070017,1987,1220070,12,502,52,#,3.3,#,0.24
1220070018,1987,1220070,12,502,52,#,3.2,#,0.46
1220070019,1987,1220070,12,502,52,#,4.3,#,0.26
1220070020,1987,1220070,12,502,52,#,4.5,#,0.36
1220070021,1987,1220070,12,502,52,#,5.5,#,0.39
1220070022,1987,1220070,12,502,52,#,4.6,#,0.44
1220070023,1987,1220070,12,502,52,#,6.2,#,0.47
1220070024,1987,1220070,12,502,52,#,6.4,#,0.62
1220080001,1987,1220080,12,502,53,#,4,#,0.15
1220080002,1987,1220080,12,502,53,#,2.6,#,0.3
1220080003,1987,1220080,12,502,53,#,2.6,#,0.28
1220080004,1987,1220080,12,502,53,#,1.8,#,0.24
1220080005,1987,1220080,12,502,53,#,1.7,#,0.3
1220080006,1987,1220080,12,502,53,#,1.5,#,0.26
1220080007,1987,1220080,12,502,53,#,1.8,#,0.27
1220080008,1987,1220080,12,502,53,#,1.6,#,0.26
1220080009,1987,1220080,12,502,53,#,1.7,#,0.3
1220080010,1987,1220080,12,502,53,#,1.9,#,0.33
1220080011,1987,1220080,12,502,53,#,1.5,#,0.38
1220080012,1987,1220080,12,502,53,#,3,#,0.2
1220080013,1987,1220080,12,502,53,#,3.8,#,0.16
1220080014,1987,1220080,12,502,53,#,3.6,#,0.18
1220080015,1987,1220080,12,502,53,#,3.8,#,0.16
1220080016,1987,1220080,12,502,53,#,3.8,#,0.11
1220080017,1987,1220080,12,502,53,#,3.8,#,0.12
1220080018,1987,1220080,12,502,53,#,4,#,0.18
1220080019,1987,1220080,12,502,53,#,4.9,#,0.21
1220080020,1987,1220080,12,502,53,#,5.1,#,0.31
1220080021,1987,1220080,12,502,53,#,7.4,#,0.4
1220080022,1987,1220080,12,502,53,#,6.8,#,0.44
1220080023,1987,1220080,12,502,53,#,5,#,0.34
1220080024,1987,1220080,12,502,53,#,3.8,#,0.19
1230010001,1987,1230010,12,601,01,#,1.4,#,0.1
1230010003,1987,1230010,12,601,01,#,1.2,#,0.1
1230010004,1987,1230010,12,601,01,#,2.1,#,0.13
1230010005,1987,1230010,12,601,01,#,1.8,#,0.14
1230010007,1987,1230010,12,601,01,#,2,#,0.14
1230010008,1987,1230010,12,601,01,#,1.9,#,0.14
1230010010,1987,1230010,12,601,01,#,1.3,#,0.082
1230010011,1987,1230010,12,601,01,#,0.98,#,0.085
1230010013,1987,1230010,12,601,01,#,1.1,#,0.18
1230010014,1987,1230010,12,601,01,#,1.1,#,0.19
1230010016,1987,1230010,12,601,01,#,1.8,#,0.17
1230010017,1987,1230010,12,601,01,#,1.4,#,0.13
1230010019,1987,1230010,12,601,01,#,1.3,#,0.096
1230010020,1987,1230010,12,601,01,#,1.1,#,0.092
1230010022,1987,1230010,12,601,01,#,1.2,#,0.093
1230010023,1987,1230010,12,601,01,#,1.2,#,0.091
1230010025,1987,1230010,12,601,01,#,0.91,#,0.076
1230010026,1987,1230010,12,601,01,#,1,#,0.081
1230010028,1987,1230010,12,601,01,#,1.1,#,0.087
1230010029,1987,1230010,12,601,01,#,1.2,#,0.086
1230010031,1987,1230010,12,601,01,#,1.2,#,0.072
1230010032,1987,1230010,12,601,01,#,1.2,#,0.076
1230010034,1987,1230010,12,601,01,#,1.5,#,0.072
1230010035,1987,1230010,12,601,01,#,1.4,#,0.067
1230020001,1987,1230020,12,601,02,#,1.2,#,0.097
1230020002,1987,1230020,12,601,02,#,1.1,#,0.098
1230020004,1987,1230020,12,601,02,#,1.8,#,0.12
1230020005,1987,1230020,12,601,02,#,1.8,#,0.11
1230020007,1987,1230020,12,601,02,#,2,#,0.19
1230020008,1987,1230020,12,601,02,#,2.2,#,0.17
1230020010,1987,1230020,12,601,02,#,0.88,#,0.081
1230020011,1987,1230020,12,601,02,#,0.9,#,0.083
1230020013,1987,1230020,12,601,02,#,1,#,0.15
1230020014,1987,1230020,12,601,02,#,0.92,#,0.12
1230020016,1987,1230020,12,601,02,#,1.8,#,0.16
1230020017,1987,1230020,12,601,02,#,1,#,0.11
1230020019,1987,1230020,12,601,02,#,1.7,#,0.1
1230020020,1987,1230020,12,601,02,#,1.2,#,0.096
1230020022,1987,1230020,12,601,02,#,1.6,#,0.097
1230020023,1987,1230020,12,601,02,#,1.2,#,0.086
1230020025,1987,1230020,12,601,02,#,1,#,0.071
1230020026,1987,1230020,12,601,02,#,0.95,#,0.069
1230020028,1987,1230020,12,601,02,#,1.3,#,0.083
1230020029,1987,1230020,12,601,02,#,1.1,#,0.077
1230020031,1987,1230020,12,601,02,#,1,#,0.055
1230020032,1987,1230020,12,601,02,#,1,#,0.059
1230020034,1987,1230020,12,601,02,#,1.3,#,0.064
1230020035,1987,1230020,12,601,02,#,1.2,#,0.059
1230030001,1987,1230030,12,601,03,#,1.2,#,0.079
1230030002,1987,1230030,12,601,03,#,0.93,#,0.062
1230030004,1987,1230030,12,601,03,#,1.2,#,0.077
1230030005,1987,1230030,12,601,03,#,0.88,#,0.045
1230030007,1987,1230030,12,601,03,#,1.6,#,0.12
1230030008,1987,1230030,12,601,03,#,1.1,#,0.092
1230030010,1987,1230030,12,601,03,#,0.89,#,0.1
1230030011,1987,1230030,12,601,03,#,0.7,#,0.09
1230030013,1987,1230030,12,601,03,#,1,#,0.098
1230030014,1987,1230030,12,601,03,#,0.75,#,0.098
1230030016,1987,1230030,12,601,03,#,0.98,#,0.1
1230030017,1987,1230030,12,601,03,#,0.69,#,0.085
1230030019,1987,1230030,12,601,03,#,0.95,#,0.089
1230030020,1987,1230030,12,601,03,#,0.94,#,0.082
1230030022,1987,1230030,12,601,03,#,1,#,0.084
1230030023,1987,1230030,12,601,03,#,0.63,#,0.069
1230030025,1987,1230030,12,601,03,#,0.85,#,0.067
1230030026,1987,1230030,12,601,03,#,0.8,#,0.067
1230030028,1987,1230030,12,601,03,#,1,#,0.065
1230030029,1987,1230030,12,601,03,#,1.1,#,0.063
1230030031,1987,1230030,12,601,03,#,1.2,#,0.051
1230030032,1987,1230030,12,601,03,#,1.1,#,0.06
1230030034,1987,1230030,12,601,03,#,1.1,#,0.062
1230030035,1987,1230030,12,601,03,#,1.1,#,0.065
1230040004,1987,1230040,12,601,51,#,1.1,#,0.03
1230040005,1987,1230040,12,601,51,#,1.3,#,0.04
1230040010,1987,1230040,12,601,51,#,0.52,#,0.02
1230040011,1987,1230040,12,601,51,#,0.63,#,0.06
1230040016,1987,1230040,12,601,51,#,1.8,#,0.05
1230040017,1987,1230040,12,601,51,#,0.64,#,0.07
1230040022,1987,1230040,12,601,51,#,1.7,#,0.05
1230040023,1987,1230040,12,601,51,#,0.66,#,0.07
1230040028,1987,1230040,12,601,51,#,0.84,#,0.06
1230040029,1987,1230040,12,601,51,#,0.99,#,0.05
1230040034,1987,1230040,12,601,51,#,0.94,#,0.03
1230040035,1987,1230040,12,601,51,#,0.82,#,0.02
1230050004,1987,1230050,12,601,52,#,1.2,#,0.03
1230050005,1987,1230050,12,601,52,#,0.99,#,0.02
1230050010,1987,1230050,12,601,52,#,2.3,#,0.09
1230050011,1987,1230050,12,601,52,#,0.85,#,0.11
1230050016,1987,1230050,12,601,52,#,3.1,#,0.05
1230050017,1987,1230050,12,601,52,#,0.56,#,0.07
1230050022,1987,1230050,12,601,52,#,1.9,#,0.09
1230050023,1987,1230050,12,601,52,#,0.87,#,0.07
1230050028,1987,1230050,12,601,52,#,1.7,#,0.07
1230050029,1987,1230050,12,601,52,#,1.1,#,0.06
1230050034,1987,1230050,12,601,52,#,1.6,#,0.05
1230050035,1987,1230050,12,601,52,#,0.8,#,0.08
1230060004,1987,1230060,12,601,53,#,6.3,#,0.16
1230060005,1987,1230060,12,601,53,#,1.2,#,0.03
1230060010,1987,1230060,12,601,53,#,2.2,#,0.17
1230060011,1987,1230060,12,601,53,#,0.79,#,0.13
1230060016,1987,1230060,12,601,53,#,2.1,#,0.17
1230060017,1987,1230060,12,601,53,#,0.57,#,0.09
1230060022,1987,1230060,12,601,53,#,1,#,0.09
1230060023,1987,1230060,12,601,53,#,0.82,#,0.08
1230060028,1987,1230060,12,601,53,#,0.89,#,0.07
1230060029,1987,1230060,12,601,53,#,1.2,#,0.07
1230060034,1987,1230060,12,601,53,#,0.76,#,0.05
1230060035,1987,1230060,12,601,53,#,0.76,#,0.04
1230150001,1987,1230150,12,602,01,#,1.2,#,0.099
1230150002,1987,1230150,12,602,01,#,1,#,0.091
1230150004,1987,1230150,12,602,01,#,1.5,#,0.11
1230150005,1987,1230150,12,602,01,#,1.5,#,0.13
1230150007,1987,1230150,12,602,01,#,1.8,#,0.14
1230150008,1987,1230150,12,602,01,#,1.9,#,0.11
1230150010,1987,1230150,12,602,01,#,0.91,#,0.09
1230150011,1987,1230150,12,602,01,#,0.63,#,0.085
1230150013,1987,1230150,12,602,01,#,1.4,#,0.2
1230150014,1987,1230150,12,602,01,#,0.89,#,0.14
1230150016,1987,1230150,12,602,01,#,2.1,#,0.21
1230150017,1987,1230150,12,602,01,#,1,#,0.12
1230150019,1987,1230150,12,602,01,#,1.2,#,0.098
1230150020,1987,1230150,12,602,01,#,1,#,0.083
1230150022,1987,1230150,12,602,01,#,1,#,0.082
1230150023,1987,1230150,12,602,01,#,1,#,0.084
1230150025,1987,1230150,12,602,01,#,0.95,#,0.073
1230150026,1987,1230150,12,602,01,#,0.97,#,0.073
1230150028,1987,1230150,12,602,01,#,1.2,#,0.088
1230150029,1987,1230150,12,602,01,#,1.2,#,0.084
1230150031,1987,1230150,12,602,01,#,1.2,#,0.061
1230150032,1987,1230150,12,602,01,#,1.1,#,0.064
1230150034,1987,1230150,12,602,01,#,1.2,#,0.064
1230150035,1987,1230150,12,602,01,#,1.1,#,0.06
1230160001,1987,1230160,12,602,02,#,1.2,#,0.058
1230160002,1987,1230160,12,602,02,#,0.82,#,0.059
1230160004,1987,1230160,12,602,02,#,1.6,#,0.091
1230160005,1987,1230160,12,602,02,#,1.4,#,0.075
1230160007,1987,1230160,12,602,02,#,1.4,#,0.097
1230160008,1987,1230160,12,602,02,#,1,#,0.088
1230160010,1987,1230160,12,602,02,#,0.86,#,0.088
1230160011,1987,1230160,12,602,02,#,0.71,#,0.079
1230160013,1987,1230160,12,602,02,#,1,#,0.1
1230160014,1987,1230160,12,602,02,#,0.74,#,0.1
1230160016,1987,1230160,12,602,02,#,1.5,#,0.14
1230160017,1987,1230160,12,602,02,#,0.64,#,0.081
1230160019,1987,1230160,12,602,02,#,1.4,#,0.11
1230160020,1987,1230160,12,602,02,#,0.93,#,0.07
1230160022,1987,1230160,12,602,02,#,1,#,0.084
1230160023,1987,1230160,12,602,02,#,0.96,#,0.078
1230160025,1987,1230160,12,602,02,#,0.82,#,0.065
1230160026,1987,1230160,12,602,02,#,0.81,#,0.065
1230160028,1987,1230160,12,602,02,#,1,#,0.065
1230160029,1987,1230160,12,602,02,#,1,#,0.07
1230160031,1987,1230160,12,602,02,#,1,#,0.052
1230160032,1987,1230160,12,602,02,#,1,#,0.047
1230160034,1987,1230160,12,602,02,#,1.1,#,0.058
1230160035,1987,1230160,12,602,02,#,1.1,#,0.065
1230170001,1987,1230170,12,602,03,#,1.3,#,0.1
1230170002,1987,1230170,12,602,03,#,0.81,#,0.058
1230170004,1987,1230170,12,602,03,#,1.3,#,0.07
1230170005,1987,1230170,12,602,03,#,1.2,#,0.066
1230170007,1987,1230170,12,602,03,#,1.5,#,0.091
1230170008,1987,1230170,12,602,03,#,0.97,#,0.067
1230170010,1987,1230170,12,602,03,#,1,#,0.11
1230170011,1987,1230170,12,602,03,#,0.69,#,0.095
1230170013,1987,1230170,12,602,03,#,1,#,0.09
1230170014,1987,1230170,12,602,03,#,0.84,#,0.093
1230170016,1987,1230170,12,602,03,#,1,#,0.1
1230170017,1987,1230170,12,602,03,#,0.6,#,0.077
1230170019,1987,1230170,12,602,03,#,0.67,#,0.091
1230170020,1987,1230170,12,602,03,#,0.69,#,0.075
1230170022,1987,1230170,12,602,03,#,1,#,0.084
1230170023,1987,1230170,12,602,03,#,0.75,#,0.068
1230170025,1987,1230170,12,602,03,#,0.85,#,0.066
1230170026,1987,1230170,12,602,03,#,0.73,#,0.07
1230170028,1987,1230170,12,602,03,#,1,#,0.065
1230170029,1987,1230170,12,602,03,#,1.1,#,0.062
1230170031,1987,1230170,12,602,03,#,1,#,0.058
1230170032,1987,1230170,12,602,03,#,1.2,#,0.058
1230170034,1987,1230170,12,602,03,#,1.5,#,0.068
1230170035,1987,1230170,12,602,03,#,1.1,#,0.073
1230200001,1987,1230200,12,603,01,#,0.99,#,0.066
1230200002,1987,1230200,12,603,01,#,0.99,#,0.055
1230200004,1987,1230200,12,603,01,#,0.81,#,0.042
1230200005,1987,1230200,12,603,01,#,0.83,#,0.041
1230200007,1987,1230200,12,603,01,#,1,#,0.097
1230200008,1987,1230200,12,603,01,#,0.95,#,0.069
1230200010,1987,1230200,12,603,01,#,0.96,#,0.11
1230200011,1987,1230200,12,603,01,#,0.72,#,0.11
1230200013,1987,1230200,12,603,01,#,0.81,#,0.1
1230200014,1987,1230200,12,603,01,#,0.8,#,0.095
1230200016,1987,1230200,12,603,01,#,0.84,#,0.1
1230200017,1987,1230200,12,603,01,#,0.74,#,0.1
1230200019,1987,1230200,12,603,01,#,0.76,#,0.081
1230200020,1987,1230200,12,603,01,#,0.74,#,0.077
1230200022,1987,1230200,12,603,01,#,0.78,#,0.078
1230200023,1987,1230200,12,603,01,#,0.79,#,0.063
1230200025,1987,1230200,12,603,01,#,0.75,#,0.077
1230200026,1987,1230200,12,603,01,#,0.69,#,0.069
1230200028,1987,1230200,12,603,01,#,0.84,#,0.061
1230200029,1987,1230200,12,603,01,#,0.9,#,0.058
1230200031,1987,1230200,12,603,01,#,0.95,#,0.053
1230200032,1987,1230200,12,603,01,#,0.9,#,0.049
1230200034,1987,1230200,12,603,01,#,0.9,#,0.07
1230200035,1987,1230200,12,603,01,#,0.85,#,0.056
1230220001,1987,1230220,12,604,01,#,1,#,0.053
1230220002,1987,1230220,12,604,01,#,0.96,#,0.047
1230220004,1987,1230220,12,604,01,#,1.1,#,0.048
1230220005,1987,1230220,12,604,01,#,1.1,#,0.045
1230220007,1987,1230220,12,604,01,#,1.4,#,0.083
1230220008,1987,1230220,12,604,01,#,0.97,#,0.058
1230220010,1987,1230220,12,604,01,#,0.88,#,0.08
1230220011,1987,1230220,12,604,01,#,0.63,#,0.073
1230220013,1987,1230220,12,604,01,#,0.99,#,0.1
1230220014,1987,1230220,12,604,01,#,0.71,#,0.11
1230220016,1987,1230220,12,604,01,#,0.93,#,0.1
1230220017,1987,1230220,12,604,01,#,0.66,#,0.1
1230220019,1987,1230220,12,604,01,#,0.94,#,0.082
1230220020,1987,1230220,12,604,01,#,0.83,#,0.078
1230220022,1987,1230220,12,604,01,#,1.2,#,0.071
1230220023,1987,1230220,12,604,01,#,0.97,#,0.065
1230220025,1987,1230220,12,604,01,#,0.87,#,0.063
1230220026,1987,1230220,12,604,01,#,0.89,#,0.062
1230220028,1987,1230220,12,604,01,#,1,#,0.071
1230220029,1987,1230220,12,604,01,#,1,#,0.057
1230220031,1987,1230220,12,604,01,#,1.1,#,0.055
1230220032,1987,1230220,12,604,01,#,1,#,0.057
1230220034,1987,1230220,12,604,01,#,0.9,#,0.075
1230220035,1987,1230220,12,604,01,#,0.89,#,0.054
1230240001,1987,1230240,12,605,01,#,1.3,#,0.17
1230240002,1987,1230240,12,605,01,#,0.8,#,0.12
1230240003,1987,1230240,12,605,01,#,3.3,#,0.34
1230240004,1987,1230240,12,605,01,#,1.1,#,0.17
1230240005,1987,1230240,12,605,01,#,1.2,#,0.12
1230240006,1987,1230240,12,605,01,#,0.84,#,0.1
1230240007,1987,1230240,12,605,01,#,1.7,#,0.23
1230240008,1987,1230240,12,605,01,#,0.81,#,0.16
1230240009,1987,1230240,12,605,01,#,1.8,#,0.23
1230240010,1987,1230240,12,605,01,#,0.95,#,0.12
1230240011,1987,1230240,12,605,01,#,1.3,#,0.14
1230240012,1987,1230240,12,605,01,#,0.62,#,0.15
1230240013,1987,1230240,12,605,01,#,1.2,#,0.16
1230240014,1987,1230240,12,605,01,#,0.99,#,0.14
1230240015,1987,1230240,12,605,01,#,1.3,#,0.11
1230240016,1987,1230240,12,605,01,#,1,#,0.11
1230240017,1987,1230240,12,605,01,#,1.1,#,0.089
1230240018,1987,1230240,12,605,01,#,1.1,#,0.082
1230240019,1987,1230240,12,605,01,#,1.4,#,0.11
1230240020,1987,1230240,12,605,01,#,1.3,#,0.076
1230240021,1987,1230240,12,605,01,#,1.3,#,0.1
1230240022,1987,1230240,12,605,01,#,1.1,#,0.097
1230240023,1987,1230240,12,605,01,#,1.5,#,0.1
1230240024,1987,1230240,12,605,01,#,1.2,#,0.07
1230260001,1987,1230260,12,606,01,#,1.5,#,0.12
1230260002,1987,1230260,12,606,01,#,1.6,#,0.13
1230260004,1987,1230260,12,606,01,#,2.5,#,0.24
1230260005,1987,1230260,12,606,01,#,2.4,#,0.24
1230260007,1987,1230260,12,606,01,#,2.1,#,0.28
1230260008,1987,1230260,12,606,01,#,2.2,#,0.26
1230260010,1987,1230260,12,606,01,#,1.1,#,0.2
1230260011,1987,1230260,12,606,01,#,1,#,0.19
1230260013,1987,1230260,12,606,01,#,1.3,#,0.3
1230260014,1987,1230260,12,606,01,#,1.4,#,0.3
1230260016,1987,1230260,12,606,01,#,1.5,#,0.2
1230260017,1987,1230260,12,606,01,#,1.3,#,0.22
1230260019,1987,1230260,12,606,01,#,1.5,#,0.16
1230260020,1987,1230260,12,606,01,#,1.4,#,0.16
1230260022,1987,1230260,12,606,01,#,1.4,#,0.13
1230260023,1987,1230260,12,606,01,#,1.4,#,0.13
1230260025,1987,1230260,12,606,01,#,1.3,#,0.11
1230260026,1987,1230260,12,606,01,#,1.3,#,0.11
1230260028,1987,1230260,12,606,01,#,1.5,#,0.1
1230260029,1987,1230260,12,606,01,#,1.3,#,0.097
1230260031,1987,1230260,12,606,01,#,1.6,#,0.096
1230260032,1987,1230260,12,606,01,#,1.6,#,0.1
1230260034,1987,1230260,12,606,01,#,1.5,#,0.12
1230260035,1987,1230260,12,606,01,#,1.6,#,0.11
1230290001,1987,1230290,12,607,01,#,1.6,#,0.078
1230290002,1987,1230290,12,607,01,#,1.5,#,0.074
1230290004,1987,1230290,12,607,01,#,2.3,#,0.15
1230290005,1987,1230290,12,607,01,#,2.3,#,0.15
1230290007,1987,1230290,12,607,01,#,2.5,#,0.17
1230290008,1987,1230290,12,607,01,#,1.5,#,0.1
1230290010,1987,1230290,12,607,01,#,1.2,#,0.14
1230290011,1987,1230290,12,607,01,#,1.3,#,0.15
1230290013,1987,1230290,12,607,01,#,1,#,0.13
1230290014,1987,1230290,12,607,01,#,1.1,#,0.12
1230290016,1987,1230290,12,607,01,#,2,#,0.16
1230290017,1987,1230290,12,607,01,#,1.5,#,0.14
1230290019,1987,1230290,12,607,01,#,1.6,#,0.12
1230290020,1987,1230290,12,607,01,#,1.2,#,0.1
1230290022,1987,1230290,12,607,01,#,1.5,#,0.1
1230290023,1987,1230290,12,607,01,#,1.4,#,0.1
1230290025,1987,1230290,12,607,01,#,1.2,#,0.068
1230290026,1987,1230290,12,607,01,#,1.1,#,0.067
1230290028,1987,1230290,12,607,01,#,1.3,#,0.085
1230290029,1987,1230290,12,607,01,#,1.1,#,0.075
1230290031,1987,1230290,12,607,01,#,1.6,#,0.089
1230290032,1987,1230290,12,607,01,#,1.5,#,0.082
1230290034,1987,1230290,12,607,01,#,1.3,#,0.076
1230290035,1987,1230290,12,607,01,#,1.3,#,0.082
1230300001,1987,1230300,12,607,02,#,2.3,#,0.13
1230300002,1987,1230300,12,607,02,#,1.5,#,0.13
1230300004,1987,1230300,12,607,02,#,1.9,#,0.14
1230300005,1987,1230300,12,607,02,#,1.8,#,0.13
1230300007,1987,1230300,12,607,02,#,2.6,#,0.15
1230300008,1987,1230300,12,607,02,#,1.9,#,0.14
1230300010,1987,1230300,12,607,02,#,0.95,#,0.073
1230300011,1987,1230300,12,607,02,#,0.92,#,0.091
1230300013,1987,1230300,12,607,02,#,1.1,#,0.12
1230300014,1987,1230300,12,607,02,#,1.1,#,0.17
1230300016,1987,1230300,12,607,02,#,1.7,#,0.16
1230300017,1987,1230300,12,607,02,#,1.4,#,0.13
1230300019,1987,1230300,12,607,02,#,1.3,#,0.095
1230300020,1987,1230300,12,607,02,#,1.2,#,0.098
1230300022,1987,1230300,12,607,02,#,1.2,#,0.12
1230300023,1987,1230300,12,607,02,#,1.2,#,0.11
1230300025,1987,1230300,12,607,02,#,1.3,#,0.089
1230300026,1987,1230300,12,607,02,#,1.1,#,0.093
1230300028,1987,1230300,12,607,02,#,1.2,#,0.089
1230300029,1987,1230300,12,607,02,#,1.2,#,0.087
1230300031,1987,1230300,12,607,02,#,1.3,#,0.082
1230300032,1987,1230300,12,607,02,#,1.4,#,0.078
1230300034,1987,1230300,12,607,02,#,1.3,#,0.078
1230300035,1987,1230300,12,607,02,#,1.2,#,0.078
1230310001,1987,1230310,12,607,51,#,1.3,#,0.13
1230310002,1987,1230310,12,607,51,#,1,#,0.12
1230310003,1987,1230310,12,607,51,#,2.8,#,0.22
1230310004,1987,1230310,12,607,51,#,1,#,0.08
1230310005,1987,1230310,12,607,51,#,0.88,#,0.051
1230310006,1987,1230310,12,607,51,#,0.81,#,0.089
1230310007,1987,1230310,12,607,51,#,1,#,0.088
1230310008,1987,1230310,12,607,51,#,0.72,#,0.072
1230310009,1987,1230310,12,607,51,#,1.6,#,0.18
1230310010,1987,1230310,12,607,51,#,1,#,0.12
1230310011,1987,1230310,12,607,51,#,1.5,#,0.13
1230310012,1987,1230310,12,607,51,#,0.93,#,0.1
1230310013,1987,1230310,12,607,51,#,0.92,#,0.097
1230310014,1987,1230310,12,607,51,#,0.68,#,0.061
1230310015,1987,1230310,12,607,51,#,1.2,#,0.11
1230310016,1987,1230310,12,607,51,#,0.86,#,0.091
1230310017,1987,1230310,12,607,51,#,1,#,0.072
1230310018,1987,1230310,12,607,51,#,0.92,#,0.072
1230310019,1987,1230310,12,607,51,#,1.3,#,0.074
1230310020,1987,1230310,12,607,51,#,1.3,#,0.074
1230310021,1987,1230310,12,607,51,#,1.2,#,0.079
1230310022,1987,1230310,12,607,51,#,1.3,#,0.084
1230310023,1987,1230310,12,607,51,#,1.1,#,0.05
1230310024,1987,1230310,12,607,51,#,1.1,#,0.05
1230360001,1987,1230360,12,608,01,#,1.3,#,0.082
1230360002,1987,1230360,12,608,01,#,1.3,#,0.091
1230360004,1987,1230360,12,608,01,#,1.6,#,0.11
1230360005,1987,1230360,12,608,01,#,1.8,#,0.1
1230360007,1987,1230360,12,608,01,#,1.9,#,0.13
1230360008,1987,1230360,12,608,01,#,1.7,#,0.11
1230360010,1987,1230360,12,608,01,#,1.2,#,0.11
1230360011,1987,1230360,12,608,01,#,0.97,#,0.096
1230360013,1987,1230360,12,608,01,#,1.1,#,0.12
1230360014,1987,1230360,12,608,01,#,0.91,#,0.16
1230360016,1987,1230360,12,608,01,#,2,#,0.18
1230360017,1987,1230360,12,608,01,#,0.96,#,0.12
1230360019,1987,1230360,12,608,01,#,1.3,#,0.11
1230360020,1987,1230360,12,608,01,#,1,#,0.1
1230360022,1987,1230360,12,608,01,#,1,#,0.085
1230360023,1987,1230360,12,608,01,#,0.99,#,0.089
1230360025,1987,1230360,12,608,01,#,1.1,#,0.089
1230360026,1987,1230360,12,608,01,#,1.1,#,0.093
1230360028,1987,1230360,12,608,01,#,1,#,0.065
1230360029,1987,1230360,12,608,01,#,1.1,#,0.068
1230360031,1987,1230360,12,608,01,#,1.4,#,0.083
1230360032,1987,1230360,12,608,01,#,1.3,#,0.077
1230360034,1987,1230360,12,608,01,#,1.2,#,0.069
1230360035,1987,1230360,12,608,01,#,1.3,#,0.068
1230370001,1987,1230370,12,608,02,#,1.3,#,0.058
1230370002,1987,1230370,12,608,02,#,0.64,#,0.072
1230370004,1987,1230370,12,608,02,#,1.3,#,0.069
1230370005,1987,1230370,12,608,02,#,1.2,#,0.062
1230370007,1987,1230370,12,608,02,#,1.3,#,0.073
1230370008,1987,1230370,12,608,02,#,0.95,#,0.073
1230370010,1987,1230370,12,608,02,#,1.4,#,0.12
1230370011,1987,1230370,12,608,02,#,0.69,#,0.085
1230370013,1987,1230370,12,608,02,#,0.97,#,0.079
1230370014,1987,1230370,12,608,02,#,0.67,#,0.098
1230370016,1987,1230370,12,608,02,#,1.4,#,0.13
1230370017,1987,1230370,12,608,02,#,0.72,#,0.077
1230370019,1987,1230370,12,608,02,#,1.5,#,0.12
1230370020,1987,1230370,12,608,02,#,0.8,#,0.094
1230370022,1987,1230370,12,608,02,#,1.1,#,0.093
1230370023,1987,1230370,12,608,02,#,0.73,#,0.068
1230370025,1987,1230370,12,608,02,#,1,#,0.08
1230370026,1987,1230370,12,608,02,#,0.72,#,0.059
1230370028,1987,1230370,12,608,02,#,1.7,#,0.1
1230370029,1987,1230370,12,608,02,#,0.97,#,0.064
1230370031,1987,1230370,12,608,02,#,1.3,#,0.07
1230370032,1987,1230370,12,608,02,#,1.2,#,0.073
1230370034,1987,1230370,12,608,02,#,1.3,#,0.075
1230370035,1987,1230370,12,608,02,#,1.2,#,0.058
1230400001,1987,1230400,12,609,01,#,1.3,#,0.076
1230400002,1987,1230400,12,609,01,#,0.91,#,0.072
1230400004,1987,1230400,12,609,01,#,1.3,#,0.064
1230400005,1987,1230400,12,609,01,#,1.2,#,0.063
1230400007,1987,1230400,12,609,01,#,1.4,#,0.084
1230400008,1987,1230400,12,609,01,#,1.2,#,0.078
1230400010,1987,1230400,12,609,01,#,1.3,#,0.1
1230400011,1987,1230400,12,609,01,#,1,#,0.11
1230400013,1987,1230400,12,609,01,#,0.98,#,0.11
1230400014,1987,1230400,12,609,01,#,0.63,#,0.096
1230400016,1987,1230400,12,609,01,#,1.3,#,0.12
1230400017,1987,1230400,12,609,01,#,0.57,#,0.076
1230400019,1987,1230400,12,609,01,#,1.5,#,0.11
1230400020,1987,1230400,12,609,01,#,1,#,0.1
1230400022,1987,1230400,12,609,01,#,0.98,#,0.086
1230400023,1987,1230400,12,609,01,#,0.66,#,0.065
1230400025,1987,1230400,12,609,01,#,0.93,#,0.063
1230400026,1987,1230400,12,609,01,#,0.79,#,0.065
1230400028,1987,1230400,12,609,01,#,1,#,0.072
1230400029,1987,1230400,12,609,01,#,0.99,#,0.066
1230400031,1987,1230400,12,609,01,#,1,#,0.061
1230400032,1987,1230400,12,609,01,#,1.1,#,0.065
1230400034,1987,1230400,12,609,01,#,1.1,#,0.07
1230400035,1987,1230400,12,609,01,#,1.1,#,0.064
1230410001,1987,1230410,12,609,02,#,1,#,0.067
1230410002,1987,1230410,12,609,02,#,0.91,#,0.046
1230410004,1987,1230410,12,609,02,#,0.88,#,0.044
1230410005,1987,1230410,12,609,02,#,0.87,#,0.043
1230410007,1987,1230410,12,609,02,#,1.5,#,0.094
1230410008,1987,1230410,12,609,02,#,0.93,#,0.06
1230410010,1987,1230410,12,609,02,#,0.89,#,0.086
1230410011,1987,1230410,12,609,02,#,0.65,#,0.061
1230410013,1987,1230410,12,609,02,#,0.86,#,0.091
1230410014,1987,1230410,12,609,02,#,0.88,#,0.09
1230410016,1987,1230410,12,609,02,#,0.83,#,0.11
1230410017,1987,1230410,12,609,02,#,0.7,#,0.1
1230410019,1987,1230410,12,609,02,#,0.82,#,0.073
1230410020,1987,1230410,12,609,02,#,0.77,#,0.075
1230410022,1987,1230410,12,609,02,#,0.92,#,0.065
1230410023,1987,1230410,12,609,02,#,0.85,#,0.059
1230410025,1987,1230410,12,609,02,#,0.78,#,0.057
1230410026,1987,1230410,12,609,02,#,0.84,#,0.055
1230410028,1987,1230410,12,609,02,#,1,#,0.064
1230410029,1987,1230410,12,609,02,#,1,#,0.06
1230410031,1987,1230410,12,609,02,#,0.79,#,0.052
1230410032,1987,1230410,12,609,02,#,0.94,#,0.053
1230410034,1987,1230410,12,609,02,#,1.2,#,0.085
1230410035,1987,1230410,12,609,02,#,0.98,#,0.055
1230420001,1987,1230420,12,609,03,#,1,#,0.061
1230420002,1987,1230420,12,609,03,#,1,#,0.062
1230420004,1987,1230420,12,609,03,#,0.92,#,0.046
1230420005,1987,1230420,12,609,03,#,0.78,#,0.041
1230420007,1987,1230420,12,609,03,#,1.4,#,0.1
1230420008,1987,1230420,12,609,03,#,0.83,#,0.064
1230420010,1987,1230420,12,609,03,#,0.82,#,0.083
1230420011,1987,1230420,12,609,03,#,0.73,#,0.073
1230420013,1987,1230420,12,609,03,#,0.84,#,0.085
1230420014,1987,1230420,12,609,03,#,0.73,#,0.086
1230420016,1987,1230420,12,609,03,#,0.9,#,0.15
1230420017,1987,1230420,12,609,03,#,0.7,#,0.091
1230420019,1987,1230420,12,609,03,#,0.69,#,0.072
1230420020,1987,1230420,12,609,03,#,0.57,#,0.077
1230420022,1987,1230420,12,609,03,#,0.75,#,0.07
1230420023,1987,1230420,12,609,03,#,0.72,#,0.061
1230420025,1987,1230420,12,609,03,#,0.7,#,0.058
1230420026,1987,1230420,12,609,03,#,0.68,#,0.057
1230420028,1987,1230420,12,609,03,#,0.98,#,0.057
1230420029,1987,1230420,12,609,03,#,0.9,#,0.057
1230420031,1987,1230420,12,609,03,#,0.92,#,0.057
1230420032,1987,1230420,12,609,03,#,0.93,#,0.066
1230420034,1987,1230420,12,609,03,#,0.92,#,0.051
1230420035,1987,1230420,12,609,03,#,1,#,0.048
1230460001,1987,1230460,12,610,01,#,1.4,#,0.07
1230460002,1987,1230460,12,610,01,#,0.73,#,0.046
1230460004,1987,1230460,12,610,01,#,1.1,#,0.049
1230460005,1987,1230460,12,610,01,#,0.96,#,0.038
1230460007,1987,1230460,12,610,01,#,1.3,#,0.083
1230460008,1987,1230460,12,610,01,#,0.87,#,0.058
1230460010,1987,1230460,12,610,01,#,1,#,0.086
1230460011,1987,1230460,12,610,01,#,0.56,#,0.067
1230460013,1987,1230460,12,610,01,#,0.92,#,0.12
1230460014,1987,1230460,12,610,01,#,0.67,#,0.094
1230460016,1987,1230460,12,610,01,#,0.92,#,0.1
1230460017,1987,1230460,12,610,01,#,0.54,#,0.064
1230460019,1987,1230460,12,610,01,#,0.8,#,0.068
1230460020,1987,1230460,12,610,01,#,0.71,#,0.065
1230460022,1987,1230460,12,610,01,#,1,#,0.09
1230460023,1987,1230460,12,610,01,#,0.62,#,0.051
1230460025,1987,1230460,12,610,01,#,0.92,#,0.059
1230460026,1987,1230460,12,610,01,#,0.9,#,0.06
1230460028,1987,1230460,12,610,01,#,1,#,0.071
1230460029,1987,1230460,12,610,01,#,1.1,#,0.062
1230460031,1987,1230460,12,610,01,#,1,#,0.057
1230460032,1987,1230460,12,610,01,#,0.92,#,0.052
1230460034,1987,1230460,12,610,01,#,0.78,#,0.049
1230460035,1987,1230460,12,610,01,#,0.95,#,0.051
1230470001,1987,1230470,12,610,02,#,1.2,#,0.067
1230470002,1987,1230470,12,610,02,#,0.66,#,0.047
1230470004,1987,1230470,12,610,02,#,1,#,0.05
1230470005,1987,1230470,12,610,02,#,0.93,#,0.051
1230470007,1987,1230470,12,610,02,#,1.2,#,0.09
1230470008,1987,1230470,12,610,02,#,0.9,#,0.064
1230470010,1987,1230470,12,610,02,#,0.84,#,0.097
1230470011,1987,1230470,12,610,02,#,0.77,#,0.057
1230470013,1987,1230470,12,610,02,#,0.78,#,0.11
1230470014,1987,1230470,12,610,02,#,0.8,#,0.1
1230470016,1987,1230470,12,610,02,#,0.84,#,0.1
1230470017,1987,1230470,12,610,02,#,0.55,#,0.069
1230470019,1987,1230470,12,610,02,#,0.83,#,0.073
1230470020,1987,1230470,12,610,02,#,0.59,#,0.072
1230470022,1987,1230470,12,610,02,#,0.97,#,0.07
1230470023,1987,1230470,12,610,02,#,0.69,#,0.053
1230470025,1987,1230470,12,610,02,#,0.97,#,0.062
1230470026,1987,1230470,12,610,02,#,0.86,#,0.058
1230470028,1987,1230470,12,610,02,#,1.1,#,0.061
1230470029,1987,1230470,12,610,02,#,0.74,#,0.045
1230470031,1987,1230470,12,610,02,#,1,#,0.055
1230470032,1987,1230470,12,610,02,#,0.8,#,0.049
1230470034,1987,1230470,12,610,02,#,0.92,#,0.09
1230470035,1987,1230470,12,610,02,#,1,#,0.053
1230500001,1987,1230500,12,611,01,#,0.7,#,0.038
1230500002,1987,1230500,12,611,01,#,0.77,#,0.04
1230500004,1987,1230500,12,611,01,#,0.59,#,0.03
1230500005,1987,1230500,12,611,01,#,0.6,#,0.034
1230500007,1987,1230500,12,611,01,#,1,#,0.066
1230500008,1987,1230500,12,611,01,#,0.9,#,0.05
1230500010,1987,1230500,12,611,01,#,1,#,0.09
1230500011,1987,1230500,12,611,01,#,0.5,#,0.067
1230500013,1987,1230500,12,611,01,#,0.97,#,0.092
1230500014,1987,1230500,12,611,01,#,0.87,#,0.075
1230500016,1987,1230500,12,611,01,#,0.72,#,0.08
1230500017,1987,1230500,12,611,01,#,0.65,#,0.07
1230500019,1987,1230500,12,611,01,#,0.64,#,0.058
1230500020,1987,1230500,12,611,01,#,0.64,#,0.047
1230500022,1987,1230500,12,611,01,#,0.77,#,0.065
1230500023,1987,1230500,12,611,01,#,0.73,#,0.052
1230500025,1987,1230500,12,611,01,#,0.75,#,0.052
1230500026,1987,1230500,12,611,01,#,0.62,#,0.049
1230500028,1987,1230500,12,611,01,#,0.63,#,0.038
1230500029,1987,1230500,12,611,01,#,0.59,#,0.037
1230500031,1987,1230500,12,611,01,#,0.8,#,0.049
1230500032,1987,1230500,12,611,01,#,0.72,#,0.04
1230500034,1987,1230500,12,611,01,#,0.6,#,0.035
1230500035,1987,1230500,12,611,01,#,0.5,#,0.033
1230510001,1987,1230510,12,611,02,#,0.73,#,0.037
1230510002,1987,1230510,12,611,02,#,0.55,#,0.036
1230510004,1987,1230510,12,611,02,#,0.55,#,0.027
1230510005,1987,1230510,12,611,02,#,0.5,#,0.03
1230510007,1987,1230510,12,611,02,#,1.1,#,0.07
1230510008,1987,1230510,12,611,02,#,0.78,#,0.048
1230510010,1987,1230510,12,611,02,#,1,#,0.07
1230510011,1987,1230510,12,611,02,#,0.71,#,0.066
1230510013,1987,1230510,12,611,02,#,0.94,#,0.091
1230510014,1987,1230510,12,611,02,#,0.63,#,0.061
1230510016,1987,1230510,12,611,02,#,0.71,#,0.082
1230510017,1987,1230510,12,611,02,#,0.65,#,0.063
1230510019,1987,1230510,12,611,02,#,0.66,#,0.045
1230510020,1987,1230510,12,611,02,#,0.6,#,0.042
1230510022,1987,1230510,12,611,02,#,0.64,#,0.05
1230510023,1987,1230510,12,611,02,#,0.54,#,0.041
1230510025,1987,1230510,12,611,02,#,0.51,#,0.031
1230510026,1987,1230510,12,611,02,#,0.54,#,0.032
1230510028,1987,1230510,12,611,02,#,0.6,#,0.038
1230510029,1987,1230510,12,611,02,#,0.55,#,0.038
1230510031,1987,1230510,12,611,02,#,0.6,#,0.039
1230510032,1987,1230510,12,611,02,#,0.53,#,0.035
1230510034,1987,1230510,12,611,02,#,0.53,#,0.038
1230510035,1987,1230510,12,611,02,#,0.39,#,0.032
1230520001,1987,1230520,12,611,51,#,0.15,#,0.016
1230520002,1987,1230520,12,611,51,#,0.22,#,0.011
1230520003,1987,1230520,12,611,51,#,0.18,#,0.013
1230520004,1987,1230520,12,611,51,#,0.19,#,0.021
1230520006,1987,1230520,12,611,51,#,0.22,#,0.015
1230520007,1987,1230520,12,611,51,#,0.08,#,0.017
1230520008,1987,1230520,12,611,51,#,0.19,#,0.02
1230520009,1987,1230520,12,611,51,#,0.17,#,0.015
1230520011,1987,1230520,12,611,51,#,0.31,#,0.032
1230520012,1987,1230520,12,611,51,#,0.35,#,0.036
1230520013,1987,1230520,12,611,51,#,0.16,#,0.025
1230520014,1987,1230520,12,611,51,#,0.11,#,0.024
1230520016,1987,1230520,12,611,51,#,0.26,#,0.017
1230520017,1987,1230520,12,611,51,#,0.22,#,0.017
1230520018,1987,1230520,12,611,51,#,0.14,#,0.045
1230520019,1987,1230520,12,611,51,<,0.05,#,0.015
1230520021,1987,1230520,12,611,51,#,0.26,#,0.051
1230520022,1987,1230520,12,611,51,#,0.22,#,0.025
1230520023,1987,1230520,12,611,51,#,0.29,#,0.028
1230520024,1987,1230520,12,611,51,#,0.31,#,0.027
1230520026,1987,1230520,12,611,51,#,0.29,#,0.023
1230520027,1987,1230520,12,611,51,#,0.34,#,0.025
1230520028,1987,1230520,12,611,51,#,0.35,#,0.024
1230520029,1987,1230520,12,611,51,#,0.4,#,0.023
1230530001,1987,1230530,12,611,52,#,0.24,#,0.02
1230530002,1987,1230530,12,611,52,#,0.23,#,0.012
1230530003,1987,1230530,12,611,52,#,0.17,#,0.014
1230530004,1987,1230530,12,611,52,#,0.14,#,0.016
1230530006,1987,1230530,12,611,52,#,0.14,#,0.016
1230530007,1987,1230530,12,611,52,#,0.14,#,0.014
1230530008,1987,1230530,12,611,52,#,0.19,#,0.019
1230530009,1987,1230530,12,611,52,#,0.19,#,0.015
1230530011,1987,1230530,12,611,52,#,0.27,#,0.028
1230530012,1987,1230530,12,611,52,#,0.26,#,0.035
1230530013,1987,1230530,12,611,52,#,0.08,#,0.021
1230530014,1987,1230530,12,611,52,#,0.13,#,0.02
1230530016,1987,1230530,12,611,52,#,0.24,#,0.013
1230530017,1987,1230530,12,611,52,#,0.13,#,0.011
1230530018,1987,1230530,12,611,52,#,0.12,#,0.016
1230530019,1987,1230530,12,611,52,#,0.1,#,0.016
1230530021,1987,1230530,12,611,52,#,0.23,#,0.014
1230530022,1987,1230530,12,611,52,#,0.15,#,0.018
1230530023,1987,1230530,12,611,52,#,0.25,#,0.022
1230530024,1987,1230530,12,611,52,#,0.19,#,0.035
1230530026,1987,1230530,12,611,52,#,0.24,#,0.022
1230530027,1987,1230530,12,611,52,#,0.29,#,0.023
1230530028,1987,1230530,12,611,52,#,0.44,#,0.023
1230530029,1987,1230530,12,611,52,#,0.35,#,0.023
1230540001,1987,1230540,12,611,53,#,0.18,#,0.018
1230540002,1987,1230540,12,611,53,#,0.19,#,0.01
1230540003,1987,1230540,12,611,53,#,0.13,#,0.014
1230540004,1987,1230540,12,611,53,#,0.18,#,0.021
1230540006,1987,1230540,12,611,53,#,0.18,#,0.011
1230540007,1987,1230540,12,611,53,#,0.09,#,0.02
1230540008,1987,1230540,12,611,53,#,0.17,#,0.009
1230540009,1987,1230540,12,611,53,#,0.21,#,0.014
1230540011,1987,1230540,12,611,53,#,0.3,#,0.024
1230540012,1987,1230540,12,611,53,#,0.18,#,0.03
1230540013,1987,1230540,12,611,53,#,0.19,#,0.025
1230540014,1987,1230540,12,611,53,#,0.18,#,0.02
1230540016,1987,1230540,12,611,53,#,0.17,#,0.012
1230540017,1987,1230540,12,611,53,#,0.12,#,0.011
1230540018,1987,1230540,12,611,53,#,0.15,#,0.021
1230540019,1987,1230540,12,611,53,#,0.08,#,0.021
1230540021,1987,1230540,12,611,53,#,0.18,#,0.013
1230540022,1987,1230540,12,611,53,#,0.07,#,0.044
1230540023,1987,1230540,12,611,53,#,0.31,#,0.026
1230540024,1987,1230540,12,611,53,#,0.25,#,0.022
1230540026,1987,1230540,12,611,53,#,0.34,#,0.019
1230540027,1987,1230540,12,611,53,#,0.22,#,0.024
1230540028,1987,1230540,12,611,53,#,0.5,#,0.023
1230540029,1987,1230540,12,611,53,#,0.43,#,0.023
1230550001,1987,1230550,12,611,54,#,0.2,#,0.021
1230550002,1987,1230550,12,611,54,#,0.21,#,0.015
1230550003,1987,1230550,12,611,54,#,0.19,#,0.014
1230550004,1987,1230550,12,611,54,#,0.15,#,0.018
1230550006,1987,1230550,12,611,54,#,0.17,#,0.009
1230550007,1987,1230550,12,611,54,#,0.12,#,0.011
1230550008,1987,1230550,12,611,54,#,0.22,#,0.017
1230550009,1987,1230550,12,611,54,#,0.21,#,0.015
1230550011,1987,1230550,12,611,54,#,0.23,#,0.037
1230550012,1987,1230550,12,611,54,#,0.2,#,0.044
1230550013,1987,1230550,12,611,54,#,0.39,#,0.035
1230550014,1987,1230550,12,611,54,#,0.56,#,0.061
1230550016,1987,1230550,12,611,54,#,0.2,#,0.014
1230550017,1987,1230550,12,611,54,#,0.17,#,0.016
1230550018,1987,1230550,12,611,54,<,0.05,#,0.015
1230550019,1987,1230550,12,611,54,#,0.1,#,0.016
1230550021,1987,1230550,12,611,54,#,0.2,#,0.014
1230550022,1987,1230550,12,611,54,#,0.14,#,0.014
1230550023,1987,1230550,12,611,54,#,0.21,#,0.02
1230550024,1987,1230550,12,611,54,#,0.17,#,0.019
1230550026,1987,1230550,12,611,54,#,0.23,#,0.02
1230550027,1987,1230550,12,611,54,#,0.23,#,0.021
1230550028,1987,1230550,12,611,54,#,0.46,#,0.024
1230550029,1987,1230550,12,611,54,#,0.39,#,0.023
1230560001,1987,1230560,12,611,55,#,0.16,#,0.024
1230560002,1987,1230560,12,611,55,#,0.19,#,0.012
1230560003,1987,1230560,12,611,55,#,0.14,#,0.011
1230560004,1987,1230560,12,611,55,#,0.13,#,0.012
1230560006,1987,1230560,12,611,55,#,0.15,#,0.015
1230560007,1987,1230560,12,611,55,#,0.14,#,0.014
1230560008,1987,1230560,12,611,55,#,0.14,#,0.014
1230560009,1987,1230560,12,611,55,#,0.19,#,0.014
1230560011,1987,1230560,12,611,55,#,0.25,#,0.03
1230560012,1987,1230560,12,611,55,#,0.18,#,0.03
1230560013,1987,1230560,12,611,55,#,0.24,#,0.027
1230560014,1987,1230560,12,611,55,#,0.25,#,0.026
1230560016,1987,1230560,12,611,55,#,0.24,#,0.025
1230560017,1987,1230560,12,611,55,#,0.28,#,0.028
1230560018,1987,1230560,12,611,55,#,0.13,#,0.02
1230560019,1987,1230560,12,611,55,#,0.08,#,0.015
1230560021,1987,1230560,12,611,55,#,0.27,#,0.023
1230560022,1987,1230560,12,611,55,#,0.21,#,0.023
1230560023,1987,1230560,12,611,55,#,0.27,#,0.022
1230560024,1987,1230560,12,611,55,#,0.18,#,0.022
1230560026,1987,1230560,12,611,55,#,0.22,#,0.023
1230560027,1987,1230560,12,611,55,#,0.21,#,0.025
1230560028,1987,1230560,12,611,55,#,0.44,#,0.028
1230560029,1987,1230560,12,611,55,#,0.36,#,0.028
1230580001,1987,1230580,12,611,57,#,0.2,#,0.017
1230580002,1987,1230580,12,611,57,#,0.17,#,0.012
1230580003,1987,1230580,12,611,57,#,0.14,#,0.008
1230580004,1987,1230580,12,611,57,#,0.11,#,0.01
1230580006,1987,1230580,12,611,57,#,0.07,#,0.011
1230580007,1987,1230580,12,611,57,#,0.06,#,0.009
1230580008,1987,1230580,12,611,57,#,0.19,#,0.02
1230580009,1987,1230580,12,611,57,#,0.17,#,0.019
1230580011,1987,1230580,12,611,57,#,0.15,#,0.019
1230580012,1987,1230580,12,611,57,#,0.19,#,0.023
1230580013,1987,1230580,12,611,57,#,0.22,#,0.02
1230580014,1987,1230580,12,611,57,#,0.16,#,0.02
1230580016,1987,1230580,12,611,57,#,0.19,#,0.012
1230580017,1987,1230580,12,611,57,#,0.19,#,0.018
1230580018,1987,1230580,12,611,57,#,0.19,#,0.03
1230580019,1987,1230580,12,611,57,#,0.09,#,0.024
1230580021,1987,1230580,12,611,57,#,0.15,#,0.013
1230580022,1987,1230580,12,611,57,#,0.15,#,0.011
1230580023,1987,1230580,12,611,57,#,0.23,#,0.023
1230580024,1987,1230580,12,611,57,#,0.21,#,0.021
1230580026,1987,1230580,12,611,57,#,0.27,#,0.021
1230580027,1987,1230580,12,611,57,#,0.23,#,0.019
1230580028,1987,1230580,12,611,57,#,0.45,#,0.019
1230580029,1987,1230580,12,611,57,#,0.33,#,0.019
1230680001,1987,1230680,12,701,01,#,0.78,#,0.052
1230680002,1987,1230680,12,701,01,#,0.45,#,0.037
1230680004,1987,1230680,12,701,01,#,0.46,#,0.022
1230680005,1987,1230680,12,701,01,#,0.33,#,0.02
1230680007,1987,1230680,12,701,01,#,0.36,#,0.026
1230680008,1987,1230680,12,701,01,#,0.55,#,0.021
1230680010,1987,1230680,12,701,01,#,0.36,#,0.034
1230680011,1987,1230680,12,701,01,#,0.4,#,0.04
1230690001,1987,1230690,12,701,02,#,0.42,#,0.025
1230690002,1987,1230690,12,701,02,#,0.41,#,0.029
1230690004,1987,1230690,12,701,02,#,0.19,#,0.015
1230690005,1987,1230690,12,701,02,#,0.28,#,0.019
1230690007,1987,1230690,12,701,02,#,0.43,#,0.018
1230690008,1987,1230690,12,701,02,#,0.66,#,0.018
1230690010,1987,1230690,12,701,02,#,0.24,#,0.028
1230690011,1987,1230690,12,701,02,#,0.25,#,0.025
1230700001,1987,1230700,12,701,03,#,0.5,#,0.026
1230700002,1987,1230700,12,701,03,#,0.47,#,0.025
1230700004,1987,1230700,12,701,03,#,0.34,#,0.015
1230700005,1987,1230700,12,701,03,#,0.29,#,0.024
1230700007,1987,1230700,12,701,03,#,0.37,#,0.024
1230700008,1987,1230700,12,701,03,#,0.58,#,0.025
1230700010,1987,1230700,12,701,03,#,0.25,#,0.026
1230700011,1987,1230700,12,701,03,#,0.23,#,0.027
1230710001,1987,1230710,12,701,04,#,0.29,#,0.018
1230710002,1987,1230710,12,701,04,#,0.3,#,0.018
1230710004,1987,1230710,12,701,04,#,0.39,#,0.024
1230710005,1987,1230710,12,701,04,#,0.37,#,0.019
1230710007,1987,1230710,12,701,04,#,0.33,#,0.024
1230710008,1987,1230710,12,701,04,#,0.41,#,0.023
1230710010,1987,1230710,12,701,04,#,0.3,#,0.022
1230710011,1987,1230710,12,701,04,#,0.34,#,0.024
1230720001,1987,1230720,12,701,05,#,0.46,#,0.024
1230720002,1987,1230720,12,701,05,#,0.39,#,0.027
1230720004,1987,1230720,12,701,05,#,0.54,#,0.023
1230720005,1987,1230720,12,701,05,#,0.4,#,0.018
1230720007,1987,1230720,12,701,05,#,0.39,#,0.026
1230720008,1987,1230720,12,701,05,#,0.52,#,0.039
1230720010,1987,1230720,12,701,05,#,0.32,#,0.03
1230720011,1987,1230720,12,701,05,#,0.35,#,0.03
1230730001,1987,1230730,12,701,06,#,0.29,#,0.018
1230730002,1987,1230730,12,701,06,#,0.34,#,0.017
1230730004,1987,1230730,12,701,06,#,0.39,#,0.021
1230730005,1987,1230730,12,701,06,#,0.3,#,0.019
1230730007,1987,1230730,12,701,06,#,0.82,#,0.019
1230730008,1987,1230730,12,701,06,#,0.25,#,0.017
1230730010,1987,1230730,12,701,06,#,0.34,#,0.039
1230730011,1987,1230730,12,701,06,#,0.24,#,0.033
1230740001,1987,1230740,12,701,07,#,0.29,#,0.017
1230740002,1987,1230740,12,701,07,#,0.28,#,0.027
1230740004,1987,1230740,12,701,07,#,0.33,#,0.022
1230740005,1987,1230740,12,701,07,#,0.34,#,0.02
1230740007,1987,1230740,12,701,07,#,0.26,#,0.011
1230740008,1987,1230740,12,701,07,#,0.25,#,0.012
1230740010,1987,1230740,12,701,07,#,0.23,#,0.033
1230740011,1987,1230740,12,701,07,#,0.32,#,0.027
1230750001,1987,1230750,12,701,08,#,0.23,#,0.019
1230750002,1987,1230750,12,701,08,#,0.29,#,0.017
1230750004,1987,1230750,12,701,08,#,0.39,#,0.016
1230750005,1987,1230750,12,701,08,#,0.44,#,0.022
1230750007,1987,1230750,12,701,08,#,0.18,#,0.016
1230750008,1987,1230750,12,701,08,#,0.31,#,0.014
1230750010,1987,1230750,12,701,08,#,0.31,#,0.026
1230750011,1987,1230750,12,701,08,#,0.3,#,0.023
1230760001,1987,1230760,12,701,09,#,0.23,#,0.018
1230760002,1987,1230760,12,701,09,#,0.25,#,0.026
1230760004,1987,1230760,12,701,09,#,0.39,#,0.019
1230760005,1987,1230760,12,701,09,#,0.44,#,0.022
1230760007,1987,1230760,12,701,09,#,0.2,#,0.011
1230760008,1987,1230760,12,701,09,#,0.17,#,0.01
1230760010,1987,1230760,12,701,09,#,0.29,#,0.041
1230760011,1987,1230760,12,701,09,#,0.26,#,0.042
