レコードID,測定年度,絶対番号,都道府県コード,水域コード,地点コード,全窒素_C,全窒素(mg/l),全燐_C,全燐(mg/l)
1310010001,1990,1310010,13,001,01,#,4.1,#,0.43
1310010004,1990,1310010,13,001,01,#,2.2,#,0.23
1310010007,1990,1310010,13,001,01,#,2.3,#,0.2
1310010010,1990,1310010,13,001,01,#,2.2,#,0.17
1310010017,1990,1310010,13,001,01,#,2.4,#,0.26
1310010020,1990,1310010,13,001,01,#,2.2,#,0.19
1310010023,1990,1310010,13,001,01,#,3.3,#,0.11
1310010026,1990,1310010,13,001,01,#,3.6,#,0.3
1310010029,1990,1310010,13,001,01,#,3.7,#,0.12
1310010036,1990,1310010,13,001,01,#,4,#,0.12
1310010039,1990,1310010,13,001,01,#,4.1,#,0.18
1310010042,1990,1310010,13,001,01,#,3.2,#,0.14
1310020001,1990,1310020,13,001,51,#,2.1,#,0.14
1310020002,1990,1310020,13,001,51,#,2.1,#,0.13
1310020003,1990,1310020,13,001,51,#,4,#,0.17
1310020004,1990,1310020,13,001,51,#,2.6,#,0.18
1310020005,1990,1310020,13,001,51,#,2.3,#,0.2
1310020006,1990,1310020,13,001,51,#,1.1,#,0.18
1310020007,1990,1310020,13,001,51,#,4.1,#,0.093
1310020008,1990,1310020,13,001,51,#,4.3,#,0.13
1310020009,1990,1310020,13,001,51,#,4.2,#,0.1
1310020010,1990,1310020,13,001,51,#,3.8,#,0.041
1310020011,1990,1310020,13,001,51,#,4.8,#,0.21
1310020012,1990,1310020,13,001,51,#,3.8,#,0.13
1310030001,1990,1310030,13,002,01,#,4,#,0.51
1310030004,1990,1310030,13,002,01,#,2.6,#,0.2
1310030007,1990,1310030,13,002,01,#,2.7,#,0.19
1310030010,1990,1310030,13,002,01,#,2.9,#,0.21
1310030017,1990,1310030,13,002,01,#,2.9,#,0.23
1310030020,1990,1310030,13,002,01,#,2.6,#,0.2
1310030023,1990,1310030,13,002,01,#,3.5,#,0.13
1310030026,1990,1310030,13,002,01,#,3.1,#,0.19
1310030029,1990,1310030,13,002,01,#,3.7,#,0.14
1310030036,1990,1310030,13,002,01,#,4.2,#,0.13
1310030039,1990,1310030,13,002,01,#,4.4,#,0.21
1310030042,1990,1310030,13,002,01,#,3.7,#,0.19
1310040001,1990,1310040,13,002,51,#,3,#,0.3
1310040003,1990,1310040,13,002,51,#,2.8,#,0.22
1310040005,1990,1310040,13,002,51,#,2.6,#,0.19
1310040007,1990,1310040,13,002,51,#,3,#,0.24
1310040009,1990,1310040,13,002,51,#,2.6,#,0.22
1310040011,1990,1310040,13,002,51,#,2.1,#,0.14
1310040013,1990,1310040,13,002,51,#,3.4,#,0.12
1310040015,1990,1310040,13,002,51,#,3.1,#,0.2
1310040017,1990,1310040,13,002,51,#,3.7,#,0.14
1310040019,1990,1310040,13,002,51,#,4.3,#,0.15
1310040021,1990,1310040,13,002,51,#,5.5,#,0.28
1310040023,1990,1310040,13,002,51,#,3.4,#,0.14
1310060001,1990,1310060,13,003,01,#,2.5,#,0.13
1310060005,1990,1310060,13,003,01,#,2.9,#,0.13
1310060009,1990,1310060,13,003,01,#,3.3,#,0.17
1310060013,1990,1310060,13,003,01,#,3.7,#,0.21
1310060017,1990,1310060,13,003,01,#,3.1,#,0.24
1310060021,1990,1310060,13,003,01,#,2.3,#,0.22
1310060025,1990,1310060,13,003,01,#,3.9,#,0.13
1310060029,1990,1310060,13,003,01,#,3.7,#,0.18
1310060033,1990,1310060,13,003,01,#,4.3,#,0.13
1310060037,1990,1310060,13,003,01,#,3.7,#,0.1
1310060041,1990,1310060,13,003,01,#,5.5,#,0.34
1310060045,1990,1310060,13,003,01,#,4,#,0.15
1310090002,1990,1310090,13,004,01,#,3.9,#,0.19
1310090005,1990,1310090,13,004,01,#,3,#,0.34
1310090008,1990,1310090,13,004,01,#,2.4,#,0.27
1310090011,1990,1310090,13,004,01,#,2.2,#,0.19
1310090018,1990,1310090,13,004,01,#,2.3,#,0.18
1310090021,1990,1310090,13,004,01,#,2.6,#,0.18
1310090023,1990,1310090,13,004,01,#,4.5,#,0.36
1310090027,1990,1310090,13,004,01,#,5.2,#,0.26
1310090030,1990,1310090,13,004,01,#,5.4,#,0.27
1310090033,1990,1310090,13,004,01,#,7.6,#,0.63
1310090040,1990,1310090,13,004,01,#,5.9,#,0.53
1310090043,1990,1310090,13,004,01,#,7.5,#,0.54
1310100001,1990,1310100,13,004,02,#,5.7,#,0.43
1310100005,1990,1310100,13,004,02,#,3.2,#,0.21
1310100009,1990,1310100,13,004,02,#,4.8,#,0.31
1310100013,1990,1310100,13,004,02,#,3.3,#,0.41
1310100017,1990,1310100,13,004,02,#,3.7,#,0.41
1310100021,1990,1310100,13,004,02,#,1.9,#,0.25
1310100025,1990,1310100,13,004,02,#,4.7,#,0.15
1310100029,1990,1310100,13,004,02,#,3.5,#,0.17
1310100033,1990,1310100,13,004,02,#,3.7,#,0.18
1310100037,1990,1310100,13,004,02,#,4.1,#,0.24
1310100041,1990,1310100,13,004,02,#,5.5,#,0.29
1310100045,1990,1310100,13,004,02,#,6.3,#,0.37
1310110002,1990,1310110,13,004,51,#,3.8,#,0.18
1310110004,1990,1310110,13,004,51,#,2.7,#,0.22
1310110006,1990,1310110,13,004,51,#,2.4,#,0.25
1310110008,1990,1310110,13,004,51,#,3.2,#,0.19
1310110010,1990,1310110,13,004,51,#,2.4,#,0.22
1310110012,1990,1310110,13,004,51,#,2.8,#,0.21
1310110014,1990,1310110,13,004,51,#,4.2,#,0.26
1310110016,1990,1310110,13,004,51,#,5.2,#,0.28
1310110018,1990,1310110,13,004,51,#,5.3,#,0.28
1310110020,1990,1310110,13,004,51,#,8.1,#,0.65
1310110022,1990,1310110,13,004,51,#,5.8,#,0.51
1310110024,1990,1310110,13,004,51,#,7.1,#,0.42
1310140002,1990,1310140,13,005,01,#,5.5,#,0.33
1310140004,1990,1310140,13,005,01,#,4.7,#,0.51
1310140006,1990,1310140,13,005,01,#,5.2,#,0.68
1310140008,1990,1310140,13,005,01,#,4.1,#,0.58
1310140021,1990,1310140,13,005,01,#,4.5,#,0.57
1310140023,1990,1310140,13,005,01,#,5.4,#,0.76
1310140025,1990,1310140,13,005,01,#,7.1,#,0.94
1310140027,1990,1310140,13,005,01,#,7.9,#,0.96
1310140029,1990,1310140,13,005,01,#,9.1,#,0.87
1310140031,1990,1310140,13,005,01,#,7.6,#,0.63
1310140043,1990,1310140,13,005,01,#,9.9,#,1
1310140045,1990,1310140,13,005,01,#,8.5,#,0.84
1310160001,1990,1310160,13,005,52,#,9.2,#,0.96
1310160003,1990,1310160,13,005,52,#,6.1,#,0.6
1310160005,1990,1310160,13,005,52,#,7.2,#,0.57
1310160007,1990,1310160,13,005,52,#,8.8,#,1
1310160009,1990,1310160,13,005,52,#,5.6,#,0.69
1310160011,1990,1310160,13,005,52,#,1,#,0.75
1310160013,1990,1310160,13,005,52,#,6.2,#,0.47
1310160016,1990,1310160,13,005,52,#,5.3,#,0.47
1310160017,1990,1310160,13,005,52,#,4.1,#,0.23
1310160019,1990,1310160,13,005,52,#,7,#,0.44
1310160021,1990,1310160,13,005,52,#,10,#,1.2
1310160024,1990,1310160,13,005,52,#,13,#,1.3
1310180001,1990,1310180,13,006,01,#,6.5,#,0.54
1310180004,1990,1310180,13,006,01,#,6.5,#,0.45
1310180007,1990,1310180,13,006,01,#,6.6,#,0.54
1310180010,1990,1310180,13,006,01,#,6.2,#,0.35
1310180013,1990,1310180,13,006,01,#,5.1,#,0.28
1310180021,1990,1310180,13,006,01,#,6.9,#,0.53
1310180024,1990,1310180,13,006,01,#,4.8,#,0.24
1310180027,1990,1310180,13,006,01,#,6.6,#,0.36
1310180030,1990,1310180,13,006,01,#,5.8,#,0.2
1310180033,1990,1310180,13,006,01,#,10,#,0.69
1310180036,1990,1310180,13,006,01,#,6.3,#,0.29
1310180044,1990,1310180,13,006,01,#,8,#,0.49
1310190001,1990,1310190,13,006,02,#,4.2,#,0.25
1310190004,1990,1310190,13,006,02,#,4.4,#,0.31
1310190007,1990,1310190,13,006,02,#,4.3,#,0.41
1310190010,1990,1310190,13,006,02,#,4.1,#,0.33
1310190013,1990,1310190,13,006,02,#,2.9,#,0.25
1310190021,1990,1310190,13,006,02,#,2.2,#,0.29
1310190024,1990,1310190,13,006,02,#,2.9,#,0.18
1310190027,1990,1310190,13,006,02,#,2,#,0.14
1310190030,1990,1310190,13,006,02,#,5.6,#,0.2
1310190033,1990,1310190,13,006,02,#,6.5,#,0.4
1310190036,1990,1310190,13,006,02,#,2.9,#,0.15
1310190044,1990,1310190,13,006,02,#,4.4,#,0.29
1310200001,1990,1310200,13,006,51,#,4.3,#,0.29
1310200003,1990,1310200,13,006,51,#,4.6,#,0.29
1310200005,1990,1310200,13,006,51,#,7.2,#,0.41
1310200007,1990,1310200,13,006,51,#,4.6,#,0.19
1310200009,1990,1310200,13,006,51,#,5.2,#,0.27
1310200011,1990,1310200,13,006,51,#,7.9,#,0.62
1310200013,1990,1310200,13,006,51,#,4.4,#,0.21
1310200015,1990,1310200,13,006,51,#,7,#,0.34
1310200017,1990,1310200,13,006,51,#,4.8,#,0.12
1310200019,1990,1310200,13,006,51,#,7.5,#,0.42
1310200021,1990,1310200,13,006,51,#,7,#,0.34
1310200023,1990,1310200,13,006,51,#,8.5,#,0.48
1310210001,1990,1310210,13,006,52,#,6.6,#,0.55
1310210003,1990,1310210,13,006,52,#,6.9,#,0.59
1310210005,1990,1310210,13,006,52,#,7.8,#,0.6
1310210007,1990,1310210,13,006,52,#,5.8,#,0.43
1310210009,1990,1310210,13,006,52,#,6.3,#,0.38
1310210011,1990,1310210,13,006,52,#,8.5,#,0.63
1310210013,1990,1310210,13,006,52,#,4.7,#,0.29
1310210015,1990,1310210,13,006,52,#,7.3,#,0.4
1310210017,1990,1310210,13,006,52,#,5.2,#,0.18
1310210019,1990,1310210,13,006,52,#,7.7,#,0.46
1310210021,1990,1310210,13,006,52,#,6.5,#,0.31
1310210023,1990,1310210,13,006,52,#,7,#,0.56
1310220001,1990,1310220,13,006,53,#,3.8,#,0.25
1310220003,1990,1310220,13,006,53,#,3.9,#,0.32
1310220005,1990,1310220,13,006,53,#,5.8,#,0.42
1310220007,1990,1310220,13,006,53,#,4.1,#,0.33
1310220009,1990,1310220,13,006,53,#,3.8,#,0.28
1310220011,1990,1310220,13,006,53,#,2.6,#,0.27
1310220013,1990,1310220,13,006,53,#,2.7,#,0.2
1310220015,1990,1310220,13,006,53,#,2,#,0.14
1310220017,1990,1310220,13,006,53,#,5.1,#,0.19
1310220019,1990,1310220,13,006,53,#,6.4,#,0.45
1310220021,1990,1310220,13,006,53,#,5.5,#,0.24
1310220023,1990,1310220,13,006,53,#,5,#,0.18
1310230001,1990,1310230,13,007,01,#,11,#,0.74
1310230005,1990,1310230,13,007,01,#,6.9,#,0.59
1310230009,1990,1310230,13,007,01,#,14,#,0.94
1310230013,1990,1310230,13,007,01,#,11,#,0.75
1310230017,1990,1310230,13,007,01,#,8.2,#,0.79
1310230021,1990,1310230,13,007,01,#,8.2,#,0.81
1310230025,1990,1310230,13,007,01,#,9,#,0.49
1310230029,1990,1310230,13,007,01,#,4.7,#,0.27
1310230033,1990,1310230,13,007,01,#,7.2,#,0.29
1310230037,1990,1310230,13,007,01,#,7,#,0.45
1310230041,1990,1310230,13,007,01,#,11,#,0.56
1310230045,1990,1310230,13,007,01,#,9.4,#,0.44
1310240001,1990,1310240,13,007,02,#,12,#,0.96
1310240005,1990,1310240,13,007,02,#,8.1,#,0.84
1310240009,1990,1310240,13,007,02,#,16,#,1
1310240013,1990,1310240,13,007,02,#,14,#,1
1310240017,1990,1310240,13,007,02,#,14,#,1.3
1310240021,1990,1310240,13,007,02,#,7.2,#,0.9
1310240025,1990,1310240,13,007,02,#,9.6,#,0.52
1310240029,1990,1310240,13,007,02,#,8.8,#,0.52
1310240033,1990,1310240,13,007,02,#,9.7,#,0.45
1310240037,1990,1310240,13,007,02,#,13,#,1.1
1310240041,1990,1310240,13,007,02,#,17,#,1.2
1310240045,1990,1310240,13,007,02,#,18,#,1.2
1310250001,1990,1310250,13,007,51,#,6.7,#,0.44
1310250003,1990,1310250,13,007,51,#,7.6,#,0.54
1310250005,1990,1310250,13,007,51,#,9.1,#,0.6
1310250007,1990,1310250,13,007,51,#,6,#,0.39
1310250009,1990,1310250,13,007,51,#,5.9,#,0.31
1310250011,1990,1310250,13,007,51,#,8.4,#,0.75
1310250013,1990,1310250,13,007,51,#,4.9,#,0.28
1310250015,1990,1310250,13,007,51,#,7.7,#,0.46
1310250017,1990,1310250,13,007,51,#,9.9,#,0.42
1310250019,1990,1310250,13,007,51,#,7.9,#,0.39
1310250021,1990,1310250,13,007,51,#,11,#,0.57
1310250023,1990,1310250,13,007,51,#,10,#,0.74
1310260001,1990,1310260,13,007,53,#,13,#,1
1310260003,1990,1310260,13,007,53,#,8.9,#,0.77
1310260005,1990,1310260,13,007,53,#,17,#,1.1
1310260007,1990,1310260,13,007,53,#,12,#,0.97
1310260009,1990,1310260,13,007,53,#,11,#,1.1
1310260011,1990,1310260,13,007,53,#,7.6,#,0.97
1310260013,1990,1310260,13,007,53,#,10,#,0.68
1310260015,1990,1310260,13,007,53,#,6.9,#,0.41
1310260017,1990,1310260,13,007,53,#,9.4,#,0.44
1310260019,1990,1310260,13,007,53,#,12,#,0.78
1310260021,1990,1310260,13,007,53,#,15,#,0.94
1310260023,1990,1310260,13,007,53,#,14,#,0.69
1310290001,1990,1310290,13,008,01,#,4.4,#,0.5
1310290003,1990,1310290,13,008,01,#,4.9,#,0.37
1310290005,1990,1310290,13,008,01,#,7.1,#,0.6
1310290007,1990,1310290,13,008,01,#,6.5,#,0.66
1310290009,1990,1310290,13,008,01,#,3.5,#,0.44
1310290011,1990,1310290,13,008,01,#,2.7,#,0.33
1310290013,1990,1310290,13,008,01,#,3,#,0.3
1310290015,1990,1310290,13,008,01,#,6.5,#,0.43
1310290017,1990,1310290,13,008,01,#,5.1,#,0.26
1310290019,1990,1310290,13,008,01,#,5.3,#,0.39
1310290021,1990,1310290,13,008,01,#,5.3,#,0.29
1310290023,1990,1310290,13,008,01,#,10,#,0.41
1310300001,1990,1310300,13,009,01,#,7.4,#,0.79
1310300003,1990,1310300,13,009,01,#,10,#,0.93
1310300005,1990,1310300,13,009,01,#,6.5,#,0.47
1310300007,1990,1310300,13,009,01,#,9,#,0.77
1310300009,1990,1310300,13,009,01,#,6.5,#,0.53
1310300011,1990,1310300,13,009,01,#,3.7,#,0.38
1310300013,1990,1310300,13,009,01,#,4.6,#,0.34
1310300015,1990,1310300,13,009,01,#,8.9,#,0.26
1310300017,1990,1310300,13,009,01,#,8.7,#,0.38
1310300019,1990,1310300,13,009,01,#,4,#,0.29
1310300021,1990,1310300,13,009,01,#,7.3,#,0.39
1310300023,1990,1310300,13,009,01,#,4.2,#,0.16
1310310001,1990,1310310,13,010,01,#,5,#,0.35
1310310002,1990,1310310,13,010,01,#,3.7,#,0.42
1310310003,1990,1310310,13,010,01,#,4.6,#,0.42
1310310005,1990,1310310,13,010,01,#,5.8,#,0.54
1310310006,1990,1310310,13,010,01,#,4.3,#,0.6
1310310007,1990,1310310,13,010,01,#,4.1,#,0.35
1310310008,1990,1310310,13,010,01,#,4.8,#,0.26
1310310009,1990,1310310,13,010,01,#,4.2,#,0.21
1310310010,1990,1310310,13,010,01,#,4,#,0.31
1310310011,1990,1310310,13,010,01,#,6.1,#,0.33
1310310012,1990,1310310,13,010,01,#,3.9,#,0.18
1310320001,1990,1310320,13,011,01,#,8.1,#,0.67
1310320003,1990,1310320,13,011,01,#,6.5,#,0.65
1310320005,1990,1310320,13,011,01,#,8.2,#,0.67
1310320007,1990,1310320,13,011,01,#,15,#,1.1
1310320009,1990,1310320,13,011,01,#,8.6,#,0.83
1310320011,1990,1310320,13,011,01,#,5.2,#,0.58
1310320013,1990,1310320,13,011,01,#,4.6,#,0.3
1310320015,1990,1310320,13,011,01,#,6.1,#,0.38
1310320017,1990,1310320,13,011,01,#,5.1,#,0.37
1310320019,1990,1310320,13,011,01,#,6.9,#,0.43
1310320021,1990,1310320,13,011,01,#,9.8,#,0.67
1310320023,1990,1310320,13,011,01,#,6.6,#,0.34
1310330001,1990,1310330,13,012,01,#,7.6,#,0.85
1310330003,1990,1310330,13,012,01,#,4.9,#,0.65
1310330005,1990,1310330,13,012,01,#,7.2,#,0.87
1310330007,1990,1310330,13,012,01,#,8.3,#,1
1310330009,1990,1310330,13,012,01,#,8.7,#,1.5
1310330011,1990,1310330,13,012,01,#,5.8,#,0.96
1310330013,1990,1310330,13,012,01,#,5.7,#,0.85
1310330015,1990,1310330,13,012,01,#,5,#,0.42
1310330017,1990,1310330,13,012,01,#,6.1,#,0.61
1310330019,1990,1310330,13,012,01,#,5.2,#,0.79
1310330021,1990,1310330,13,012,01,#,7.1,#,0.68
1310330023,1990,1310330,13,012,01,#,7.8,#,0.58
1310340001,1990,1310340,13,013,01,#,0.61,#,0.011
1310340005,1990,1310340,13,013,01,#,0.59,#,0.012
1310340009,1990,1310340,13,013,01,#,0.54,#,0.011
1310340013,1990,1310340,13,013,01,#,0.4,#,0.015
1310340017,1990,1310340,13,013,01,#,0.52,#,0.01
1310340021,1990,1310340,13,013,01,#,0.52,<,0.003
1310340025,1990,1310340,13,013,01,#,0.47,#,0.015
1310340029,1990,1310340,13,013,01,#,0.99,#,0.02
1310340033,1990,1310340,13,013,01,#,0.81,#,0.016
1310340037,1990,1310340,13,013,01,#,0.49,#,0.012
1310340041,1990,1310340,13,013,01,#,0.72,#,0.01
1310340045,1990,1310340,13,013,01,#,0.45,<,0.003
1310370001,1990,1310370,13,014,01,#,3.3,#,0.067
1310370005,1990,1310370,13,014,01,#,2.5,#,0.16
1310370009,1990,1310370,13,014,01,#,1.8,#,0.17
1310370013,1990,1310370,13,014,01,#,2.2,#,0.16
1310370017,1990,1310370,13,014,01,#,1,#,0.067
1310370025,1990,1310370,13,014,01,#,1.7,#,0.068
1310370029,1990,1310370,13,014,01,#,2.8,#,0.18
1310370033,1990,1310370,13,014,01,#,1,#,0.034
1310370037,1990,1310370,13,014,01,#,1.5,#,0.045
1310370041,1990,1310370,13,014,01,#,2.8,#,0.12
1310370045,1990,1310370,13,014,01,#,3.4,#,0.13
1310370053,1990,1310370,13,014,01,#,3.3,#,0.092
1310380001,1990,1310380,13,014,51,#,1.3,E,99999
1310380003,1990,1310380,13,014,51,#,0.72,E,99999
1310380005,1990,1310380,13,014,51,#,0.62,E,99999
1310380007,1990,1310380,13,014,51,#,0.73,E,99999
1310380009,1990,1310380,13,014,51,#,0.49,E,99999
1310380011,1990,1310380,13,014,51,#,0.96,E,99999
1310380013,1990,1310380,13,014,51,#,1,E,99999
1310380015,1990,1310380,13,014,51,#,0.41,E,99999
1310380017,1990,1310380,13,014,51,#,0.72,E,99999
1310380019,1990,1310380,13,014,51,#,0.93,E,99999
1310380021,1990,1310380,13,014,51,#,0.6,E,99999
1310380023,1990,1310380,13,014,51,#,0.47,E,99999
1310390001,1990,1310390,13,014,52,#,0.63,#,0.025
1310390002,1990,1310390,13,014,52,#,0.56,#,0.02
1310390003,1990,1310390,13,014,52,#,0.52,#,0.016
1310390004,1990,1310390,13,014,52,#,0.53,#,0.015
1310390005,1990,1310390,13,014,52,#,0.45,#,0.022
1310390006,1990,1310390,13,014,52,#,0.6,<,0.003
1310390007,1990,1310390,13,014,52,#,0.6,#,0.015
1310390008,1990,1310390,13,014,52,#,0.66,#,0.016
1310390009,1990,1310390,13,014,52,#,0.74,#,0.016
1310390010,1990,1310390,13,014,52,#,0.96,#,0.01
1310390011,1990,1310390,13,014,52,#,0.53,<,0.003
1310390012,1990,1310390,13,014,52,#,0.59,#,0.011
1310400001,1990,1310400,13,014,53,#,2.1,#,0.061
1310400002,1990,1310400,13,014,53,#,2.5,#,0.14
1310400003,1990,1310400,13,014,53,#,1.6,#,0.16
1310400004,1990,1310400,13,014,53,#,1.4,#,0.096
1310400005,1990,1310400,13,014,53,#,1.2,#,0.11
1310400006,1990,1310400,13,014,53,#,1.3,#,0.14
1310400007,1990,1310400,13,014,53,#,2.4,#,0.043
1310400008,1990,1310400,13,014,53,#,1.5,#,0.029
1310400009,1990,1310400,13,014,53,#,3.2,#,0.044
1310400010,1990,1310400,13,014,53,#,2.7,#,0.15
1310400011,1990,1310400,13,014,53,#,4.1,#,0.16
1310400012,1990,1310400,13,014,53,#,3.1,#,0.11
1310410001,1990,1310410,13,015,01,#,7.6,#,0.48
1310410005,1990,1310410,13,015,01,#,8.4,#,1.4
1310410009,1990,1310410,13,015,01,#,7.2,#,0.8
1310410013,1990,1310410,13,015,01,#,7,#,0.72
1310410017,1990,1310410,13,015,01,#,6.1,#,0.82
1310410021,1990,1310410,13,015,01,#,6.6,#,0.66
1310410025,1990,1310410,13,015,01,#,2.5,#,0.2
1310410029,1990,1310410,13,015,01,#,3.2,#,0.25
1310410033,1990,1310410,13,015,01,#,3.5,#,0.21
1310410037,1990,1310410,13,015,01,#,9,#,0.74
1310410041,1990,1310410,13,015,01,#,11,#,0.67
1310410045,1990,1310410,13,015,01,#,9.5,#,0.87
1310420001,1990,1310420,13,015,02,#,6.5,#,0.4
1310420005,1990,1310420,13,015,02,#,5.5,#,0.62
1310420009,1990,1310420,13,015,02,#,5.3,#,1
1310420013,1990,1310420,13,015,02,#,6.9,#,0.59
1310420017,1990,1310420,13,015,02,#,5.1,#,0.57
1310420025,1990,1310420,13,015,02,#,4.6,#,0.32
1310420029,1990,1310420,13,015,02,#,2.4,#,0.25
1310420033,1990,1310420,13,015,02,#,3.1,#,0.17
1310420037,1990,1310420,13,015,02,#,3.1,#,0.15
1310420041,1990,1310420,13,015,02,#,8.3,#,0.68
1310420045,1990,1310420,13,015,02,#,10,#,0.51
1310420053,1990,1310420,13,015,02,#,8.8,#,0.79
1310430001,1990,1310430,13,015,51,#,5.1,E,99999
1310430005,1990,1310430,13,015,51,#,3.8,E,99999
1310430009,1990,1310430,13,015,51,#,3.6,E,99999
1310430013,1990,1310430,13,015,51,#,3.9,E,99999
1310430017,1990,1310430,13,015,51,#,3.2,E,99999
1310430021,1990,1310430,13,015,51,#,2.9,E,99999
1310430025,1990,1310430,13,015,51,#,1.8,E,99999
1310430029,1990,1310430,13,015,51,#,1.7,E,99999
1310430033,1990,1310430,13,015,51,#,2,E,99999
1310430037,1990,1310430,13,015,51,#,5.2,E,99999
1310430041,1990,1310430,13,015,51,#,10,E,99999
1310430045,1990,1310430,13,015,51,#,8.6,E,99999
1310450001,1990,1310450,13,015,53,#,6.8,E,99999
1310450003,1990,1310450,13,015,53,#,4.9,E,99999
1310450005,1990,1310450,13,015,53,#,6.3,E,99999
1310450007,1990,1310450,13,015,53,#,5.6,E,99999
1310450009,1990,1310450,13,015,53,#,5.5,E,99999
1310450011,1990,1310450,13,015,53,#,4.9,E,99999
1310450013,1990,1310450,13,015,53,#,2.6,E,99999
1310450015,1990,1310450,13,015,53,#,2.7,E,99999
1310450017,1990,1310450,13,015,53,#,3.3,E,99999
1310450019,1990,1310450,13,015,53,#,8.5,E,99999
1310450021,1990,1310450,13,015,53,#,9.7,E,99999
1310450023,1990,1310450,13,015,53,#,9.4,E,99999
1310460001,1990,1310460,13,015,54,#,7.3,#,0.45
1310460005,1990,1310460,13,015,54,#,7.1,#,0.91
1310460009,1990,1310460,13,015,54,#,6.1,#,0.71
1310460013,1990,1310460,13,015,54,#,7.4,#,0.7
1310460017,1990,1310460,13,015,54,#,5.7,#,0.68
1310460021,1990,1310460,13,015,54,#,5.6,#,0.47
1310460025,1990,1310460,13,015,54,#,2.4,#,0.19
1310460029,1990,1310460,13,015,54,#,2.8,#,0.17
1310460033,1990,1310460,13,015,54,#,3,#,0.16
1310460037,1990,1310460,13,015,54,#,9.1,#,0.77
1310460041,1990,1310460,13,015,54,#,10,#,0.57
1310460045,1990,1310460,13,015,54,#,9.5,#,0.93
1310470001,1990,1310470,13,015,55,#,6,#,0.39
1310470002,1990,1310470,13,015,55,#,5.6,#,0.54
1310470003,1990,1310470,13,015,55,#,4.9,#,0.45
1310470004,1990,1310470,13,015,55,#,6.5,#,0.62
1310470005,1990,1310470,13,015,55,#,5.5,#,0.54
1310470006,1990,1310470,13,015,55,#,4.8,#,0.48
1310470007,1990,1310470,13,015,55,#,4.5,#,0.26
1310470008,1990,1310470,13,015,55,#,4.5,#,0.23
1310470009,1990,1310470,13,015,55,#,6.8,#,0.27
1310470010,1990,1310470,13,015,55,#,7.9,#,0.61
1310470011,1990,1310470,13,015,55,#,8.6,#,0.58
1310470012,1990,1310470,13,015,55,#,9,#,0.64
1310480001,1990,1310480,13,015,56,#,7,#,0.43
1310480005,1990,1310480,13,015,56,#,5.1,#,0.65
1310480009,1990,1310480,13,015,56,#,5.6,#,0.91
1310480013,1990,1310480,13,015,56,#,6.8,#,0.63
1310480017,1990,1310480,13,015,56,#,4.9,#,0.59
1310480021,1990,1310480,13,015,56,#,4.9,#,0.36
1310480025,1990,1310480,13,015,56,#,2.6,#,0.22
1310480029,1990,1310480,13,015,56,#,2.9,#,0.17
1310480033,1990,1310480,13,015,56,#,3.4,#,0.16
1310480037,1990,1310480,13,015,56,#,9.2,#,0.87
1310480041,1990,1310480,13,015,56,#,10,#,0.51
1310480045,1990,1310480,13,015,56,#,8.8,#,0.8
1310490001,1990,1310490,13,015,57,#,5.1,#,0.36
1310490002,1990,1310490,13,015,57,#,7.2,#,0.56
1310490003,1990,1310490,13,015,57,#,4.4,#,0.43
1310490004,1990,1310490,13,015,57,#,6,#,0.48
1310490005,1990,1310490,13,015,57,#,4.1,#,0.55
1310490006,1990,1310490,13,015,57,#,5.1,#,0.44
1310490007,1990,1310490,13,015,57,#,5.2,#,0.25
1310490008,1990,1310490,13,015,57,#,5.6,#,0.23
1310490009,1990,1310490,13,015,57,#,6.1,#,0.28
1310490010,1990,1310490,13,015,57,#,8.3,#,0.7
1310490011,1990,1310490,13,015,57,#,9.8,#,0.56
1310490012,1990,1310490,13,015,57,#,9.1,#,0.6
1310530001,1990,1310530,13,016,01,#,6,#,0.45
1310530005,1990,1310530,13,016,01,#,7.4,#,0.54
1310530009,1990,1310530,13,016,01,#,8.4,#,0.51
1310530013,1990,1310530,13,016,01,#,7.8,#,0.7
1310530017,1990,1310530,13,016,01,#,6.5,#,0.58
1310530021,1990,1310530,13,016,01,#,6.1,#,0.46
1310530025,1990,1310530,13,016,01,#,2.7,#,0.24
1310530029,1990,1310530,13,016,01,#,3.1,#,0.2
1310530033,1990,1310530,13,016,01,#,3.3,#,0.16
1310530037,1990,1310530,13,016,01,#,9.4,#,0.5
1310530041,1990,1310530,13,016,01,#,9.7,#,0.37
1310530045,1990,1310530,13,016,01,#,8.8,#,0.59
1310540001,1990,1310540,13,016,51,#,6.5,#,0.4
1310540005,1990,1310540,13,016,51,#,7.3,#,0.54
1310540009,1990,1310540,13,016,51,#,8.4,#,0.53
1310540013,1990,1310540,13,016,51,#,7.5,#,0.7
1310540017,1990,1310540,13,016,51,#,6.8,#,0.69
1310540021,1990,1310540,13,016,51,#,6.1,#,0.44
1310540025,1990,1310540,13,016,51,#,2.6,#,0.23
1310540029,1990,1310540,13,016,51,#,3.1,#,0.24
1310540033,1990,1310540,13,016,51,#,3.4,#,0.16
1310540037,1990,1310540,13,016,51,#,9.5,#,0.53
1310540041,1990,1310540,13,016,51,#,10,#,0.41
1310540045,1990,1310540,13,016,51,#,8.5,#,0.53
1310550001,1990,1310550,13,017,01,#,11,#,0.85
1310550005,1990,1310550,13,017,01,#,11,#,0.91
1310550009,1990,1310550,13,017,01,#,14,#,0.9
1310550013,1990,1310550,13,017,01,#,14,#,1
1310550017,1990,1310550,13,017,01,#,14,#,1.1
1310550021,1990,1310550,13,017,01,#,4.8,#,0.89
1310550025,1990,1310550,13,017,01,#,9.8,#,0.72
1310550029,1990,1310550,13,017,01,#,8.1,#,0.5
1310550033,1990,1310550,13,017,01,#,10,#,0.41
1310550037,1990,1310550,13,017,01,#,13,#,1.1
1310550041,1990,1310550,13,017,01,#,17,#,0.97
1310550045,1990,1310550,13,017,01,#,17,#,1.1
1310560001,1990,1310560,13,017,51,#,8.1,#,0.51
1310560003,1990,1310560,13,017,51,#,8.1,#,0.58
1310560005,1990,1310560,13,017,51,#,10,#,0.63
1310560007,1990,1310560,13,017,51,#,11,#,0.92
1310560009,1990,1310560,13,017,51,#,11,#,1.3
1310560011,1990,1310560,13,017,51,#,4.2,#,0.89
1310560013,1990,1310560,13,017,51,#,6.9,#,0.33
1310560015,1990,1310560,13,017,51,#,13,#,0.35
1310560017,1990,1310560,13,017,51,#,8.4,#,0.28
1310560019,1990,1310560,13,017,51,#,11,#,0.69
1310560021,1990,1310560,13,017,51,#,14,#,0.79
1310560023,1990,1310560,13,017,51,#,15,#,1.1
1310570001,1990,1310570,13,017,52,#,14,#,0.81
1310570003,1990,1310570,13,017,52,#,10,#,0.93
1310570005,1990,1310570,13,017,52,#,11,#,0.67
1310570007,1990,1310570,13,017,52,#,16,#,1.4
1310570009,1990,1310570,13,017,52,#,15,#,1.3
1310570011,1990,1310570,13,017,52,#,5.1,#,1
1310570013,1990,1310570,13,017,52,#,10,#,0.58
1310570015,1990,1310570,13,017,52,#,9,E,99999
1310570016,1990,1310570,13,017,52,E,99999,#,0.49
1310570017,1990,1310570,13,017,52,#,10,#,0.5
1310570019,1990,1310570,13,017,52,#,14,#,0.94
1310570021,1990,1310570,13,017,52,#,18,#,0.82
1310570023,1990,1310570,13,017,52,#,16,#,0.95
1310580001,1990,1310580,13,018,01,#,9.9,#,0.65
1310580003,1990,1310580,13,018,01,#,10,#,0.61
1310580005,1990,1310580,13,018,01,#,9.8,#,0.82
1310580007,1990,1310580,13,018,01,#,11,#,0.7
1310580009,1990,1310580,13,018,01,#,10,#,0.92
1310580011,1990,1310580,13,018,01,#,4.4,#,0.5
1310580013,1990,1310580,13,018,01,#,10,#,0.36
1310580015,1990,1310580,13,018,01,#,8.8,#,0.83
1310580017,1990,1310580,13,018,01,#,11,#,0.19
1310580019,1990,1310580,13,018,01,#,9.7,#,0.56
1310580021,1990,1310580,13,018,01,#,10,#,0.57
1310580023,1990,1310580,13,018,01,#,10,#,0.65
1310600001,1990,1310600,13,019,01,#,8.3,#,0.34
1310600003,1990,1310600,13,019,01,#,9.7,#,0.7
1310600005,1990,1310600,13,019,01,#,8.6,#,0.69
1310600007,1990,1310600,13,019,01,#,13,#,0.93
1310600009,1990,1310600,13,019,01,#,6.5,#,0.47
1310600011,1990,1310600,13,019,01,#,4.3,#,0.28
1310600013,1990,1310600,13,019,01,#,8.1,#,0.32
1310600015,1990,1310600,13,019,01,#,15,#,0.41
1310600017,1990,1310600,13,019,01,#,8.8,#,0.19
1310600019,1990,1310600,13,019,01,#,8.3,#,0.24
1310600021,1990,1310600,13,019,01,#,10,#,0.26
1310600023,1990,1310600,13,019,01,#,8.5,#,0.17
1310630001,1990,1310630,13,020,01,#,12,#,0.52
1310630003,1990,1310630,13,020,01,#,10,#,0.68
1310630005,1990,1310630,13,020,01,#,13,#,0.66
1310630007,1990,1310630,13,020,01,#,14,#,0.89
1310630009,1990,1310630,13,020,01,#,11,#,0.74
1310630011,1990,1310630,13,020,01,#,9.5,#,0.52
1310630013,1990,1310630,13,020,01,#,10,#,0.51
1310630015,1990,1310630,13,020,01,#,8.1,#,0.45
1310630017,1990,1310630,13,020,01,#,8.7,#,0.3
1310630019,1990,1310630,13,020,01,#,9.6,#,0.5
1310630021,1990,1310630,13,020,01,#,12,#,0.48
1310630023,1990,1310630,13,020,01,#,12,#,0.48
1310650001,1990,1310650,13,020,52,#,11,#,0.75
1310650003,1990,1310650,13,020,52,#,10,#,0.74
1310650005,1990,1310650,13,020,52,#,8.5,#,0.35
1310650007,1990,1310650,13,020,52,#,12,#,0.87
1310650009,1990,1310650,13,020,52,#,10,#,0.7
1310650011,1990,1310650,13,020,52,#,4.5,#,0.88
1310650013,1990,1310650,13,020,52,#,11,#,0.46
1310650015,1990,1310650,13,020,52,#,11,#,0.45
1310650017,1990,1310650,13,020,52,#,11,#,0.34
1310650019,1990,1310650,13,020,52,#,13,#,0.97
1310650021,1990,1310650,13,020,52,#,16,#,0.64
1310650023,1990,1310650,13,020,52,#,16,#,0.77
1310660001,1990,1310660,13,021,01,#,2.6,#,0.051
1310660003,1990,1310660,13,021,01,#,3.2,#,0.075
1310660005,1990,1310660,13,021,01,#,2.5,#,0.05
1310660007,1990,1310660,13,021,01,#,2.3,#,0.055
1310660009,1990,1310660,13,021,01,#,2.4,#,0.045
1310660011,1990,1310660,13,021,01,#,3.9,#,0.039
1310660013,1990,1310660,13,021,01,#,6.6,#,0.025
1310660015,1990,1310660,13,021,01,#,3.2,#,0.03
1310660017,1990,1310660,13,021,01,#,4.7,#,0.038
1310660019,1990,1310660,13,021,01,#,4.4,#,0.024
1310660021,1990,1310660,13,021,01,#,4.2,#,0.041
1310660023,1990,1310660,13,021,01,#,4.4,#,0.042
1310670001,1990,1310670,13,022,01,#,1.5,#,0.026
1310670003,1990,1310670,13,022,01,#,1.2,#,0.032
1310670005,1990,1310670,13,022,01,#,1.3,#,0.028
1310670007,1990,1310670,13,022,01,#,1.1,#,0.033
1310670009,1990,1310670,13,022,01,#,1,#,0.02
1310670011,1990,1310670,13,022,01,#,1,#,0.021
1310670013,1990,1310670,13,022,01,#,1.4,#,0.016
1310670015,1990,1310670,13,022,01,#,1.4,#,0.016
1310670017,1990,1310670,13,022,01,#,1.4,#,0.015
1310670019,1990,1310670,13,022,01,#,0.84,#,0.01
1310670021,1990,1310670,13,022,01,#,1.1,#,0.01
1310670023,1990,1310670,13,022,01,#,1.3,#,0.015
1310690001,1990,1310690,13,023,01,#,7.3,#,0.66
1310690002,1990,1310690,13,023,01,#,8.2,#,1
1310690003,1990,1310690,13,023,01,#,8.1,#,0.59
1310690004,1990,1310690,13,023,01,#,7.5,#,1
1310690005,1990,1310690,13,023,01,#,6.1,#,0.7
1310690006,1990,1310690,13,023,01,#,6.1,#,1
1310690007,1990,1310690,13,023,01,#,6,#,0.69
1310690008,1990,1310690,13,023,01,#,7.2,#,0.99
1310690009,1990,1310690,13,023,01,#,6.2,#,0.96
1310690010,1990,1310690,13,023,01,#,6.5,#,1.3
1310690011,1990,1310690,13,023,01,#,6.2,#,0.86
1310690012,1990,1310690,13,023,01,#,6,#,1.5
1310690013,1990,1310690,13,023,01,#,5.9,#,0.25
1310690014,1990,1310690,13,023,01,#,5.6,#,0.23
1310690015,1990,1310690,13,023,01,#,10,#,0.36
1310690016,1990,1310690,13,023,01,#,7.4,#,0.4
1310690017,1990,1310690,13,023,01,#,8.4,#,0.88
1310690018,1990,1310690,13,023,01,#,7.3,#,0.47
1310690019,1990,1310690,13,023,01,#,11,#,0.94
1310690020,1990,1310690,13,023,01,#,9.8,#,1
1310690021,1990,1310690,13,023,01,#,10,#,1
1310690022,1990,1310690,13,023,01,#,9.5,#,1
1310690023,1990,1310690,13,023,01,#,8.7,#,0.79
1310690024,1990,1310690,13,023,01,#,8.9,#,1.4
1310700001,1990,1310700,13,024,01,#,4.7,#,0.93
1310700005,1990,1310700,13,024,01,#,2.9,#,0.23
1310700009,1990,1310700,13,024,01,#,3.2,#,0.29
1310700013,1990,1310700,13,024,01,#,2.8,#,0.49
1310700017,1990,1310700,13,024,01,#,3.1,#,0.092
1310700021,1990,1310700,13,024,01,#,4.4,#,0.35
1310700025,1990,1310700,13,024,01,#,8.8,#,0.76
1310700029,1990,1310700,13,024,01,#,7.1,#,0.42
1310700033,1990,1310700,13,024,01,#,5.6,#,0.36
1310700037,1990,1310700,13,024,01,#,6.8,#,0.2
1310700041,1990,1310700,13,024,01,#,5.8,#,0.86
1310700045,1990,1310700,13,024,01,#,5.5,#,1.1
1310730001,1990,1310730,13,025,01,#,4.7,#,0.12
1310730002,1990,1310730,13,025,01,#,3.5,#,0.11
1310730003,1990,1310730,13,025,01,#,3.3,#,0.16
1310730004,1990,1310730,13,025,01,#,2.8,#,0.11
1310730005,1990,1310730,13,025,01,#,3.2,#,0.19
1310730006,1990,1310730,13,025,01,#,3.3,#,0.14
1310730007,1990,1310730,13,025,01,#,3.5,#,0.19
1310730008,1990,1310730,13,025,01,#,5,#,0.13
1310730009,1990,1310730,13,025,01,#,3.3,#,0.56
1310730010,1990,1310730,13,025,01,#,2.8,#,0.33
1310730011,1990,1310730,13,025,01,#,3.1,#,0.17
1310730012,1990,1310730,13,025,01,#,3.4,#,0.13
1310730013,1990,1310730,13,025,01,#,2.8,#,0.026
1310730014,1990,1310730,13,025,01,#,2.8,#,0.03
1310730015,1990,1310730,13,025,01,#,2.8,#,0.056
1310730016,1990,1310730,13,025,01,#,2.9,#,0.058
1310730017,1990,1310730,13,025,01,#,2.9,#,0.08
1310730018,1990,1310730,13,025,01,#,2.9,#,0.067
1310730019,1990,1310730,13,025,01,#,4.4,#,0.18
1310730020,1990,1310730,13,025,01,#,4.4,#,0.17
1310730021,1990,1310730,13,025,01,#,4.7,#,0.27
1310730022,1990,1310730,13,025,01,#,4,#,0.2
1310730023,1990,1310730,13,025,01,#,4.6,#,0.19
1310730024,1990,1310730,13,025,01,#,4.7,#,0.18
1310740001,1990,1310740,13,026,01,#,6.9,#,0.49
1310740005,1990,1310740,13,026,01,#,6.4,#,1.3
1310740009,1990,1310740,13,026,01,#,8.6,#,0.8
1310740013,1990,1310740,13,026,01,#,8.5,#,0.96
1310740017,1990,1310740,13,026,01,#,10,#,0.8
1310740021,1990,1310740,13,026,01,#,7.1,#,0.54
1310740025,1990,1310740,13,026,01,#,4.1,#,0.3
1310740029,1990,1310740,13,026,01,#,4.2,#,0.22
1310740033,1990,1310740,13,026,01,#,5.3,#,0.27
1310740037,1990,1310740,13,026,01,#,11,#,0.62
1310740041,1990,1310740,13,026,01,#,9.3,#,0.67
1310740045,1990,1310740,13,026,01,#,10,#,1
1310750001,1990,1310750,13,026,51,#,7.9,#,0.5
1310750002,1990,1310750,13,026,51,#,9.2,#,0.59
1310750003,1990,1310750,13,026,51,#,9.3,#,0.92
1310750004,1990,1310750,13,026,51,#,6.6,#,0.56
1310750005,1990,1310750,13,026,51,#,9.3,#,1
1310750006,1990,1310750,13,026,51,#,6,#,0.65
1310750007,1990,1310750,13,026,51,#,4.2,#,0.14
1310750008,1990,1310750,13,026,51,#,6.2,#,0.29
1310750009,1990,1310750,13,026,51,#,5.6,#,0.27
1310750010,1990,1310750,13,026,51,#,13,#,0.94
1310750011,1990,1310750,13,026,51,#,12,#,0.93
1310750012,1990,1310750,13,026,51,#,13,#,0.72
1310780001,1990,1310780,13,027,01,#,4,#,0.24
1310780002,1990,1310780,13,027,01,#,13,#,0.25
1310780003,1990,1310780,13,027,01,#,22,#,0.28
1310780004,1990,1310780,13,027,01,#,6.9,#,0.25
1310780005,1990,1310780,13,027,01,#,81,#,0.5
1310780006,1990,1310780,13,027,01,#,44,#,0.55
1310780007,1990,1310780,13,027,01,#,49,#,0.37
1310780008,1990,1310780,13,027,01,#,8.1,#,0.16
1310780009,1990,1310780,13,027,01,#,6,#,0.82
1310780010,1990,1310780,13,027,01,#,20,#,1.2
1310780011,1990,1310780,13,027,01,#,7.9,#,0.63
1310780012,1990,1310780,13,027,01,#,57,#,0.48
1310780013,1990,1310780,13,027,01,#,3.6,#,0.058
1310780014,1990,1310780,13,027,01,#,5.9,#,0.076
1310780015,1990,1310780,13,027,01,#,4.8,#,0.17
1310780016,1990,1310780,13,027,01,#,14,#,0.16
1310780017,1990,1310780,13,027,01,#,13,#,0.27
1310780018,1990,1310780,13,027,01,#,8.4,#,0.12
1310780019,1990,1310780,13,027,01,#,9.8,#,0.43
1310780020,1990,1310780,13,027,01,#,19,#,0.39
1310780021,1990,1310780,13,027,01,#,8.1,#,0.53
1310780022,1990,1310780,13,027,01,#,25,#,1.3
1310780023,1990,1310780,13,027,01,#,24,#,1.8
1310780024,1990,1310780,13,027,01,#,8.6,#,0.47
1310790001,1990,1310790,13,028,01,#,7.4,#,0.54
1310790003,1990,1310790,13,028,01,#,6.9,#,0.6
1310790005,1990,1310790,13,028,01,#,6,#,0.52
1310790007,1990,1310790,13,028,01,#,4.3,#,0.46
1310790009,1990,1310790,13,028,01,#,5.5,#,0.66
1310790011,1990,1310790,13,028,01,#,5.3,#,0.44
1310790013,1990,1310790,13,028,01,#,5.4,#,0.49
1310790015,1990,1310790,13,028,01,#,5.7,#,0.52
1310790017,1990,1310790,13,028,01,#,5.7,#,0.28
1310790019,1990,1310790,13,028,01,#,9.4,#,0.74
1310790021,1990,1310790,13,028,01,#,8.8,#,0.53
1310790023,1990,1310790,13,028,01,#,9.9,#,0.83
1310800001,1990,1310800,13,029,01,#,2.6,#,0.064
1310800003,1990,1310800,13,029,01,#,2.6,#,1.1
1310800005,1990,1310800,13,029,01,#,3,#,0.4
1310800007,1990,1310800,13,029,01,#,3.7,#,0.46
1310800009,1990,1310800,13,029,01,#,3.1,#,0.3
1310800011,1990,1310800,13,029,01,#,3.9,#,0.29
1310800013,1990,1310800,13,029,01,#,4,#,0.25
1310800015,1990,1310800,13,029,01,#,2.8,#,0.071
1310800017,1990,1310800,13,029,01,#,3.9,#,0.18
1310800019,1990,1310800,13,029,01,#,4.7,#,0.33
1310800021,1990,1310800,13,029,01,#,4.6,#,0.31
1310800023,1990,1310800,13,029,01,#,4.4,#,0.34
1310810001,1990,1310810,13,030,01,#,11,#,0.52
1310810005,1990,1310810,13,030,01,#,9.4,#,0.55
1310810009,1990,1310810,13,030,01,#,20,#,0.95
1310810013,1990,1310810,13,030,01,#,19,#,0.69
1310810017,1990,1310810,13,030,01,#,28,#,0.82
1310810021,1990,1310810,13,030,01,#,27,#,1.1
1310810025,1990,1310810,13,030,01,#,18,#,0.56
1310810029,1990,1310810,13,030,01,#,12,#,0.4
1310810033,1990,1310810,13,030,01,#,8.4,#,0.25
1310810037,1990,1310810,13,030,01,#,14,#,0.76
1310810041,1990,1310810,13,030,01,#,29,#,0.8
1310810045,1990,1310810,13,030,01,#,27,#,0.7
1310830001,1990,1310830,13,031,01,#,13,#,1
1310830003,1990,1310830,13,031,01,#,12,#,1.2
1310830005,1990,1310830,13,031,01,#,9.2,#,1.2
1310830007,1990,1310830,13,031,01,#,11,#,1.3
1310830009,1990,1310830,13,031,01,#,6.4,#,0.6
1310830011,1990,1310830,13,031,01,#,12,#,1
1310830013,1990,1310830,13,031,01,#,7.2,#,0.48
1310830015,1990,1310830,13,031,01,#,10,#,0.69
1310830017,1990,1310830,13,031,01,#,12,#,0.39
1310830019,1990,1310830,13,031,01,#,13,#,1
1310830021,1990,1310830,13,031,01,#,14,#,1.3
1310830023,1990,1310830,13,031,01,#,15,#,1.2
1310850001,1990,1310850,13,032,01,#,1.1,#,0.041
1310850003,1990,1310850,13,032,01,#,1.4,#,0.04
1310850005,1990,1310850,13,032,01,#,1.1,#,0.04
1310850007,1990,1310850,13,032,01,#,1.5,#,0.037
1310850009,1990,1310850,13,032,01,#,1.5,#,0.032
1310850011,1990,1310850,13,032,01,#,1,#,0.028
1310850013,1990,1310850,13,032,01,#,1.2,#,0.028
1310850015,1990,1310850,13,032,01,#,1.2,#,0.026
1310850017,1990,1310850,13,032,01,#,1.2,#,0.028
1310850019,1990,1310850,13,032,01,#,0.96,#,0.034
1310850021,1990,1310850,13,032,01,#,0.95,#,0.034
1310850023,1990,1310850,13,032,01,#,1.1,#,0.018
1310860001,1990,1310860,13,033,01,#,1.8,#,0.06
1310860003,1990,1310860,13,033,01,#,1.7,#,0.075
1310860005,1990,1310860,13,033,01,#,1.9,#,0.087
1310860007,1990,1310860,13,033,01,#,2.1,#,0.099
1310860009,1990,1310860,13,033,01,#,2.2,#,0.044
1310860022,1990,1310860,13,033,01,#,1.4,#,0.065
1310860024,1990,1310860,13,033,01,#,2,#,0.04
1310860026,1990,1310860,13,033,01,#,2.1,#,0.033
1310860028,1990,1310860,13,033,01,#,2,#,0.055
1310860030,1990,1310860,13,033,01,#,1.7,#,0.027
1310860032,1990,1310860,13,033,01,#,1.7,#,0.055
1310860045,1990,1310860,13,033,01,#,1.8,#,0.04
1310870001,1990,1310870,13,034,01,#,15,#,0.92
1310870005,1990,1310870,13,034,01,#,17,#,0.69
1310870009,1990,1310870,13,034,01,#,12,#,1
1310870013,1990,1310870,13,034,01,#,15,#,0.77
1310870017,1990,1310870,13,034,01,#,9.1,#,0.29
1310870021,1990,1310870,13,034,01,#,12,#,0.45
1310870025,1990,1310870,13,034,01,#,12,#,0.46
1310870029,1990,1310870,13,034,01,#,14,#,0.68
1310870033,1990,1310870,13,034,01,#,13,#,0.36
1310870037,1990,1310870,13,034,01,#,12,#,0.68
1310870041,1990,1310870,13,034,01,#,16,#,0.72
1310870045,1990,1310870,13,034,01,#,17,#,1
1310880001,1990,1310880,13,035,01,#,11,#,0.75
1310880003,1990,1310880,13,035,01,#,13,#,0.47
1310880005,1990,1310880,13,035,01,#,10,#,0.43
1310880007,1990,1310880,13,035,01,#,10,#,0.55
1310880009,1990,1310880,13,035,01,#,9.2,#,0.5
1310880011,1990,1310880,13,035,01,#,9.3,#,0.55
1310880013,1990,1310880,13,035,01,#,6.9,#,0.51
1310880015,1990,1310880,13,035,01,#,6.6,#,0.72
1310880017,1990,1310880,13,035,01,#,6.5,#,0.2
1310880019,1990,1310880,13,035,01,#,13,#,0.73
1310880021,1990,1310880,13,035,01,#,12,#,0.37
1310880023,1990,1310880,13,035,01,#,12,#,0.53
1310940001,1990,1310940,13,036,01,#,5.7,#,0.36
1310940003,1990,1310940,13,036,01,#,5.4,#,0.2
1310940005,1990,1310940,13,036,01,#,5.6,#,0.26
1310940007,1990,1310940,13,036,01,#,3.3,#,0.32
1310940009,1990,1310940,13,036,01,#,4,#,0.21
1310940011,1990,1310940,13,036,01,#,5.8,#,0.3
1310940013,1990,1310940,13,036,01,#,5,#,0.19
1310940015,1990,1310940,13,036,01,#,5.5,#,0.3
1310940017,1990,1310940,13,036,01,#,7.1,#,0.15
1310940019,1990,1310940,13,036,01,#,7.5,#,0.43
1310940021,1990,1310940,13,036,01,#,10,#,0.93
1310940023,1990,1310940,13,036,01,#,7.2,#,0.51
1310950001,1990,1310950,13,037,01,#,33,#,0.89
1310950003,1990,1310950,13,037,01,#,16,#,0.52
1310950005,1990,1310950,13,037,01,#,30,#,0.88
1310950007,1990,1310950,13,037,01,#,20,#,1.1
1310950009,1990,1310950,13,037,01,#,20,#,0.99
1310950011,1990,1310950,13,037,01,#,30,#,1.1
1310950013,1990,1310950,13,037,01,#,22,#,0.85
1310950015,1990,1310950,13,037,01,#,21,#,0.51
1310950017,1990,1310950,13,037,01,#,10,#,0.28
1310950019,1990,1310950,13,037,01,#,20,#,1
1310950021,1990,1310950,13,037,01,#,47,#,1
1310950023,1990,1310950,13,037,01,#,38,#,0.83
1310960001,1990,1310960,13,038,01,#,11,#,1.6
1310960003,1990,1310960,13,038,01,#,12,#,1.4
1310960005,1990,1310960,13,038,01,#,8.7,#,1.3
1310960007,1990,1310960,13,038,01,#,10,#,1.7
1310960009,1990,1310960,13,038,01,#,4.9,#,0.72
1310960011,1990,1310960,13,038,01,#,8.1,#,1.4
1310960013,1990,1310960,13,038,01,#,6,#,0.55
1310960015,1990,1310960,13,038,01,#,9.5,#,1
1310960017,1990,1310960,13,038,01,#,7,#,0.36
1310960019,1990,1310960,13,038,01,#,8.9,#,1.1
1310960021,1990,1310960,13,038,01,#,11,#,0.78
1310960023,1990,1310960,13,038,01,#,13,#,1.3
1310970002,1990,1310970,13,039,51,#,3.5,#,0.16
1310970004,1990,1310970,13,039,51,#,3.1,#,0.26
1310970006,1990,1310970,13,039,51,#,2.3,#,0.22
1310970008,1990,1310970,13,039,51,#,2.8,#,0.18
1310970010,1990,1310970,13,039,51,#,2.8,#,0.34
1310970012,1990,1310970,13,039,51,#,2.8,#,0.18
1310970014,1990,1310970,13,039,51,#,4,#,0.25
1310970016,1990,1310970,13,039,51,#,5.3,#,0.3
1310970018,1990,1310970,13,039,51,#,5.4,#,0.29
1310970020,1990,1310970,13,039,51,#,7.4,#,0.54
1310970022,1990,1310970,13,039,51,#,5.6,#,0.45
1310970024,1990,1310970,13,039,51,#,7.5,#,0.61
1310990001,1990,1310990,13,202,01,#,15,#,1
1310990003,1990,1310990,13,202,01,#,6.1,#,0.42
1310990005,1990,1310990,13,202,01,#,11,#,0.49
1310990007,1990,1310990,13,202,01,#,4.2,#,0.32
1310990009,1990,1310990,13,202,01,#,3.9,#,0.42
1310990022,1990,1310990,13,202,01,#,1.5,#,0.51
1310990024,1990,1310990,13,202,01,#,5.3,#,0.49
1310990026,1990,1310990,13,202,01,#,3.7,#,0.22
1310990028,1990,1310990,13,202,01,#,4.5,#,0.29
1310990030,1990,1310990,13,202,01,#,7,#,0.46
1310990032,1990,1310990,13,202,01,#,9.6,#,0.54
1310990045,1990,1310990,13,202,01,#,9.4,#,0.44
1311010001,1990,1311010,13,203,02,#,2.2,#,0.13
1311010003,1990,1311010,13,203,02,#,2.1,#,0.16
1311010005,1990,1311010,13,203,02,#,3.5,#,0.19
1311010007,1990,1311010,13,203,02,#,3.1,#,0.16
1311010009,1990,1311010,13,203,02,#,4.3,#,0.43
1311010011,1990,1311010,13,203,02,#,1.8,#,0.55
1311010013,1990,1311010,13,203,02,#,4.1,#,0.12
1311010015,1990,1311010,13,203,02,#,3.8,#,0.13
1311010017,1990,1311010,13,203,02,#,4.2,#,0.1
1311010019,1990,1311010,13,203,02,#,4.3,#,0.1
1311010021,1990,1311010,13,203,02,#,5.1,#,0.26
1311010023,1990,1311010,13,203,02,#,3.6,#,0.15
1311100001,1990,1311100,13,212,01,#,8.2,#,0.36
1311100003,1990,1311100,13,212,01,#,7.6,#,0.39
1311100005,1990,1311100,13,212,01,#,6.1,#,0.35
1311100007,1990,1311100,13,212,01,#,7,#,0.33
1311100009,1990,1311100,13,212,01,#,6.4,#,0.18
1311100011,1990,1311100,13,212,01,#,6.1,#,0.34
1311100013,1990,1311100,13,212,01,#,6.5,#,0.19
1311100015,1990,1311100,13,212,01,#,7.1,#,0.24
1311100017,1990,1311100,13,212,01,#,7.7,#,0.15
1311100019,1990,1311100,13,212,01,#,9.1,#,0.47
1311100021,1990,1311100,13,212,01,#,9.6,#,0.55
1311100023,1990,1311100,13,212,01,#,12,#,0.48
1311110001,1990,1311110,13,213,01,#,4.9,#,0.11
1311110003,1990,1311110,13,213,01,#,6.3,#,0.11
1311110005,1990,1311110,13,213,01,#,3.7,#,0.1
1311110008,1990,1311110,13,213,01,#,4.2,#,0.1
1311110009,1990,1311110,13,213,01,#,4.8,#,0.051
1311110022,1990,1311110,13,213,01,#,2.7,#,0.08
1311110024,1990,1311110,13,213,01,#,7,#,0.043
1311110026,1990,1311110,13,213,01,#,8,#,0.026
1311110028,1990,1311110,13,213,01,#,7.2,#,0.091
1311110030,1990,1311110,13,213,01,#,5.5,#,0.039
1311110032,1990,1311110,13,213,01,#,4.4,#,0.091
1311110045,1990,1311110,13,213,01,#,9.8,#,0.057
1311130001,1990,1311130,13,215,01,#,9.9,#,0.67
1311130003,1990,1311130,13,215,01,#,12,#,0.28
1311130005,1990,1311130,13,215,01,#,10,#,0.33
1311130007,1990,1311130,13,215,01,#,9.5,#,0.34
1311130009,1990,1311130,13,215,01,#,10,#,0.23
1311130022,1990,1311130,13,215,01,#,11,#,0.26
1311130024,1990,1311130,13,215,01,#,9.6,#,0.22
1311130026,1990,1311130,13,215,01,#,8.1,#,0.25
1311130028,1990,1311130,13,215,01,#,10,#,0.24
1311130030,1990,1311130,13,215,01,#,12,#,0.82
1311130032,1990,1311130,13,215,01,#,10,#,0.3
1311130045,1990,1311130,13,215,01,#,11,#,0.19
1311140001,1990,1311140,13,005,54,#,10,#,1.1
1311140003,1990,1311140,13,005,54,#,4.3,#,0.36
1311140005,1990,1311140,13,005,54,#,4.6,#,0.38
1311140007,1990,1311140,13,005,54,#,5.8,#,0.37
1311140009,1990,1311140,13,005,54,#,3.8,#,0.47
1311140011,1990,1311140,13,005,54,#,0.92,#,0.48
1311140013,1990,1311140,13,005,54,#,8.6,#,0.95
1311140015,1990,1311140,13,005,54,#,6.4,#,0.41
1311140017,1990,1311140,13,005,54,#,8,#,0.53
1311140019,1990,1311140,13,005,54,#,9.5,#,0.97
1311140021,1990,1311140,13,005,54,#,13,#,1.1
1311140023,1990,1311140,13,005,54,#,13,#,1.1
1311160001,1990,1311160,13,216,01,#,2.1,#,0.1
1311160003,1990,1311160,13,216,01,#,2.5,#,0.11
1311160005,1990,1311160,13,216,01,#,2.2,#,0.17
1311160007,1990,1311160,13,216,01,#,3,#,0.15
1311160009,1990,1311160,13,216,01,#,3.7,#,0.086
1311160011,1990,1311160,13,216,01,#,2.2,#,0.13
1311160013,1990,1311160,13,216,01,#,2.5,#,0.053
1311160015,1990,1311160,13,216,01,#,2.7,#,0.069
1311160017,1990,1311160,13,216,01,#,2.7,#,0.042
1311160019,1990,1311160,13,216,01,#,2.3,#,0.041
1311160021,1990,1311160,13,216,01,#,2.1,#,0.099
1311160023,1990,1311160,13,216,01,#,2.3,#,0.059
1311170001,1990,1311170,13,218,01,#,0.6,#,0.013
1311170003,1990,1311170,13,218,01,#,0.45,#,0.016
1311170005,1990,1311170,13,218,01,#,0.55,#,0.023
1311170007,1990,1311170,13,218,01,#,0.46,#,0.025
1311170009,1990,1311170,13,218,01,#,0.59,#,0.018
1311170011,1990,1311170,13,218,01,#,0.56,#,0.016
1311170013,1990,1311170,13,218,01,#,0.59,#,0.018
1311170015,1990,1311170,13,218,01,#,0.87,#,0.016
1311170017,1990,1311170,13,218,01,#,0.65,#,0.015
1311170019,1990,1311170,13,218,01,#,0.4,#,0.018
1311170021,1990,1311170,13,218,01,#,0.46,<,0.003
1311170023,1990,1311170,13,218,01,#,0.27,#,0.011
1311200001,1990,1311200,13,219,01,#,11,#,1.1
1311200003,1990,1311200,13,219,01,#,5,#,0.43
1311200005,1990,1311200,13,219,01,#,5.6,#,0.66
1311200007,1990,1311200,13,219,01,#,7.2,#,0.93
1311200009,1990,1311200,13,219,01,#,4.3,#,0.61
1311200022,1990,1311200,13,219,01,#,1.7,#,0.88
1311200024,1990,1311200,13,219,01,#,8.3,#,1
1311200026,1990,1311200,13,219,01,#,6.8,#,0.4
1311200028,1990,1311200,13,219,01,#,7.3,#,0.49
1311200030,1990,1311200,13,219,01,#,10,#,1
1311200032,1990,1311200,13,219,01,#,13,#,1.3
1311200045,1990,1311200,13,219,01,#,12,#,1.1
1311210001,1990,1311210,13,220,01,#,4.5,#,0.28
1311210002,1990,1311210,13,220,01,#,6.1,#,0.4
1311210003,1990,1311210,13,220,01,#,4.4,#,0.27
1311210004,1990,1311210,13,220,01,#,5.2,#,0.35
1311210005,1990,1311210,13,220,01,#,3.2,#,0.35
1311210006,1990,1311210,13,220,01,#,4.2,#,0.35
1311210007,1990,1311210,13,220,01,#,6.4,#,0.096
1311210008,1990,1311210,13,220,01,#,4.6,#,0.4
1311210009,1990,1311210,13,220,01,#,5.8,#,0.23
1311210010,1990,1311210,13,220,01,#,14,#,0.67
1311210011,1990,1311210,13,220,01,#,9.5,#,0.61
1311210012,1990,1311210,13,220,01,#,11,#,0.44
1311220001,1990,1311220,13,221,01,#,8.1,#,0.6
1311220002,1990,1311220,13,221,01,#,5.7,#,0.34
1311220003,1990,1311220,13,221,01,#,5.1,#,0.45
1311220004,1990,1311220,13,221,01,#,6.9,#,0.95
1311220005,1990,1311220,13,221,01,#,4.4,#,0.86
1311220006,1990,1311220,13,221,01,#,3.9,#,0.5
1311220007,1990,1311220,13,221,01,#,4.6,#,0.3
1311220008,1990,1311220,13,221,01,#,6.2,#,0.48
1311220009,1990,1311220,13,221,01,#,5.5,#,0.27
1311220010,1990,1311220,13,221,01,#,11,#,0.65
1311220011,1990,1311220,13,221,01,#,9.1,#,0.8
1311220012,1990,1311220,13,221,01,#,10,#,0.74
1311230001,1990,1311230,13,029,51,#,3.4,#,0.13
1311230002,1990,1311230,13,029,51,#,2.5,#,0.12
1311230003,1990,1311230,13,029,51,#,4,#,0.13
1311230004,1990,1311230,13,029,51,#,4.8,#,0.12
1311230005,1990,1311230,13,029,51,#,1.6,#,0.2
1311230006,1990,1311230,13,029,51,#,2.7,#,0.19
1311230007,1990,1311230,13,029,51,#,2.2,#,0.041
1311230008,1990,1311230,13,029,51,#,5.4,#,0.12
1311230009,1990,1311230,13,029,51,#,2.7,#,0.12
1311230010,1990,1311230,13,029,51,#,4.8,#,0.18
1311230011,1990,1311230,13,029,51,#,4,#,0.19
1311230012,1990,1311230,13,029,51,#,5.2,#,0.18
1320010001,1990,1320010,13,401,01,#,0.39,#,0.016
1320010002,1990,1320010,13,401,01,#,0.51,#,0.028
1320010003,1990,1320010,13,401,01,#,0.36,#,0.008
1320010004,1990,1320010,13,401,01,#,0.38,#,0.005
1320010005,1990,1320010,13,401,01,#,0.39,#,0.006
1320010006,1990,1320010,13,401,01,#,0.42,#,0.007
1320010007,1990,1320010,13,401,01,#,0.32,#,0.02
1320010008,1990,1320010,13,401,01,#,0.43,#,0.006
1320010009,1990,1320010,13,401,01,#,0.43,#,0.011
1320010010,1990,1320010,13,401,01,#,0.46,#,0.004
1320010011,1990,1320010,13,401,01,#,0.35,#,0.006
1320010012,1990,1320010,13,401,01,#,0.45,#,0.018
1320010013,1990,1320010,13,401,01,#,0.47,#,0.007
1320010014,1990,1320010,13,401,01,#,0.52,#,0.02
1320010015,1990,1320010,13,401,01,#,0.69,#,0.009
1320010016,1990,1320010,13,401,01,#,0.55,#,0.013
1320010017,1990,1320010,13,401,01,#,0.73,#,0.006
1320010018,1990,1320010,13,401,01,#,0.65,#,0.019
1320010019,1990,1320010,13,401,01,#,0.64,#,0.008
1320010020,1990,1320010,13,401,01,#,0.65,#,0.014
1320010021,1990,1320010,13,401,01,#,0.48,#,0.006
1320010022,1990,1320010,13,401,01,#,0.5,#,0.007
1320010023,1990,1320010,13,401,01,#,0.42,#,0.003
1320010024,1990,1320010,13,401,01,#,0.53,#,0.011
1320020001,1990,1320020,13,401,02,#,0.37,#,0.018
1320020002,1990,1320020,13,401,02,#,0.43,#,0.025
1320020003,1990,1320020,13,401,02,#,0.49,#,0.014
1320020004,1990,1320020,13,401,02,#,0.37,#,0.007
1320020005,1990,1320020,13,401,02,#,0.37,<,0.003
1320020006,1990,1320020,13,401,02,#,0.52,#,0.006
1320020007,1990,1320020,13,401,02,#,0.29,#,0.007
1320020008,1990,1320020,13,401,02,#,0.36,#,0.006
1320020009,1990,1320020,13,401,02,#,0.51,#,0.017
1320020010,1990,1320020,13,401,02,#,0.3,#,0.004
1320020011,1990,1320020,13,401,02,#,0.4,<,0.003
1320020012,1990,1320020,13,401,02,#,0.42,#,0.02
1320020013,1990,1320020,13,401,02,#,0.34,#,0.003
1320020014,1990,1320020,13,401,02,#,0.44,#,0.004
1320020015,1990,1320020,13,401,02,#,0.45,#,0.011
1320020016,1990,1320020,13,401,02,#,0.36,#,0.005
1320020017,1990,1320020,13,401,02,#,0.4,#,0.004
1320020018,1990,1320020,13,401,02,#,0.54,#,0.034
1320020019,1990,1320020,13,401,02,#,0.54,#,0.008
1320020020,1990,1320020,13,401,02,#,0.43,#,0.016
1320020021,1990,1320020,13,401,02,#,0.44,#,0.025
1320020022,1990,1320020,13,401,02,#,0.52,#,0.014
1320020023,1990,1320020,13,401,02,#,0.47,#,0.016
1320020024,1990,1320020,13,401,02,#,0.59,#,0.009
1320020025,1990,1320020,13,401,02,#,0.52,#,0.006
1320020026,1990,1320020,13,401,02,#,0.49,#,0.026
1320020027,1990,1320020,13,401,02,#,0.54,#,0.03
1320020028,1990,1320020,13,401,02,#,0.65,#,0.005
1320020029,1990,1320020,13,401,02,#,0.67,#,0.007
1320020030,1990,1320020,13,401,02,#,0.44,#,0.022
1320020031,1990,1320020,13,401,02,#,0.52,#,0.006
1320020032,1990,1320020,13,401,02,#,0.49,#,0.007
1320020033,1990,1320020,13,401,02,#,0.37,#,0.018
1320020034,1990,1320020,13,401,02,#,0.43,#,0.006
1320020035,1990,1320020,13,401,02,#,0.45,#,0.005
1320020036,1990,1320020,13,401,02,#,0.42,#,0.008
1330010001,1990,1330010,13,601,01,#,4.1,#,0.22
1330010002,1990,1330010,13,601,01,#,1.4,#,0.12
1330010004,1990,1330010,13,601,01,#,3.9,#,0.28
1330010005,1990,1330010,13,601,01,#,1.5,#,0.14
1330010006,1990,1330010,13,601,01,#,4.3,#,0.3
1330010007,1990,1330010,13,601,01,#,1,#,0.16
1330010009,1990,1330010,13,601,01,#,3.7,#,0.34
1330010010,1990,1330010,13,601,01,#,1.1,#,0.13
1330010011,1990,1330010,13,601,01,#,2.2,#,0.36
1330010012,1990,1330010,13,601,01,#,0.85,#,0.21
1330010014,1990,1330010,13,601,01,#,2.6,#,0.29
1330010015,1990,1330010,13,601,01,#,0.95,#,0.29
1330010016,1990,1330010,13,601,01,#,2.6,#,0.15
1330010017,1990,1330010,13,601,01,#,0.7,#,0.12
1330010019,1990,1330010,13,601,01,#,3.4,#,0.2
1330010020,1990,1330010,13,601,01,#,1.1,#,0.085
1330010021,1990,1330010,13,601,01,#,3.6,#,0.15
1330010022,1990,1330010,13,601,01,#,0.93,#,0.079
1330010024,1990,1330010,13,601,01,#,2.3,#,0.16
1330010025,1990,1330010,13,601,01,#,1.1,#,0.084
1330010026,1990,1330010,13,601,01,#,2.1,#,0.11
1330010027,1990,1330010,13,601,01,#,1,#,0.084
1330010029,1990,1330010,13,601,01,#,3,#,0.17
1330010030,1990,1330010,13,601,01,#,1.3,#,0.069
1330020001,1990,1330020,13,601,02,#,2.9,#,0.19
1330020002,1990,1330020,13,601,02,#,1.2,#,0.098
1330020004,1990,1330020,13,601,02,#,3.2,#,0.21
1330020005,1990,1330020,13,601,02,#,1.3,#,0.099
1330020006,1990,1330020,13,601,02,#,3.2,#,0.25
1330020007,1990,1330020,13,601,02,#,1,#,0.13
1330020009,1990,1330020,13,601,02,#,3.6,#,0.3
1330020010,1990,1330020,13,601,02,#,0.99,#,0.15
1330020011,1990,1330020,13,601,02,#,1.9,#,0.27
1330020012,1990,1330020,13,601,02,#,0.99,#,0.2
1330020014,1990,1330020,13,601,02,#,2.2,#,0.22
1330020015,1990,1330020,13,601,02,#,1,#,0.21
1330020016,1990,1330020,13,601,02,#,2.7,#,0.18
1330020017,1990,1330020,13,601,02,#,0.79,#,0.1
1330020019,1990,1330020,13,601,02,#,2.8,#,0.19
1330020020,1990,1330020,13,601,02,#,0.9,#,0.082
1330020021,1990,1330020,13,601,02,#,2.5,#,0.12
1330020022,1990,1330020,13,601,02,#,0.99,#,0.075
1330020024,1990,1330020,13,601,02,#,2.2,#,0.12
1330020025,1990,1330020,13,601,02,#,0.92,#,0.075
1330020026,1990,1330020,13,601,02,#,1.7,#,0.091
1330020027,1990,1330020,13,601,02,#,0.95,#,0.07
1330020029,1990,1330020,13,601,02,#,2.1,#,0.1
1330020030,1990,1330020,13,601,02,#,1.2,#,0.065
1330030001,1990,1330030,13,601,03,#,5.2,#,0.29
1330030002,1990,1330030,13,601,03,#,1.4,#,0.1
1330030004,1990,1330030,13,601,03,#,3.3,#,0.25
1330030005,1990,1330030,13,601,03,#,1.1,#,0.12
1330030006,1990,1330030,13,601,03,#,3.4,#,0.25
1330030007,1990,1330030,13,601,03,#,1,#,0.12
1330030009,1990,1330030,13,601,03,#,4.1,#,0.34
1330030010,1990,1330030,13,601,03,#,0.83,#,0.11
1330030011,1990,1330030,13,601,03,#,2,#,0.31
1330030012,1990,1330030,13,601,03,#,0.94,#,0.19
1330030014,1990,1330030,13,601,03,#,4.9,#,0.27
1330030015,1990,1330030,13,601,03,#,0.78,#,0.23
1330030016,1990,1330030,13,601,03,#,2.9,#,0.14
1330030017,1990,1330030,13,601,03,#,0.68,#,0.1
1330030019,1990,1330030,13,601,03,#,3.3,#,0.21
1330030020,1990,1330030,13,601,03,#,0.65,#,0.079
1330030021,1990,1330030,13,601,03,#,3.2,#,0.14
1330030022,1990,1330030,13,601,03,#,1.3,#,0.093
1330030024,1990,1330030,13,601,03,#,2,#,0.14
1330030025,1990,1330030,13,601,03,#,0.93,#,0.068
1330030026,1990,1330030,13,601,03,#,1.7,#,0.098
1330030027,1990,1330030,13,601,03,#,1.5,#,0.072
1330030029,1990,1330030,13,601,03,#,2.8,#,0.12
1330030030,1990,1330030,13,601,03,#,1.3,#,0.066
1330040001,1990,1330040,13,601,04,#,5.2,#,0.3
1330040002,1990,1330040,13,601,04,#,2.1,#,0.16
1330040004,1990,1330040,13,601,04,#,6.6,#,0.5
1330040005,1990,1330040,13,601,04,#,1.3,#,0.11
1330040006,1990,1330040,13,601,04,#,3.3,#,0.21
1330040007,1990,1330040,13,601,04,#,1.8,#,0.16
1330040009,1990,1330040,13,601,04,#,4.4,#,0.37
1330040010,1990,1330040,13,601,04,#,2.1,#,0.19
1330040011,1990,1330040,13,601,04,#,5.3,#,0.37
1330040012,1990,1330040,13,601,04,#,0.96,#,0.2
1330040014,1990,1330040,13,601,04,#,2.4,#,0.28
1330040015,1990,1330040,13,601,04,#,0.86,#,0.13
1330040016,1990,1330040,13,601,04,#,2.9,#,0.15
1330040017,1990,1330040,13,601,04,#,1.2,#,0.13
1330040019,1990,1330040,13,601,04,#,3.6,#,0.26
1330040020,1990,1330040,13,601,04,#,1,#,0.076
1330040021,1990,1330040,13,601,04,#,3.3,#,0.19
1330040022,1990,1330040,13,601,04,#,1.3,#,0.095
1330040024,1990,1330040,13,601,04,#,1.9,#,0.12
1330040025,1990,1330040,13,601,04,#,1.5,#,0.1
1330040026,1990,1330040,13,601,04,#,2,#,0.088
1330040027,1990,1330040,13,601,04,#,1.6,#,0.079
1330040029,1990,1330040,13,601,04,#,3.4,#,0.17
1330040030,1990,1330040,13,601,04,#,2,#,0.093
1330130001,1990,1330130,13,601,59,#,13,#,0.56
1330130003,1990,1330130,13,601,59,#,14,#,0.6
1330130005,1990,1330130,13,601,59,#,17,#,0.79
1330130007,1990,1330130,13,601,59,#,14,#,0.94
1330130009,1990,1330130,13,601,59,#,9.2,#,0.46
1330130011,1990,1330130,13,601,59,#,10,#,0.63
1330130013,1990,1330130,13,601,59,#,12,#,0.67
1330130015,1990,1330130,13,601,59,#,15,#,0.59
1330130017,1990,1330130,13,601,59,#,13,#,0.6
1330130019,1990,1330130,13,601,59,#,10,#,0.67
1330130021,1990,1330130,13,601,59,#,13,#,0.48
1330130023,1990,1330130,13,601,59,#,15,#,0.56
1330150001,1990,1330150,13,601,61,#,12,#,0.57
1330150003,1990,1330150,13,601,61,#,11,#,0.45
1330150005,1990,1330150,13,601,61,#,8.8,#,0.45
1330150007,1990,1330150,13,601,61,#,5.3,#,0.43
1330150009,1990,1330150,13,601,61,#,9.3,#,0.34
1330150011,1990,1330150,13,601,61,#,8,#,0.56
1330150013,1990,1330150,13,601,61,#,9.9,#,0.53
1330150015,1990,1330150,13,601,61,#,8.7,#,0.36
1330150017,1990,1330150,13,601,61,#,8.6,#,0.38
1330150019,1990,1330150,13,601,61,#,9.7,#,0.57
1330150021,1990,1330150,13,601,61,#,10,#,0.38
1330150023,1990,1330150,13,601,61,#,9.4,#,0.37
1330180001,1990,1330180,13,601,64,#,5.9,#,0.43
1330180003,1990,1330180,13,601,64,#,9.4,#,0.38
1330180005,1990,1330180,13,601,64,#,8.5,#,0.45
1330180007,1990,1330180,13,601,64,#,10,#,0.55
1330180009,1990,1330180,13,601,64,#,6.8,#,0.36
1330180011,1990,1330180,13,601,64,#,10,#,0.63
1330180013,1990,1330180,13,601,64,#,5.1,#,0.24
1330180015,1990,1330180,13,601,64,#,6.4,#,0.29
1330180017,1990,1330180,13,601,64,#,6.3,#,0.23
1330180019,1990,1330180,13,601,64,#,5.5,#,0.3
1330180021,1990,1330180,13,601,64,#,5.4,#,0.22
1330180023,1990,1330180,13,601,64,#,6.5,#,0.28
1330230001,1990,1330230,13,601,69,#,6.2,#,0.41
1330230003,1990,1330230,13,601,69,#,5.1,#,0.33
1330230005,1990,1330230,13,601,69,#,5.8,#,0.47
1330230007,1990,1330230,13,601,69,#,5.5,#,0.46
1330230009,1990,1330230,13,601,69,#,6.3,#,0.35
1330230011,1990,1330230,13,601,69,#,4.7,#,0.51
1330230013,1990,1330230,13,601,69,#,4.3,#,0.24
1330230015,1990,1330230,13,601,69,#,4.3,#,0.23
1330230017,1990,1330230,13,601,69,#,5,#,0.22
1330230019,1990,1330230,13,601,69,#,3.9,#,0.22
1330230021,1990,1330230,13,601,69,#,4.7,#,0.21
1330230023,1990,1330230,13,601,69,#,4.3,#,0.25
1330240001,1990,1330240,13,601,70,#,5.7,#,0.35
1330240003,1990,1330240,13,601,70,#,6.7,#,0.32
1330240005,1990,1330240,13,601,70,#,8.1,#,0.47
1330240007,1990,1330240,13,601,70,#,4.9,#,0.46
1330240009,1990,1330240,13,601,70,#,5.9,#,0.35
1330240011,1990,1330240,13,601,70,#,6.7,#,0.53
1330240013,1990,1330240,13,601,70,#,3.3,#,0.2
1330240015,1990,1330240,13,601,70,#,5.2,#,0.23
1330240017,1990,1330240,13,601,70,#,3.9,#,0.15
1330240019,1990,1330240,13,601,70,#,3,#,0.17
1330240021,1990,1330240,13,601,70,#,4.8,#,0.18
1330240023,1990,1330240,13,601,70,#,6,#,0.28
1330260001,1990,1330260,13,601,72,#,4.3,#,0.26
1330260003,1990,1330260,13,601,72,#,3.1,#,0.22
1330260005,1990,1330260,13,601,72,#,3.6,#,0.28
1330260007,1990,1330260,13,601,72,#,4.3,#,0.33
1330260009,1990,1330260,13,601,72,#,3.4,#,0.27
1330260011,1990,1330260,13,601,72,#,3.2,#,0.33
1330260013,1990,1330260,13,601,72,#,2.1,#,0.16
1330260015,1990,1330260,13,601,72,#,2.6,#,0.14
1330260017,1990,1330260,13,601,72,#,2.8,#,0.13
1330260019,1990,1330260,13,601,72,#,2.1,#,0.12
1330260021,1990,1330260,13,601,72,#,3.2,#,0.13
1330260023,1990,1330260,13,601,72,#,3.3,#,0.19
1330280001,1990,1330280,13,601,74,#,15,#,1.2
1330280003,1990,1330280,13,601,74,#,14,#,0.79
1330280005,1990,1330280,13,601,74,#,12,#,0.87
1330280007,1990,1330280,13,601,74,#,10,#,1.3
1330280009,1990,1330280,13,601,74,#,11,#,0.51
1330280011,1990,1330280,13,601,74,#,8.4,#,1
1330280013,1990,1330280,13,601,74,#,14,#,1.1
1330280015,1990,1330280,13,601,74,#,11,#,1.1
1330280017,1990,1330280,13,601,74,#,16,#,0.88
1330280019,1990,1330280,13,601,74,#,10,#,0.67
1330280021,1990,1330280,13,601,74,#,16,#,0.9
1330280023,1990,1330280,13,601,74,#,14,#,1.2
1330290001,1990,1330290,13,601,75,#,8.6,#,0.71
1330290003,1990,1330290,13,601,75,#,6.5,#,0.43
1330290005,1990,1330290,13,601,75,#,7.5,#,0.49
1330290007,1990,1330290,13,601,75,#,8.8,#,0.9
1330290009,1990,1330290,13,601,75,#,6.9,#,0.38
1330290011,1990,1330290,13,601,75,#,5.1,#,0.59
1330290013,1990,1330290,13,601,75,#,6.1,#,0.49
1330290015,1990,1330290,13,601,75,#,6.2,#,0.51
1330290017,1990,1330290,13,601,75,#,6.6,#,0.35
1330290019,1990,1330290,13,601,75,#,4.5,#,0.28
1330290021,1990,1330290,13,601,75,#,4.1,#,0.25
1330290023,1990,1330290,13,601,75,#,8.1,#,0.62
1330300001,1990,1330300,13,601,76,#,14,#,1.1
1330300003,1990,1330300,13,601,76,#,14,#,0.66
1330300005,1990,1330300,13,601,76,#,15,#,0.82
1330300007,1990,1330300,13,601,76,#,13,#,1
1330300009,1990,1330300,13,601,76,#,11,#,0.48
1330300011,1990,1330300,13,601,76,#,10,#,1.8
1330300013,1990,1330300,13,601,76,#,12,#,1
1330300015,1990,1330300,13,601,76,#,14,#,0.87
1330300017,1990,1330300,13,601,76,#,16,#,0.78
1330300019,1990,1330300,13,601,76,#,10,#,0.51
1330300021,1990,1330300,13,601,76,#,14,#,0.65
1330300023,1990,1330300,13,601,76,#,14,#,0.87
1330320001,1990,1330320,13,601,78,#,7.7,#,0.47
1330320003,1990,1330320,13,601,78,#,5.2,#,0.35
1330320005,1990,1330320,13,601,78,#,3.8,#,0.3
1330320007,1990,1330320,13,601,78,#,3.6,#,0.37
1330320009,1990,1330320,13,601,78,#,3.6,#,0.27
1330320011,1990,1330320,13,601,78,#,4.7,#,0.36
1330320013,1990,1330320,13,601,78,#,3.3,#,0.19
1330320015,1990,1330320,13,601,78,#,5.4,#,0.28
1330320017,1990,1330320,13,601,78,#,4.1,#,0.19
1330320019,1990,1330320,13,601,78,#,3.1,#,0.18
1330320021,1990,1330320,13,601,78,#,5,#,0.26
1330320023,1990,1330320,13,601,78,#,5.1,#,0.3
1330340001,1990,1330340,13,601,80,#,11,#,0.62
1330340003,1990,1330340,13,601,80,#,12,#,0.38
1330340005,1990,1330340,13,601,80,#,4.4,#,0.32
1330340007,1990,1330340,13,601,80,#,7.5,#,0.41
1330340009,1990,1330340,13,601,80,#,4,#,0.25
1330340011,1990,1330340,13,601,80,#,8.3,#,0.55
1330340013,1990,1330340,13,601,80,#,13,#,0.45
1330340015,1990,1330340,13,601,80,#,15,#,0.61
1330340017,1990,1330340,13,601,80,#,14,#,0.41
1330340019,1990,1330340,13,601,80,#,4.9,#,0.26
1330340021,1990,1330340,13,601,80,#,11,#,0.6
1330340023,1990,1330340,13,601,80,#,11,#,0.58
1330350001,1990,1330350,13,601,81,#,10,#,0.68
1330350003,1990,1330350,13,601,81,#,9.6,#,0.67
1330350005,1990,1330350,13,601,81,#,7.9,#,0.61
1330350007,1990,1330350,13,601,81,#,7.4,#,0.51
1330350009,1990,1330350,13,601,81,#,5.3,#,0.53
1330350011,1990,1330350,13,601,81,#,5.8,#,0.53
1330350013,1990,1330350,13,601,81,#,9.7,#,0.66
1330350015,1990,1330350,13,601,81,#,9.9,#,0.73
1330350017,1990,1330350,13,601,81,#,9.8,#,0.62
1330350019,1990,1330350,13,601,81,#,9.3,#,0.72
1330350021,1990,1330350,13,601,81,#,9.2,#,0.67
1330350023,1990,1330350,13,601,81,#,10,#,0.62
1330370001,1990,1330370,13,602,01,#,3.5,#,0.24
1330370002,1990,1330370,13,602,01,#,1.2,#,0.1
1330370004,1990,1330370,13,602,01,#,4,#,0.27
1330370005,1990,1330370,13,602,01,#,1.1,#,0.1
1330370006,1990,1330370,13,602,01,#,3.1,#,0.31
1330370007,1990,1330370,13,602,01,#,0.91,#,0.13
1330370009,1990,1330370,13,602,01,#,3.4,#,0.28
1330370010,1990,1330370,13,602,01,#,1.5,#,0.13
1330370011,1990,1330370,13,602,01,#,2,#,0.31
1330370012,1990,1330370,13,602,01,#,1,#,0.2
1330370014,1990,1330370,13,602,01,#,2.3,#,0.29
1330370015,1990,1330370,13,602,01,#,0.88,#,0.12
1330370016,1990,1330370,13,602,01,#,2.4,#,0.12
1330370017,1990,1330370,13,602,01,#,0.79,#,0.12
1330370019,1990,1330370,13,602,01,#,1.8,#,0.11
1330370020,1990,1330370,13,602,01,#,0.71,#,0.055
1330370021,1990,1330370,13,602,01,#,2.3,#,0.1
1330370022,1990,1330370,13,602,01,#,1,#,0.078
1330370024,1990,1330370,13,602,01,#,3.4,#,0.19
1330370025,1990,1330370,13,602,01,#,1,#,0.078
1330370026,1990,1330370,13,602,01,#,1,#,0.065
1330370027,1990,1330370,13,602,01,#,0.89,#,0.059
1330370029,1990,1330370,13,602,01,#,2.9,#,0.11
1330370030,1990,1330370,13,602,01,#,1.4,#,0.073
1330440001,1990,1330440,13,603,01,#,1.4,#,0.097
1330440002,1990,1330440,13,603,01,#,1,#,0.067
1330440004,1990,1330440,13,603,01,#,1.9,#,0.072
1330440005,1990,1330440,13,603,01,#,1.1,#,0.11
1330440006,1990,1330440,13,603,01,#,1.2,#,0.092
1330440007,1990,1330440,13,603,01,#,0.48,#,0.073
1330440009,1990,1330440,13,603,01,#,1.5,#,0.091
1330440010,1990,1330440,13,603,01,#,0.84,#,0.078
1330440011,1990,1330440,13,603,01,#,1.1,#,0.12
1330440012,1990,1330440,13,603,01,#,0.69,#,0.11
1330440014,1990,1330440,13,603,01,#,0.76,#,0.086
1330440015,1990,1330440,13,603,01,#,0.56,#,0.075
1330440016,1990,1330440,13,603,01,#,1.6,#,0.11
1330440017,1990,1330440,13,603,01,#,1.2,#,0.1
1330440019,1990,1330440,13,603,01,#,1,#,0.075
1330440020,1990,1330440,13,603,01,#,0.7,#,0.074
1330440021,1990,1330440,13,603,01,#,1.7,#,0.089
1330440022,1990,1330440,13,603,01,#,0.81,#,0.058
1330440024,1990,1330440,13,603,01,#,1.2,#,0.076
1330440025,1990,1330440,13,603,01,#,0.72,#,0.066
1330440026,1990,1330440,13,603,01,#,1.1,#,0.056
1330440027,1990,1330440,13,603,01,#,0.82,#,0.052
1330440029,1990,1330440,13,603,01,#,1.6,#,0.071
1330440030,1990,1330440,13,603,01,#,1.1,#,0.067
1330450001,1990,1330450,13,603,02,#,2.4,#,0.16
1330450002,1990,1330450,13,603,02,#,1,#,0.08
1330450004,1990,1330450,13,603,02,#,2.6,#,0.22
1330450005,1990,1330450,13,603,02,#,0.76,#,0.059
1330450006,1990,1330450,13,603,02,#,2,#,0.17
1330450007,1990,1330450,13,603,02,#,0.62,#,0.1
1330450009,1990,1330450,13,603,02,#,3,#,0.22
1330450010,1990,1330450,13,603,02,#,0.98,#,0.1
1330450011,1990,1330450,13,603,02,#,1.7,#,0.21
1330450012,1990,1330450,13,603,02,#,0.71,#,0.12
1330450014,1990,1330450,13,603,02,#,1,#,0.15
1330450015,1990,1330450,13,603,02,#,0.69,#,0.17
1330450016,1990,1330450,13,603,02,#,2.9,#,0.12
1330450017,1990,1330450,13,603,02,#,0.54,#,0.083
1330450019,1990,1330450,13,603,02,#,2,#,0.14
1330450020,1990,1330450,13,603,02,#,0.76,#,0.078
1330450021,1990,1330450,13,603,02,#,2.1,#,0.11
1330450022,1990,1330450,13,603,02,#,0.7,#,0.061
1330450024,1990,1330450,13,603,02,#,1.5,#,0.083
1330450025,1990,1330450,13,603,02,#,1.4,#,0.052
1330450026,1990,1330450,13,603,02,#,1.3,#,0.063
1330450027,1990,1330450,13,603,02,#,0.76,#,0.059
1330450029,1990,1330450,13,603,02,#,1.9,#,0.089
1330450030,1990,1330450,13,603,02,#,1.9,#,0.085
1330600001,1990,1330600,13,604,01,#,1,#,0.053
1330600002,1990,1330600,13,604,01,#,0.74,#,0.056
1330600004,1990,1330600,13,604,01,#,2.2,#,0.17
1330600005,1990,1330600,13,604,01,#,0.56,#,0.078
1330600006,1990,1330600,13,604,01,#,0.9,#,0.074
1330600007,1990,1330600,13,604,01,#,0.49,#,0.078
1330600009,1990,1330600,13,604,01,#,2.2,#,0.16
1330600010,1990,1330600,13,604,01,#,0.8,#,0.047
1330600011,1990,1330600,13,604,01,#,0.87,#,0.091
1330600012,1990,1330600,13,604,01,#,0.44,#,0.068
1330600014,1990,1330600,13,604,01,#,0.53,#,0.071
1330600015,1990,1330600,13,604,01,#,0.54,#,0.19
1330600016,1990,1330600,13,604,01,#,1.8,#,0.13
1330600017,1990,1330600,13,604,01,#,0.37,#,0.054
1330600019,1990,1330600,13,604,01,#,1.8,#,0.11
1330600020,1990,1330600,13,604,01,#,0.54,#,0.065
1330600021,1990,1330600,13,604,01,#,1.6,#,0.082
1330600022,1990,1330600,13,604,01,#,0.52,#,0.05
1330600024,1990,1330600,13,604,01,#,0.95,#,0.045
1330600025,1990,1330600,13,604,01,#,0.74,#,0.074
1330600026,1990,1330600,13,604,01,#,0.83,#,0.043
1330600027,1990,1330600,13,604,01,#,0.7,#,0.042
1330600029,1990,1330600,13,604,01,#,0.97,#,0.037
1330600030,1990,1330600,13,604,01,#,0.81,#,0.048
