レコードID,測定年度,絶対番号,都道府県コード,水域コード,地点コード,全窒素_C,全窒素(mg/l),全燐_C,全燐(mg/l)
1310010001,1987,1310010,13,001,01,#,2.1,#,0.11
1310010004,1987,1310010,13,001,01,#,2,#,0.13
1310010007,1987,1310010,13,001,01,#,1.5,#,0.16
1310010010,1987,1310010,13,001,01,#,2.7,#,0.23
1310010017,1987,1310010,13,001,01,#,2,#,0.14
1310010020,1987,1310010,13,001,01,#,2.2,#,0.13
1310010023,1987,1310010,13,001,01,#,3.7,#,0.12
1310010026,1987,1310010,13,001,01,#,3.6,#,0.14
1310010029,1987,1310010,13,001,01,#,3.9,#,0.15
1310010036,1987,1310010,13,001,01,#,3.5,#,0.16
1310010039,1987,1310010,13,001,01,#,4.2,#,0.22
1310010042,1987,1310010,13,001,01,#,4.9,#,0.22
1310020001,1987,1310020,13,001,51,#,2.3,#,0.1
1310020002,1987,1310020,13,001,51,#,2.4,#,0.18
1310020003,1987,1310020,13,001,51,#,4,#,0.16
1310020004,1987,1310020,13,001,51,#,2.7,#,0.13
1310020005,1987,1310020,13,001,51,#,3.7,#,0.26
1310020006,1987,1310020,13,001,51,#,3.6,#,0.17
1310020007,1987,1310020,13,001,51,#,3.9,#,0.14
1310020008,1987,1310020,13,001,51,#,5.2,#,0.1
1310020009,1987,1310020,13,001,51,#,3.7,#,0.12
1310020010,1987,1310020,13,001,51,#,4.4,#,0.15
1310020011,1987,1310020,13,001,51,#,6.3,#,0.26
1310020012,1987,1310020,13,001,51,#,6.8,#,0.27
1310030001,1987,1310030,13,002,01,#,3,#,0.1
1310030004,1987,1310030,13,002,01,#,2.9,#,0.17
1310030007,1987,1310030,13,002,01,#,2.9,#,0.18
1310030010,1987,1310030,13,002,01,#,2.3,#,0.14
1310030017,1987,1310030,13,002,01,#,2.2,#,0.15
1310030020,1987,1310030,13,002,01,#,2.5,#,0.14
1310030023,1987,1310030,13,002,01,#,3.6,#,0.1
1310030026,1987,1310030,13,002,01,#,3.5,#,0.12
1310030029,1987,1310030,13,002,01,#,4,#,0.16
1310030036,1987,1310030,13,002,01,#,4.5,#,0.26
1310030039,1987,1310030,13,002,01,#,5.3,#,0.23
1310030042,1987,1310030,13,002,01,#,6.1,#,0.33
1310060001,1987,1310060,13,003,01,#,2.9,#,0.15
1310060006,1987,1310060,13,003,01,#,3.3,#,0.23
1310060009,1987,1310060,13,003,01,#,5.1,#,0.17
1310060014,1987,1310060,13,003,01,#,2.6,#,0.16
1310060018,1987,1310060,13,003,01,#,3,#,0.31
1310060022,1987,1310060,13,003,01,#,3,#,0.18
1310060025,1987,1310060,13,003,01,#,3.8,#,0.17
1310060029,1987,1310060,13,003,01,#,4.9,#,0.13
1310060033,1987,1310060,13,003,01,#,3.9,#,0.19
1310060037,1987,1310060,13,003,01,#,4,#,0.19
1310060041,1987,1310060,13,003,01,#,6.3,#,0.26
1310060045,1987,1310060,13,003,01,#,6.1,#,0.27
1310090002,1987,1310090,13,004,01,#,5.6,#,0.31
1310090005,1987,1310090,13,004,01,#,2.5,#,0.35
1310090008,1987,1310090,13,004,01,#,2.9,#,0.27
1310090011,1987,1310090,13,004,01,#,2.9,#,0.22
1310090014,1987,1310090,13,004,01,#,3.3,#,0.25
1310090021,1987,1310090,13,004,01,#,4,#,0.24
1310090024,1987,1310090,13,004,01,#,4,#,0.27
1310090027,1987,1310090,13,004,01,#,6.2,#,0.35
1310090030,1987,1310090,13,004,01,#,5.4,#,0.32
1310090033,1987,1310090,13,004,01,#,7.5,#,0.53
1310090040,1987,1310090,13,004,01,#,9.1,#,0.48
1310090043,1987,1310090,13,004,01,#,10,#,0.52
1310100001,1987,1310100,13,004,02,#,7.1,#,0.29
1310100005,1987,1310100,13,004,02,#,4.5,#,0.5
1310100009,1987,1310100,13,004,02,#,4.8,#,0.27
1310100013,1987,1310100,13,004,02,#,3.4,#,0.41
1310100017,1987,1310100,13,004,02,#,3.9,#,0.64
1310100021,1987,1310100,13,004,02,#,3.3,#,0.3
1310100025,1987,1310100,13,004,02,#,3.6,#,0.25
1310100029,1987,1310100,13,004,02,#,2.8,#,0.19
1310100033,1987,1310100,13,004,02,#,3,#,0.16
1310100037,1987,1310100,13,004,02,#,2.9,#,0.23
1310100041,1987,1310100,13,004,02,#,7.5,#,0.31
1310100045,1987,1310100,13,004,02,#,6.4,#,0.36
1310140001,1987,1310140,13,005,01,#,14,#,1.6
1310140005,1987,1310140,13,005,01,#,6.5,#,0.77
1310140009,1987,1310140,13,005,01,#,5.3,#,0.66
1310140013,1987,1310140,13,005,01,#,5.1,#,0.68
1310140017,1987,1310140,13,005,01,#,5.6,#,0.76
1310140021,1987,1310140,13,005,01,#,3.9,#,0.34
1310140025,1987,1310140,13,005,01,#,7.6,#,0.77
1310140029,1987,1310140,13,005,01,#,7,#,0.73
1310140033,1987,1310140,13,005,01,#,8.5,#,0.79
1310140037,1987,1310140,13,005,01,#,12,#,1.1
1310140041,1987,1310140,13,005,01,#,15,#,1.3
1310140045,1987,1310140,13,005,01,#,14,#,1.3
1310160001,1987,1310160,13,005,52,#,8.8,#,0.72
1310160003,1987,1310160,13,005,52,#,8.1,#,0.97
1310160005,1987,1310160,13,005,52,#,6.8,#,0.68
1310160008,1987,1310160,13,005,52,#,5.6,#,0.75
1310160009,1987,1310160,13,005,52,#,7.1,#,0.94
1310160022,1987,1310160,13,005,52,#,4.5,#,0.5
1310160024,1987,1310160,13,005,52,#,5.9,#,0.77
1310160027,1987,1310160,13,005,52,#,7.1,#,0.47
1310160029,1987,1310160,13,005,52,#,8.1,#,0.64
1310160031,1987,1310160,13,005,52,#,10,#,0.91
1310160032,1987,1310160,13,005,52,#,10,#,1.2
1310160045,1987,1310160,13,005,52,#,10,#,0.62
1310180001,1987,1310180,13,006,01,#,7.5,#,0.6
1310180004,1987,1310180,13,006,01,#,6.8,#,0.65
1310180007,1987,1310180,13,006,01,#,6.9,#,0.65
1310180010,1987,1310180,13,006,01,#,6.6,#,0.44
1310180013,1987,1310180,13,006,01,#,7.7,#,0.62
1310180021,1987,1310180,13,006,01,#,4.4,#,0.25
1310180024,1987,1310180,13,006,01,#,4.6,#,0.23
1310180027,1987,1310180,13,006,01,#,6.1,#,0.5
1310180030,1987,1310180,13,006,01,#,7.2,#,0.36
1310180033,1987,1310180,13,006,01,#,7.1,#,0.49
1310180036,1987,1310180,13,006,01,#,8.2,#,0.61
1310180044,1987,1310180,13,006,01,#,12,#,0.81
1310190001,1987,1310190,13,006,02,#,3.5,#,0.25
1310190004,1987,1310190,13,006,02,#,3.2,#,0.37
1310190007,1987,1310190,13,006,02,#,2.3,#,0.28
1310190010,1987,1310190,13,006,02,#,4.2,#,0.45
1310190013,1987,1310190,13,006,02,#,3.8,#,0.44
1310190021,1987,1310190,13,006,02,#,3.7,#,0.22
1310190024,1987,1310190,13,006,02,#,3.3,#,0.2
1310190027,1987,1310190,13,006,02,#,3.8,#,0.3
1310190030,1987,1310190,13,006,02,#,5.1,#,0.33
1310190033,1987,1310190,13,006,02,#,1.3,#,0.1
1310190036,1987,1310190,13,006,02,#,3.8,#,0.2
1310190044,1987,1310190,13,006,02,#,3.5,#,0.23
1310200001,1987,1310200,13,006,51,#,7.4,#,0.67
1310200003,1987,1310200,13,006,51,#,7.5,#,0.61
1310200005,1987,1310200,13,006,51,#,8.6,#,0.76
1310200007,1987,1310200,13,006,51,#,5.6,#,0.22
1310200009,1987,1310200,13,006,51,#,7.6,#,0.43
1310200011,1987,1310200,13,006,51,#,3.8,#,0.13
1310200013,1987,1310200,13,006,51,#,3.8,#,0.19
1310200015,1987,1310200,13,006,51,#,6.7,#,0.39
1310200017,1987,1310200,13,006,51,#,6.1,#,0.29
1310200019,1987,1310200,13,006,51,#,8.5,#,0.62
1310200021,1987,1310200,13,006,51,#,8.9,#,0.63
1310200023,1987,1310200,13,006,51,#,12,#,0.9
1310210001,1987,1310210,13,006,52,#,9.4,#,0.8
1310210003,1987,1310210,13,006,52,#,8.9,#,0.72
1310210005,1987,1310210,13,006,52,#,9.5,#,0.89
1310210007,1987,1310210,13,006,52,#,6.3,#,0.29
1310210009,1987,1310210,13,006,52,#,7.9,#,0.46
1310210011,1987,1310210,13,006,52,#,4.4,#,0.19
1310210013,1987,1310210,13,006,52,#,4.7,#,0.36
1310210015,1987,1310210,13,006,52,#,6.6,#,0.41
1310210017,1987,1310210,13,006,52,#,8.3,#,0.36
1310210019,1987,1310210,13,006,52,#,9.3,#,0.68
1310210021,1987,1310210,13,006,52,#,8.4,#,0.69
1310210023,1987,1310210,13,006,52,#,13,#,1
1310220001,1987,1310220,13,006,53,#,5.1,#,0.44
1310220003,1987,1310220,13,006,53,#,4.6,#,0.46
1310220005,1987,1310220,13,006,53,#,4.3,#,0.47
1310220007,1987,1310220,13,006,53,#,5.1,#,0.37
1310220009,1987,1310220,13,006,53,#,4.4,#,0.46
1310220011,1987,1310220,13,006,53,#,3.6,#,0.21
1310220013,1987,1310220,13,006,53,#,4.5,#,0.27
1310220015,1987,1310220,13,006,53,#,5.2,#,0.37
1310220017,1987,1310220,13,006,53,#,8.6,#,0.47
1310220019,1987,1310220,13,006,53,#,2.4,#,0.2
1310220021,1987,1310220,13,006,53,#,6.2,#,0.41
1310220023,1987,1310220,13,006,53,#,9.5,#,0.58
1310230001,1987,1310230,13,007,01,#,13,#,1
1310230005,1987,1310230,13,007,01,#,11,#,1
1310230009,1987,1310230,13,007,01,#,12,#,0.89
1310230013,1987,1310230,13,007,01,#,8.5,#,0.63
1310230017,1987,1310230,13,007,01,#,8.8,#,0.7
1310230021,1987,1310230,13,007,01,#,7,#,0.51
1310230025,1987,1310230,13,007,01,#,8.7,#,0.64
1310230029,1987,1310230,13,007,01,#,6.1,#,0.41
1310230033,1987,1310230,13,007,01,#,7.8,#,0.51
1310230037,1987,1310230,13,007,01,#,5.6,#,0.34
1310230041,1987,1310230,13,007,01,#,15,#,0.66
1310230045,1987,1310230,13,007,01,#,14,#,0.52
1310240001,1987,1310240,13,007,02,#,19,#,1.5
1310240005,1987,1310240,13,007,02,#,15,#,1.6
1310240009,1987,1310240,13,007,02,#,19,#,1.7
1310240013,1987,1310240,13,007,02,#,14,#,0.96
1310240017,1987,1310240,13,007,02,#,13,#,1.1
1310240021,1987,1310240,13,007,02,#,8,#,0.45
1310240025,1987,1310240,13,007,02,#,10,#,0.74
1310240029,1987,1310240,13,007,02,#,12,#,0.81
1310240033,1987,1310240,13,007,02,#,13,#,1
1310240037,1987,1310240,13,007,02,#,16,#,1.2
1310240041,1987,1310240,13,007,02,#,22,#,1.3
1310240045,1987,1310240,13,007,02,#,18,#,1.3
1310250001,1987,1310250,13,007,51,#,9.3,#,0.74
1310250003,1987,1310250,13,007,51,#,8.9,#,0.75
1310250005,1987,1310250,13,007,51,#,10,#,0.65
1310250007,1987,1310250,13,007,51,#,7,#,0.37
1310250009,1987,1310250,13,007,51,#,11,#,1.2
1310250011,1987,1310250,13,007,51,#,4.5,#,0.3
1310250013,1987,1310250,13,007,51,#,4.5,#,0.31
1310250015,1987,1310250,13,007,51,#,7.2,#,0.56
1310250018,1987,1310250,13,007,51,#,7.1,#,0.42
1310250020,1987,1310250,13,007,51,#,12,#,1.1
1310250022,1987,1310250,13,007,51,#,8.8,#,0.85
1310250024,1987,1310250,13,007,51,#,13,#,0.97
1310260001,1987,1310260,13,007,53,#,17,#,1.3
1310260003,1987,1310260,13,007,53,#,13,#,1.2
1310260005,1987,1310260,13,007,53,#,15,#,1.3
1310260007,1987,1310260,13,007,53,#,10,#,0.72
1310260009,1987,1310260,13,007,53,#,9.9,#,0.76
1310260011,1987,1310260,13,007,53,#,9.2,#,0.49
1310260013,1987,1310260,13,007,53,#,10,#,0.81
1310260015,1987,1310260,13,007,53,#,9.3,#,0.64
1310260017,1987,1310260,13,007,53,#,12,#,0.72
1310260019,1987,1310260,13,007,53,#,12,#,0.81
1310260021,1987,1310260,13,007,53,#,19,#,0.85
1310260023,1987,1310260,13,007,53,#,24,#,0.78
1310290001,1987,1310290,13,008,01,#,5.4,#,0.49
1310290003,1987,1310290,13,008,01,#,5.1,#,0.53
1310290005,1987,1310290,13,008,01,#,5.5,#,0.48
1310290007,1987,1310290,13,008,01,#,5.6,#,0.65
1310290009,1987,1310290,13,008,01,#,5.2,#,0.43
1310290011,1987,1310290,13,008,01,#,3.9,#,0.41
1310290013,1987,1310290,13,008,01,#,3.9,#,0.48
1310290015,1987,1310290,13,008,01,#,9.3,#,0.45
1310290017,1987,1310290,13,008,01,#,7.2,#,0.37
1310290019,1987,1310290,13,008,01,#,9.6,#,1
1310290021,1987,1310290,13,008,01,#,6.2,#,0.29
1310290023,1987,1310290,13,008,01,#,7.4,#,0.24
1310300001,1987,1310300,13,009,01,#,7.4,#,0.67
1310300003,1987,1310300,13,009,01,#,6.5,#,0.66
1310300005,1987,1310300,13,009,01,#,8.4,#,0.76
1310300007,1987,1310300,13,009,01,#,5.1,#,0.43
1310300009,1987,1310300,13,009,01,#,4.3,#,0.33
1310300011,1987,1310300,13,009,01,#,8.7,#,0.76
1310300013,1987,1310300,13,009,01,#,4.5,#,0.43
1310300015,1987,1310300,13,009,01,#,5.9,#,0.48
1310300017,1987,1310300,13,009,01,#,5.8,#,0.34
1310300019,1987,1310300,13,009,01,#,9.9,#,0.51
1310300021,1987,1310300,13,009,01,#,6.2,#,0.32
1310300023,1987,1310300,13,009,01,#,7.1,#,0.27
1310310001,1987,1310310,13,010,01,#,5.5,#,0.37
1310310002,1987,1310310,13,010,01,#,3.3,#,0.35
1310310003,1987,1310310,13,010,01,#,5,#,0.52
1310310004,1987,1310310,13,010,01,#,4.3,#,0.46
1310310005,1987,1310310,13,010,01,#,3.7,#,0.3
1310310006,1987,1310310,13,010,01,#,3.4,#,0.32
1310310007,1987,1310310,13,010,01,#,3.4,#,0.35
1310310008,1987,1310310,13,010,01,#,3.9,#,0.34
1310310009,1987,1310310,13,010,01,#,4.9,#,0.28
1310310010,1987,1310310,13,010,01,#,11,#,0.48
1310310011,1987,1310310,13,010,01,#,8.3,#,0.29
1310320001,1987,1310320,13,011,01,#,7.8,#,0.6
1310320003,1987,1310320,13,011,01,#,3.2,#,0.38
1310320005,1987,1310320,13,011,01,#,5.7,#,0.52
1310320007,1987,1310320,13,011,01,#,6.8,#,1.2
1310320009,1987,1310320,13,011,01,#,5.7,#,0.65
1310320011,1987,1310320,13,011,01,#,5.2,#,0.37
1310320013,1987,1310320,13,011,01,#,3.9,#,0.34
1310320015,1987,1310320,13,011,01,#,7,#,0.38
1310320017,1987,1310320,13,011,01,#,7,#,0.42
1310320019,1987,1310320,13,011,01,#,8.3,#,0.55
1310320021,1987,1310320,13,011,01,#,10,#,0.54
1310320023,1987,1310320,13,011,01,#,11,#,0.66
1310330001,1987,1310330,13,012,01,#,9.6,#,1
1310330003,1987,1310330,13,012,01,#,7.6,#,0.89
1310330005,1987,1310330,13,012,01,#,10,#,1
1310330007,1987,1310330,13,012,01,#,6.7,#,0.77
1310330009,1987,1310330,13,012,01,#,6.9,#,0.78
1310330011,1987,1310330,13,012,01,#,6,#,0.61
1310330013,1987,1310330,13,012,01,#,4.1,#,0.57
1310330015,1987,1310330,13,012,01,#,7.8,#,0.73
1310330017,1987,1310330,13,012,01,#,8,#,0.73
1310330019,1987,1310330,13,012,01,#,8.2,#,0.87
1310330021,1987,1310330,13,012,01,#,11,#,2.2
1310330023,1987,1310330,13,012,01,#,13,#,1.6
1310340001,1987,1310340,13,013,01,#,0.71,#,0.012
1310340005,1987,1310340,13,013,01,#,0.61,#,0.014
1310340009,1987,1310340,13,013,01,#,0.54,#,0.012
1310340013,1987,1310340,13,013,01,#,0.73,#,0.012
1310340017,1987,1310340,13,013,01,#,0.56,#,0.009
1310340021,1987,1310340,13,013,01,#,0.99,#,0.023
1310340025,1987,1310340,13,013,01,#,0.91,#,0.027
1310340029,1987,1310340,13,013,01,#,0.6,#,0.014
1310340033,1987,1310340,13,013,01,#,0.74,#,0.018
1310340037,1987,1310340,13,013,01,#,0.5,#,0.012
1310340041,1987,1310340,13,013,01,#,0.62,#,0.016
1310340045,1987,1310340,13,013,01,#,0.72,#,0.016
1310370001,1987,1310370,13,014,01,#,3,#,0.13
1310370005,1987,1310370,13,014,01,#,1.9,#,0.21
1310370009,1987,1310370,13,014,01,#,1.9,#,0.12
1310370013,1987,1310370,13,014,01,#,1.5,#,0.07
1310370017,1987,1310370,13,014,01,#,1.6,#,0.12
1310370025,1987,1310370,13,014,01,#,1.3,#,0.096
1310370029,1987,1310370,13,014,01,#,2.2,#,0.061
1310370033,1987,1310370,13,014,01,#,2,#,0.076
1310370037,1987,1310370,13,014,01,#,2.2,#,0.064
1310370041,1987,1310370,13,014,01,#,3.1,#,0.11
1310370045,1987,1310370,13,014,01,#,4,#,0.086
1310370053,1987,1310370,13,014,01,#,4.8,#,0.083
1310380001,1987,1310380,13,014,51,#,0.54,E,99999
1310380003,1987,1310380,13,014,51,#,0.61,E,99999
1310380005,1987,1310380,13,014,51,#,0.5,E,99999
1310380007,1987,1310380,13,014,51,#,0.34,E,99999
1310380009,1987,1310380,13,014,51,#,0.63,E,99999
1310380011,1987,1310380,13,014,51,#,0.99,E,99999
1310380013,1987,1310380,13,014,51,#,0.66,E,99999
1310380015,1987,1310380,13,014,51,#,0.81,E,99999
1310380017,1987,1310380,13,014,51,#,0.73,E,99999
1310380019,1987,1310380,13,014,51,#,0.82,E,99999
1310380021,1987,1310380,13,014,51,#,0.41,E,99999
1310380023,1987,1310380,13,014,51,#,0.45,E,99999
1310390001,1987,1310390,13,014,52,#,0.75,#,0.014
1310390002,1987,1310390,13,014,52,#,0.78,#,0.016
1310390003,1987,1310390,13,014,52,#,0.51,#,0.014
1310390004,1987,1310390,13,014,52,#,0.8,#,0.016
1310390005,1987,1310390,13,014,52,#,0.56,#,0.009
1310390006,1987,1310390,13,014,52,#,1.6,#,0.027
1310390007,1987,1310390,13,014,52,#,0.87,#,0.028
1310390008,1987,1310390,13,014,52,#,0.85,#,0.016
1310390009,1987,1310390,13,014,52,#,0.76,#,0.014
1310390010,1987,1310390,13,014,52,#,0.72,#,0.01
1310390011,1987,1310390,13,014,52,#,0.69,#,0.012
1310390012,1987,1310390,13,014,52,#,0.5,#,0.016
1310400001,1987,1310400,13,014,53,#,4.1,#,0.11
1310400002,1987,1310400,13,014,53,#,2.5,#,0.12
1310400003,1987,1310400,13,014,53,#,1.1,#,0.11
1310400004,1987,1310400,13,014,53,#,2,#,0.079
1310400005,1987,1310400,13,014,53,#,1.6,#,0.052
1310400006,1987,1310400,13,014,53,#,1.6,#,0.076
1310400007,1987,1310400,13,014,53,#,4.6,#,0.09
1310400008,1987,1310400,13,014,53,#,3.5,#,0.079
1310400009,1987,1310400,13,014,53,#,3.6,#,0.1
1310400010,1987,1310400,13,014,53,#,3.3,#,0.12
1310400011,1987,1310400,13,014,53,#,3.6,#,0.14
1310400012,1987,1310400,13,014,53,#,4.3,#,0.14
1310410001,1987,1310410,13,015,01,#,11,#,1
1310410005,1987,1310410,13,015,01,#,11,#,1.3
1310410009,1987,1310410,13,015,01,#,9.5,#,1.6
1310410013,1987,1310410,13,015,01,#,5,#,0.5
1310410017,1987,1310410,13,015,01,#,5.5,#,0.52
1310410021,1987,1310410,13,015,01,#,8.1,#,0.77
1310410025,1987,1310410,13,015,01,#,6.2,#,0.5
1310410029,1987,1310410,13,015,01,#,5.8,#,0.49
1310410033,1987,1310410,13,015,01,#,7.8,#,0.58
1310410037,1987,1310410,13,015,01,#,10,#,0.91
1310410041,1987,1310410,13,015,01,#,12,#,1.1
1310410045,1987,1310410,13,015,01,#,13,#,1.1
1310420001,1987,1310420,13,015,02,#,8.4,#,0.56
1310420005,1987,1310420,13,015,02,#,7.8,#,0.79
1310420009,1987,1310420,13,015,02,#,6.5,#,0.81
1310420013,1987,1310420,13,015,02,#,3.5,#,0.32
1310420017,1987,1310420,13,015,02,#,4.7,#,0.34
1310420025,1987,1310420,13,015,02,#,6.1,#,0.4
1310420029,1987,1310420,13,015,02,#,6.5,#,0.43
1310420033,1987,1310420,13,015,02,#,4.9,#,0.35
1310420037,1987,1310420,13,015,02,#,6.2,#,0.37
1310420041,1987,1310420,13,015,02,#,10,#,0.67
1310420045,1987,1310420,13,015,02,#,10,#,0.81
1310420053,1987,1310420,13,015,02,#,10,#,0.83
1310430001,1987,1310430,13,015,51,#,9.2,E,99999
1310430005,1987,1310430,13,015,51,#,11,E,99999
1310430009,1987,1310430,13,015,51,#,4.4,E,99999
1310430013,1987,1310430,13,015,51,#,2.9,E,99999
1310430017,1987,1310430,13,015,51,#,3.4,E,99999
1310430021,1987,1310430,13,015,51,#,2.6,E,99999
1310430025,1987,1310430,13,015,51,#,3.9,E,99999
1310430029,1987,1310430,13,015,51,#,2.9,E,99999
1310430033,1987,1310430,13,015,51,#,3.8,E,99999
1310430037,1987,1310430,13,015,51,#,7.6,E,99999
1310430041,1987,1310430,13,015,51,#,6.7,E,99999
1310430045,1987,1310430,13,015,51,#,9.1,E,99999
1310450001,1987,1310450,13,015,53,#,9.4,E,99999
1310450003,1987,1310450,13,015,53,#,9.5,E,99999
1310450005,1987,1310450,13,015,53,#,6.3,E,99999
1310450007,1987,1310450,13,015,53,#,5,E,99999
1310450009,1987,1310450,13,015,53,#,4.8,E,99999
1310450011,1987,1310450,13,015,53,#,4.9,E,99999
1310450013,1987,1310450,13,015,53,#,5.2,E,99999
1310450015,1987,1310450,13,015,53,#,5.5,E,99999
1310450017,1987,1310450,13,015,53,#,7.7,E,99999
1310450019,1987,1310450,13,015,53,#,9.1,E,99999
1310450021,1987,1310450,13,015,53,#,10,E,99999
1310450023,1987,1310450,13,015,53,#,11,E,99999
1310460001,1987,1310460,13,015,54,#,9.8,#,0.65
1310460005,1987,1310460,13,015,54,#,9.6,#,0.8
1310460009,1987,1310460,13,015,54,#,7,#,0.96
1310460013,1987,1310460,13,015,54,#,4.1,#,0.34
1310460017,1987,1310460,13,015,54,#,5.4,#,0.43
1310460021,1987,1310460,13,015,54,#,5.2,#,0.41
1310460025,1987,1310460,13,015,54,#,6.4,#,0.42
1310460029,1987,1310460,13,015,54,#,5.5,#,0.42
1310460033,1987,1310460,13,015,54,#,7.2,#,0.45
1310460037,1987,1310460,13,015,54,#,11,#,0.94
1310460041,1987,1310460,13,015,54,#,11,#,1
1310460045,1987,1310460,13,015,54,#,13,#,1
1310470001,1987,1310470,13,015,55,#,11,#,0.82
1310470002,1987,1310470,13,015,55,#,10,#,0.73
1310470003,1987,1310470,13,015,55,#,6.1,#,0.62
1310470004,1987,1310470,13,015,55,#,5.5,#,0.43
1310470005,1987,1310470,13,015,55,#,5.3,#,0.34
1310470006,1987,1310470,13,015,55,#,6.3,#,0.5
1310470007,1987,1310470,13,015,55,#,6.5,#,0.46
1310470008,1987,1310470,13,015,55,#,7,#,0.41
1310470009,1987,1310470,13,015,55,#,8.1,#,0.54
1310470010,1987,1310470,13,015,55,#,8.2,#,0.73
1310470011,1987,1310470,13,015,55,#,11,#,1
1310470012,1987,1310470,13,015,55,#,12,#,1
1310490001,1987,1310490,13,015,57,#,11,#,0.7
1310490002,1987,1310490,13,015,57,#,10,#,0.87
1310490003,1987,1310490,13,015,57,#,7.3,#,0.86
1310490004,1987,1310490,13,015,57,#,4.6,#,0.46
1310490005,1987,1310490,13,015,57,#,6.5,#,0.4
1310490006,1987,1310490,13,015,57,#,5.8,#,0.49
1310490007,1987,1310490,13,015,57,#,6.5,#,0.48
1310490008,1987,1310490,13,015,57,#,5.6,#,0.39
1310490009,1987,1310490,13,015,57,#,10,#,0.48
1310490010,1987,1310490,13,015,57,#,7.8,#,0.68
1310490011,1987,1310490,13,015,57,#,11,#,0.93
1310490012,1987,1310490,13,015,57,#,12,#,0.73
1310530001,1987,1310530,13,016,01,#,9.6,#,0.42
1310530005,1987,1310530,13,016,01,#,6.7,#,0.49
1310530009,1987,1310530,13,016,01,#,7.2,#,0.36
1310530013,1987,1310530,13,016,01,#,8.9,#,0.26
1310530017,1987,1310530,13,016,01,#,9.4,#,0.31
1310530021,1987,1310530,13,016,01,#,5.3,#,0.22
1310530025,1987,1310530,13,016,01,#,7.5,#,0.29
1310530029,1987,1310530,13,016,01,#,7.8,#,0.24
1310530033,1987,1310530,13,016,01,#,7.3,#,0.22
1310530037,1987,1310530,13,016,01,#,9.9,#,0.29
1310530041,1987,1310530,13,016,01,#,10,#,0.43
1310530045,1987,1310530,13,016,01,#,10,#,0.3
1310550001,1987,1310550,13,017,01,#,18,#,1.6
1310550005,1987,1310550,13,017,01,#,12,#,1.1
1310550009,1987,1310550,13,017,01,#,17,#,1.2
1310550013,1987,1310550,13,017,01,#,12,#,1.1
1310550017,1987,1310550,13,017,01,#,13,#,1.1
1310550021,1987,1310550,13,017,01,#,7.9,#,0.56
1310550025,1987,1310550,13,017,01,#,9.4,#,0.74
1310550029,1987,1310550,13,017,01,#,13,#,0.71
1310550033,1987,1310550,13,017,01,#,11,#,1
1310550037,1987,1310550,13,017,01,#,16,#,1.2
1310550041,1987,1310550,13,017,01,#,18,#,1.2
1310550045,1987,1310550,13,017,01,#,21,#,1.5
1310560001,1987,1310560,13,017,51,#,12,#,1.2
1310560003,1987,1310560,13,017,51,#,15,#,1.3
1310560005,1987,1310560,13,017,51,#,15,#,1.1
1310560007,1987,1310560,13,017,51,#,15,#,1.2
1310560009,1987,1310560,13,017,51,#,11,#,1.1
1310560011,1987,1310560,13,017,51,#,6.9,#,0.42
1310560013,1987,1310560,13,017,51,#,7.2,#,0.44
1310560015,1987,1310560,13,017,51,#,6.7,#,0.4
1310560017,1987,1310560,13,017,51,#,9.8,#,0.95
1310560019,1987,1310560,13,017,51,#,12,#,0.82
1310560021,1987,1310560,13,017,51,#,15,#,1.5
1310560023,1987,1310560,13,017,51,#,23,#,1.8
1310570001,1987,1310570,13,017,52,#,15,#,1.5
1310570003,1987,1310570,13,017,52,#,19,#,2
1310570005,1987,1310570,13,017,52,#,20,#,1.9
1310570007,1987,1310570,13,017,52,#,14,#,1.2
1310570010,1987,1310570,13,017,52,#,14,#,1.3
1310570022,1987,1310570,13,017,52,#,10,#,0.66
1310570024,1987,1310570,13,017,52,#,9.5,#,0.6
1310570026,1987,1310570,13,017,52,#,13,#,0.55
1310570028,1987,1310570,13,017,52,#,13,#,1
1310570030,1987,1310570,13,017,52,#,13,#,0.94
1310570033,1987,1310570,13,017,52,#,19,#,1.5
1310570045,1987,1310570,13,017,52,#,24,#,1.7
1310580001,1987,1310580,13,018,01,#,12,#,1
1310580003,1987,1310580,13,018,01,#,14,#,1.2
1310580005,1987,1310580,13,018,01,#,11,#,1.1
1310580007,1987,1310580,13,018,01,#,11,#,1.1
1310580009,1987,1310580,13,018,01,#,9.5,#,0.89
1310580011,1987,1310580,13,018,01,#,8.5,#,0.72
1310580013,1987,1310580,13,018,01,#,10,#,0.62
1310580015,1987,1310580,13,018,01,#,13,#,0.71
1310580017,1987,1310580,13,018,01,#,11,#,1.1
1310580019,1987,1310580,13,018,01,#,12,#,0.74
1310580021,1987,1310580,13,018,01,#,16,#,2
1310580023,1987,1310580,13,018,01,#,23,#,1.7
1310600001,1987,1310600,13,019,01,#,9.8,#,0.86
1310600003,1987,1310600,13,019,01,#,11,#,1.3
1310600005,1987,1310600,13,019,01,#,11,#,1.4
1310600007,1987,1310600,13,019,01,#,7.5,#,1
1310600009,1987,1310600,13,019,01,#,6.3,#,0.59
1310600011,1987,1310600,13,019,01,#,5.9,#,0.45
1310600013,1987,1310600,13,019,01,#,8.5,#,0.52
1310600015,1987,1310600,13,019,01,#,11,#,0.58
1310600017,1987,1310600,13,019,01,#,10,#,0.53
1310600019,1987,1310600,13,019,01,#,10,#,0.47
1310600021,1987,1310600,13,019,01,#,11,#,0.71
1310600023,1987,1310600,13,019,01,#,13,#,0.79
1310630001,1987,1310630,13,020,01,#,17,#,1.1
1310630003,1987,1310630,13,020,01,#,17,#,1.3
1310630005,1987,1310630,13,020,01,#,15,#,0.86
1310630007,1987,1310630,13,020,01,#,13,#,0.85
1310630009,1987,1310630,13,020,01,#,11,#,0.88
1310630011,1987,1310630,13,020,01,#,9.7,#,0.71
1310630013,1987,1310630,13,020,01,#,14,#,0.97
1310630015,1987,1310630,13,020,01,#,15,#,0.84
1310630017,1987,1310630,13,020,01,#,14,#,0.97
1310630019,1987,1310630,13,020,01,#,15,#,0.84
1310630021,1987,1310630,13,020,01,#,16,#,0.78
1310630023,1987,1310630,13,020,01,#,24,#,0.78
1310650001,1987,1310650,13,020,52,#,15,#,0.86
1310650003,1987,1310650,13,020,52,#,15,#,0.87
1310650005,1987,1310650,13,020,52,#,16,#,0.84
1310650007,1987,1310650,13,020,52,#,11,#,0.88
1310650009,1987,1310650,13,020,52,#,12,#,1
1310650011,1987,1310650,13,020,52,#,11,#,0.89
1310650013,1987,1310650,13,020,52,#,12,#,0.7
1310650015,1987,1310650,13,020,52,#,15,#,0.59
1310650017,1987,1310650,13,020,52,#,12,#,0.8
1310650019,1987,1310650,13,020,52,#,18,#,0.65
1310650021,1987,1310650,13,020,52,#,17,#,0.88
1310650023,1987,1310650,13,020,52,#,22,#,1.1
1310660001,1987,1310660,13,021,01,#,4.2,#,0.043
1310660003,1987,1310660,13,021,01,#,3.7,#,0.041
1310660005,1987,1310660,13,021,01,#,3.4,#,0.09
1310660007,1987,1310660,13,021,01,#,3.4,#,0.1
1310660009,1987,1310660,13,021,01,#,3.1,#,0.12
1310660011,1987,1310660,13,021,01,#,2.4,#,0.079
1310660013,1987,1310660,13,021,01,#,5.1,#,0.1
1310660015,1987,1310660,13,021,01,#,4.4,#,0.038
1310660017,1987,1310660,13,021,01,#,4.3,#,0.038
1310660019,1987,1310660,13,021,01,#,4.2,#,0.032
1310660021,1987,1310660,13,021,01,#,4.9,#,0.056
1310660023,1987,1310660,13,021,01,#,3.5,#,0.054
1310670001,1987,1310670,13,022,01,#,1.6,#,0.018
1310670003,1987,1310670,13,022,01,#,1.4,#,0.023
1310670005,1987,1310670,13,022,01,#,1.5,#,0.021
1310670007,1987,1310670,13,022,01,#,1.9,#,0.032
1310670009,1987,1310670,13,022,01,#,1.2,#,0.027
1310670011,1987,1310670,13,022,01,#,1.3,#,0.032
1310670013,1987,1310670,13,022,01,#,1.6,#,0.041
1310670015,1987,1310670,13,022,01,#,1.5,#,0.018
1310670017,1987,1310670,13,022,01,#,1.4,#,0.014
1310670019,1987,1310670,13,022,01,#,1.4,#,0.009
1310670021,1987,1310670,13,022,01,#,1.7,#,0.018
1310670023,1987,1310670,13,022,01,#,1.3,#,0.019
1310690001,1987,1310690,13,023,01,#,14,#,0.77
1310690002,1987,1310690,13,023,01,#,18,#,1.1
1310690003,1987,1310690,13,023,01,#,9,#,1.3
1310690004,1987,1310690,13,023,01,#,11,#,1.5
1310690005,1987,1310690,13,023,01,#,4.4,#,0.9
1310690006,1987,1310690,13,023,01,#,4.9,#,0.86
1310690007,1987,1310690,13,023,01,#,4.7,#,0.49
1310690008,1987,1310690,13,023,01,#,5.1,#,0.81
1310690009,1987,1310690,13,023,01,#,7.5,#,1.2
1310690010,1987,1310690,13,023,01,#,9.8,#,1.3
1310690011,1987,1310690,13,023,01,#,5.7,#,0.98
1310690012,1987,1310690,13,023,01,#,8.6,#,1.2
1310690013,1987,1310690,13,023,01,#,6.6,#,0.81
1310690014,1987,1310690,13,023,01,#,6.3,#,1
1310690015,1987,1310690,13,023,01,#,6.6,#,0.73
1310690016,1987,1310690,13,023,01,#,6.5,#,0.69
1310690017,1987,1310690,13,023,01,#,7.3,#,0.55
1310690018,1987,1310690,13,023,01,#,7.3,#,0.93
1310690019,1987,1310690,13,023,01,#,7.6,#,0.68
1310690020,1987,1310690,13,023,01,#,7.2,#,0.61
1310690021,1987,1310690,13,023,01,#,8.8,#,1.1
1310690022,1987,1310690,13,023,01,#,10,#,1.3
1310690023,1987,1310690,13,023,01,#,11,#,1.2
1310690024,1987,1310690,13,023,01,#,10,#,1.4
1310700001,1987,1310700,13,024,01,#,12,#,3.8
1310700005,1987,1310700,13,024,01,#,8,#,2.8
1310700009,1987,1310700,13,024,01,#,2.7,#,0.23
1310700013,1987,1310700,13,024,01,#,3.4,#,0.28
1310700017,1987,1310700,13,024,01,#,3.1,#,0.2
1310700021,1987,1310700,13,024,01,#,2.2,#,0.16
1310700025,1987,1310700,13,024,01,#,6.4,#,0.68
1310700029,1987,1310700,13,024,01,#,9.6,#,0.9
1310700033,1987,1310700,13,024,01,#,9.2,#,1.7
1310700037,1987,1310700,13,024,01,#,11,#,1.6
1310700041,1987,1310700,13,024,01,#,14,#,3.1
1310700045,1987,1310700,13,024,01,#,6.1,#,0.54
1310730001,1987,1310730,13,025,01,#,8,#,0.15
1310730002,1987,1310730,13,025,01,#,40,#,0.13
1310730003,1987,1310730,13,025,01,#,3.7,#,0.27
1310730004,1987,1310730,13,025,01,#,3.9,#,0.21
1310730005,1987,1310730,13,025,01,#,4.4,#,0.16
1310730006,1987,1310730,13,025,01,#,3,#,0.14
1310730007,1987,1310730,13,025,01,#,2.8,#,0.072
1310730008,1987,1310730,13,025,01,#,2.8,#,0.087
1310730009,1987,1310730,13,025,01,#,3.6,#,0.28
1310730010,1987,1310730,13,025,01,#,3.5,#,0.27
1310730011,1987,1310730,13,025,01,#,4.2,#,0.42
1310730012,1987,1310730,13,025,01,#,2.7,#,0.14
1310730013,1987,1310730,13,025,01,#,3.7,#,0.1
1310730014,1987,1310730,13,025,01,#,3.4,#,0.11
1310730015,1987,1310730,13,025,01,#,3.2,#,0.077
1310730016,1987,1310730,13,025,01,#,3.1,#,0.076
1310730017,1987,1310730,13,025,01,#,3.9,#,0.17
1310730018,1987,1310730,13,025,01,#,3.6,#,0.14
1310730019,1987,1310730,13,025,01,#,3.9,#,0.25
1310730020,1987,1310730,13,025,01,#,3.4,#,0.13
1310730021,1987,1310730,13,025,01,#,4.5,#,0.38
1310730022,1987,1310730,13,025,01,#,5.4,#,0.29
1310730023,1987,1310730,13,025,01,#,4.4,#,0.1
1310730024,1987,1310730,13,025,01,#,3.2,#,0.08
1310740001,1987,1310740,13,026,01,#,12,#,0.87
1310740005,1987,1310740,13,026,01,#,11,#,1
1310740009,1987,1310740,13,026,01,#,10,#,0.95
1310740013,1987,1310740,13,026,01,#,10,#,0.43
1310740017,1987,1310740,13,026,01,#,8.7,#,0.65
1310740021,1987,1310740,13,026,01,#,12,#,0.58
1310740025,1987,1310740,13,026,01,#,6.5,#,0.35
1310740029,1987,1310740,13,026,01,#,7.9,#,0.43
1310740033,1987,1310740,13,026,01,#,9.2,#,1.1
1310740037,1987,1310740,13,026,01,#,10,#,0.63
1310740041,1987,1310740,13,026,01,#,15,#,0.85
1310740045,1987,1310740,13,026,01,#,13,#,0.91
1310750001,1987,1310750,13,026,51,#,21,#,0.87
1310750002,1987,1310750,13,026,51,#,14,#,1
1310750003,1987,1310750,13,026,51,#,12,#,0.81
1310750004,1987,1310750,13,026,51,#,9.7,#,0.49
1310750005,1987,1310750,13,026,51,#,15,#,0.88
1310750006,1987,1310750,13,026,51,#,9.5,#,0.64
1310750007,1987,1310750,13,026,51,#,9.2,#,0.68
1310750008,1987,1310750,13,026,51,#,8.9,#,0.51
1310750009,1987,1310750,13,026,51,#,9.5,#,0.5
1310750010,1987,1310750,13,026,51,#,13,#,0.5
1310750011,1987,1310750,13,026,51,#,15,#,0.82
1310750012,1987,1310750,13,026,51,#,17,#,1.3
1310780001,1987,1310780,13,027,01,#,49,#,2.5
1310780002,1987,1310780,13,027,01,#,10,#,0.55
1310780003,1987,1310780,13,027,01,#,7.9,#,0.44
1310780004,1987,1310780,13,027,01,#,9.6,#,0.5
1310780005,1987,1310780,13,027,01,#,5.7,#,0.57
1310780006,1987,1310780,13,027,01,#,19,#,1.8
1310780007,1987,1310780,13,027,01,#,7.2,#,0.24
1310780008,1987,1310780,13,027,01,#,4.2,#,0.18
1310780009,1987,1310780,13,027,01,#,5.9,#,0.43
1310780010,1987,1310780,13,027,01,#,32,#,1.5
1310780011,1987,1310780,13,027,01,#,6.3,#,0.51
1310780012,1987,1310780,13,027,01,#,19,#,0.88
1310780013,1987,1310780,13,027,01,#,9.8,#,0.77
1310780014,1987,1310780,13,027,01,#,5.4,#,0.3
1310780015,1987,1310780,13,027,01,#,5.6,#,0.15
1310780016,1987,1310780,13,027,01,#,3.8,#,0.13
1310780017,1987,1310780,13,027,01,#,22,#,0.81
1310780018,1987,1310780,13,027,01,#,4.4,#,0.19
1310780019,1987,1310780,13,027,01,#,78,#,0.76
1310780020,1987,1310780,13,027,01,#,9.3,#,0.28
1310780021,1987,1310780,13,027,01,#,10,#,0.47
1310780022,1987,1310780,13,027,01,#,39,#,0.37
1310780023,1987,1310780,13,027,01,#,10,#,0.54
1310780024,1987,1310780,13,027,01,#,39,#,0.58
1310790001,1987,1310790,13,028,01,#,14,#,1.3
1310790003,1987,1310790,13,028,01,#,10,#,1.3
1310790005,1987,1310790,13,028,01,#,11,#,0.7
1310790007,1987,1310790,13,028,01,#,5.4,#,0.48
1310790009,1987,1310790,13,028,01,#,5.8,#,0.6
1310790011,1987,1310790,13,028,01,#,5.3,#,0.56
1310790013,1987,1310790,13,028,01,#,5.6,#,0.64
1310790015,1987,1310790,13,028,01,#,5,#,0.55
1310790017,1987,1310790,13,028,01,#,9.4,#,0.9
1310790019,1987,1310790,13,028,01,#,8.1,#,0.8
1310790021,1987,1310790,13,028,01,#,10,#,0.98
1310790023,1987,1310790,13,028,01,#,10,#,0.99
1310800001,1987,1310800,13,029,01,#,6.2,#,0.4
1310800003,1987,1310800,13,029,01,#,4.9,#,0.68
1310800005,1987,1310800,13,029,01,#,4.5,#,0.72
1310800007,1987,1310800,13,029,01,#,5.2,#,0.18
1310800009,1987,1310800,13,029,01,#,3.4,#,0.29
1310800011,1987,1310800,13,029,01,#,5.1,#,0.3
1310800013,1987,1310800,13,029,01,#,5,#,0.28
1310800015,1987,1310800,13,029,01,#,5.1,#,0.24
1310800017,1987,1310800,13,029,01,#,4.9,#,0.34
1310800019,1987,1310800,13,029,01,#,6,#,0.37
1310800021,1987,1310800,13,029,01,#,7.2,#,0.54
1310800023,1987,1310800,13,029,01,#,7.2,#,0.65
1310810001,1987,1310810,13,030,01,#,15,#,1.3
1310810005,1987,1310810,13,030,01,#,7.8,#,0.5
1310810009,1987,1310810,13,030,01,#,17,#,1.4
1310810013,1987,1310810,13,030,01,#,13,#,0.59
1310810017,1987,1310810,13,030,01,#,31,#,0.5
1310810021,1987,1310810,13,030,01,#,21,#,1.1
1310810025,1987,1310810,13,030,01,#,31,#,0.67
1310810029,1987,1310810,13,030,01,#,9.6,#,0.63
1310810033,1987,1310810,13,030,01,#,19,#,0.56
1310810037,1987,1310810,13,030,01,#,10,#,0.92
1310810041,1987,1310810,13,030,01,#,16,#,2.3
1310810045,1987,1310810,13,030,01,#,11,#,0.75
1310830001,1987,1310830,13,031,01,#,23,#,2.1
1310830003,1987,1310830,13,031,01,#,21,#,1.1
1310830005,1987,1310830,13,031,01,#,24,#,2.4
1310830007,1987,1310830,13,031,01,#,19,#,1.5
1310830009,1987,1310830,13,031,01,#,14,#,1.5
1310830011,1987,1310830,13,031,01,#,13,#,1.2
1310830013,1987,1310830,13,031,01,#,14,#,1.6
1310830015,1987,1310830,13,031,01,#,12,#,2.2
1310830017,1987,1310830,13,031,01,#,15,#,1.5
1310830019,1987,1310830,13,031,01,#,18,#,1.9
1310830021,1987,1310830,13,031,01,#,20,#,2
1310830023,1987,1310830,13,031,01,#,17,#,2.3
1310850001,1987,1310850,13,032,01,#,1.2,#,0.052
1310850003,1987,1310850,13,032,01,#,0.81,#,0.052
1310850005,1987,1310850,13,032,01,#,0.95,#,0.059
1310850007,1987,1310850,13,032,01,#,2,#,0.048
1310850009,1987,1310850,13,032,01,#,1.8,#,0.065
1310850011,1987,1310850,13,032,01,#,1.9,#,0.039
1310850013,1987,1310850,13,032,01,#,2.5,#,0.05
1310850015,1987,1310850,13,032,01,#,2,#,0.025
1310850017,1987,1310850,13,032,01,#,1.9,#,0.021
1310850019,1987,1310850,13,032,01,#,1.5,#,0.034
1310850021,1987,1310850,13,032,01,#,1.5,#,0.021
1310850023,1987,1310850,13,032,01,#,1.1,#,0.019
1310860001,1987,1310860,13,033,01,#,1.9,#,0.1
1310860003,1987,1310860,13,033,01,#,2.2,#,0.11
1310860005,1987,1310860,13,033,01,#,2.2,#,0.14
1310860007,1987,1310860,13,033,01,#,2.2,#,0.099
1310860009,1987,1310860,13,033,01,#,2.5,#,0.11
1310860011,1987,1310860,13,033,01,#,3.5,#,0.077
1310860013,1987,1310860,13,033,01,#,2.8,#,0.074
1310860015,1987,1310860,13,033,01,#,2.2,#,0.061
1310860017,1987,1310860,13,033,01,#,2.9,#,0.061
1310860019,1987,1310860,13,033,01,#,2.5,#,0.063
1310860021,1987,1310860,13,033,01,#,2.7,#,0.056
1310860023,1987,1310860,13,033,01,#,2.2,#,0.1
1310870001,1987,1310870,13,034,01,#,18,#,1.3
1310870005,1987,1310870,13,034,01,#,16,#,1.4
1310870009,1987,1310870,13,034,01,#,21,#,2.2
1310870013,1987,1310870,13,034,01,#,17,#,0.9
1310870017,1987,1310870,13,034,01,#,15,#,0.82
1310870021,1987,1310870,13,034,01,#,10,#,0.46
1310870025,1987,1310870,13,034,01,#,18,#,0.84
1310870029,1987,1310870,13,034,01,#,14,#,1.1
1310870033,1987,1310870,13,034,01,#,15,#,1.2
1310870037,1987,1310870,13,034,01,#,18,#,1.5
1310870041,1987,1310870,13,034,01,#,24,#,1.5
1310870045,1987,1310870,13,034,01,#,16,#,1.3
1310880001,1987,1310880,13,035,01,#,38,#,4.9
1310880003,1987,1310880,13,035,01,#,35,#,3.7
1310880005,1987,1310880,13,035,01,#,35,#,4
1310880007,1987,1310880,13,035,01,#,24,#,2.3
1310880009,1987,1310880,13,035,01,#,25,#,1.5
1310880022,1987,1310880,13,035,01,#,8,#,1.2
1310880024,1987,1310880,13,035,01,#,21,#,2.2
1310880026,1987,1310880,13,035,01,#,14,#,1.4
1310880028,1987,1310880,13,035,01,#,13,#,0.67
1310880030,1987,1310880,13,035,01,#,17,#,1.2
1310880032,1987,1310880,13,035,01,#,20,#,1.3
1310880045,1987,1310880,13,035,01,#,11,#,0.8
1310940001,1987,1310940,13,036,01,#,7.4,#,0.47
1310940003,1987,1310940,13,036,01,#,8.2,#,0.59
1310940005,1987,1310940,13,036,01,#,6.1,#,0.57
1310940007,1987,1310940,13,036,01,#,5.6,#,0.31
1310940009,1987,1310940,13,036,01,#,9.2,#,0.34
1310940011,1987,1310940,13,036,01,#,4.9,#,0.31
1310940013,1987,1310940,13,036,01,#,6.4,#,0.46
1310940015,1987,1310940,13,036,01,#,5.4,#,0.3
1310940017,1987,1310940,13,036,01,#,8.8,#,0.4
1310940019,1987,1310940,13,036,01,#,10,#,0.56
1310940021,1987,1310940,13,036,01,#,9.4,#,0.61
1310940023,1987,1310940,13,036,01,#,10,#,0.77
1310950001,1987,1310950,13,037,01,#,42,#,0.82
1310950003,1987,1310950,13,037,01,#,26,#,0.96
1310950005,1987,1310950,13,037,01,#,38,#,1
1310950007,1987,1310950,13,037,01,#,23,#,1.2
1310950009,1987,1310950,13,037,01,#,34,#,0.48
1310950011,1987,1310950,13,037,01,#,18,#,0.87
1310950013,1987,1310950,13,037,01,#,29,#,0.73
1310950015,1987,1310950,13,037,01,#,27,#,0.61
1310950017,1987,1310950,13,037,01,#,32,#,0.92
1310950019,1987,1310950,13,037,01,#,19,#,1.3
1310950021,1987,1310950,13,037,01,#,50,#,0.63
1310950023,1987,1310950,13,037,01,#,39,#,2.3
1310960001,1987,1310960,13,038,01,#,21,#,2.4
1310960003,1987,1310960,13,038,01,#,23,#,2
1310960005,1987,1310960,13,038,01,#,24,#,2.1
1310960007,1987,1310960,13,038,01,#,34,#,2.1
1310960009,1987,1310960,13,038,01,#,25,#,2.1
1310960022,1987,1310960,13,038,01,#,11,#,0.95
1310960024,1987,1310960,13,038,01,#,18,#,1.7
1310960026,1987,1310960,13,038,01,#,19,#,1.7
1310960028,1987,1310960,13,038,01,#,22,#,1.9
1310960030,1987,1310960,13,038,01,#,21,#,2
1310960032,1987,1310960,13,038,01,#,25,#,2.6
1310960045,1987,1310960,13,038,01,#,35,#,3.2
1310990001,1987,1310990,13,202,01,#,12,#,1.3
1310990003,1987,1310990,13,202,01,#,5.5,#,0.6
1310990005,1987,1310990,13,202,01,#,5.6,#,0.36
1310990007,1987,1310990,13,202,01,#,4.2,#,0.46
1310990009,1987,1310990,13,202,01,#,6.1,#,0.62
1310990011,1987,1310990,13,202,01,#,6.4,#,0.33
1310990013,1987,1310990,13,202,01,#,7.2,#,0.55
1310990015,1987,1310990,13,202,01,#,5.8,#,0.22
1310990017,1987,1310990,13,202,01,#,8.1,#,0.56
1310990019,1987,1310990,13,202,01,#,8.5,#,0.5
1310990021,1987,1310990,13,202,01,#,11,#,0.65
1310990023,1987,1310990,13,202,01,#,14,#,0.85
1311010001,1987,1311010,13,203,02,#,4,#,0.67
1311010003,1987,1311010,13,203,02,#,3.7,#,0.27
1311010005,1987,1311010,13,203,02,#,2.9,#,0.18
1311010008,1987,1311010,13,203,02,#,2.5,#,0.2
1311010010,1987,1311010,13,203,02,#,3.3,#,0.31
1311010012,1987,1311010,13,203,02,#,2.9,#,0.17
1311010013,1987,1311010,13,203,02,#,4.2,#,0.36
1311010015,1987,1311010,13,203,02,#,4.4,#,0.12
1311010017,1987,1311010,13,203,02,#,3.9,#,0.22
1311010019,1987,1311010,13,203,02,#,4.2,#,0.19
1311010021,1987,1311010,13,203,02,#,5.3,#,0.2
1311010023,1987,1311010,13,203,02,#,5.7,#,0.24
1311100001,1987,1311100,13,212,01,#,9.2,#,0.79
1311100003,1987,1311100,13,212,01,#,8.1,#,0.89
1311100005,1987,1311100,13,212,01,#,6.7,#,0.81
1311100007,1987,1311100,13,212,01,#,7.7,#,0.44
1311100009,1987,1311100,13,212,01,#,8,#,0.47
1311100011,1987,1311100,13,212,01,#,6.5,#,0.46
1311100013,1987,1311100,13,212,01,#,6.7,#,0.41
1311100015,1987,1311100,13,212,01,#,5.3,#,0.49
1311100017,1987,1311100,13,212,01,#,7.5,#,0.44
1311100019,1987,1311100,13,212,01,#,9.5,#,0.67
1311100021,1987,1311100,13,212,01,#,9.8,#,0.75
1311100023,1987,1311100,13,212,01,#,11,#,0.99
1311110001,1987,1311110,13,213,01,#,4.4,#,0.34
1311110003,1987,1311110,13,213,01,#,4.3,#,0.29
1311110005,1987,1311110,13,213,01,#,2.6,#,0.33
1311110007,1987,1311110,13,213,01,#,6.3,#,0.11
1311110009,1987,1311110,13,213,01,#,2.8,#,0.1
1311110011,1987,1311110,13,213,01,#,6.5,#,0.074
1311110013,1987,1311110,13,213,01,#,7,#,0.083
1311110015,1987,1311110,13,213,01,#,8.1,#,0.11
1311110017,1987,1311110,13,213,01,#,8.8,#,0.057
1311110019,1987,1311110,13,213,01,#,6.2,#,0.15
1311110021,1987,1311110,13,213,01,#,6,#,0.32
1311110023,1987,1311110,13,213,01,#,4.8,#,0.2
1311130001,1987,1311130,13,215,01,#,17,#,0.86
1311130003,1987,1311130,13,215,01,#,13,#,1.1
1311130005,1987,1311130,13,215,01,#,10,#,1.2
1311130007,1987,1311130,13,215,01,#,14,#,1
1311130009,1987,1311130,13,215,01,#,11,#,0.51
1311130011,1987,1311130,13,215,01,#,8.7,#,0.49
1311130013,1987,1311130,13,215,01,#,13,#,0.47
1311130015,1987,1311130,13,215,01,#,10,#,0.45
1311130017,1987,1311130,13,215,01,#,12,#,0.46
1311130019,1987,1311130,13,215,01,#,14,#,0.45
1311130021,1987,1311130,13,215,01,#,12,#,0.58
1311130023,1987,1311130,13,215,01,#,11,#,0.67
1311140001,1987,1311140,13,005,54,#,13,#,1.5
1311140003,1987,1311140,13,005,54,#,7.2,#,0.68
1311140005,1987,1311140,13,005,54,#,4.9,#,0.43
1311140007,1987,1311140,13,005,54,#,4.3,#,0.66
1311140009,1987,1311140,13,005,54,#,4.5,#,0.47
1311140011,1987,1311140,13,005,54,#,3.6,#,0.25
1311140013,1987,1311140,13,005,54,#,7,#,0.67
1311140015,1987,1311140,13,005,54,#,8.2,#,0.9
1311140017,1987,1311140,13,005,54,#,9.4,#,0.67
1311140019,1987,1311140,13,005,54,#,12,#,1.1
1311140021,1987,1311140,13,005,54,#,15,#,1.3
1311140023,1987,1311140,13,005,54,#,19,#,1.1
1311160001,1987,1311160,13,216,01,#,2.4,#,0.16
1311160003,1987,1311160,13,216,01,#,2.8,#,0.22
1311160005,1987,1311160,13,216,01,#,2.4,#,0.2
1311160007,1987,1311160,13,216,01,#,3.6,#,0.2
1311160009,1987,1311160,13,216,01,#,3.7,#,0.2
1311160011,1987,1311160,13,216,01,#,2.1,#,0.086
1311160013,1987,1311160,13,216,01,#,2.8,#,0.15
1311160015,1987,1311160,13,216,01,#,3,#,0.11
1311160017,1987,1311160,13,216,01,#,3.5,#,0.1
1311160019,1987,1311160,13,216,01,#,3.3,#,0.13
1311160021,1987,1311160,13,216,01,#,4.9,#,0.17
1311160023,1987,1311160,13,216,01,#,2.5,#,0.057
1311170001,1987,1311170,13,218,01,#,0.52,#,0.016
1311170003,1987,1311170,13,218,01,#,0.56,#,0.018
1311170005,1987,1311170,13,218,01,#,0.57,#,0.023
1311170007,1987,1311170,13,218,01,#,0.56,#,0.021
1311170009,1987,1311170,13,218,01,#,0.57,#,0.014
1311170011,1987,1311170,13,218,01,#,0.61,#,0.023
1311170013,1987,1311170,13,218,01,#,0.57,#,0.03
1311170015,1987,1311170,13,218,01,#,0.3,#,0.012
1311170017,1987,1311170,13,218,01,#,0.45,#,0.018
1311170019,1987,1311170,13,218,01,#,0.42,#,0.016
1311170021,1987,1311170,13,218,01,#,0.54,#,0.019
1311170023,1987,1311170,13,218,01,#,0.47,#,0.025
1311200001,1987,1311200,13,219,01,#,14,#,1.6
1311200003,1987,1311200,13,219,01,#,6.9,#,1.1
1311200005,1987,1311200,13,219,01,#,4.7,#,0.57
1311200007,1987,1311200,13,219,01,#,4.6,#,0.68
1311200009,1987,1311200,13,219,01,#,5.6,#,0.77
1311200011,1987,1311200,13,219,01,#,4.7,#,0.4
1311200013,1987,1311200,13,219,01,#,7.8,#,0.93
1311200015,1987,1311200,13,219,01,#,8.8,#,0.92
1311200017,1987,1311200,13,219,01,#,10,#,0.7
1311200019,1987,1311200,13,219,01,#,12,#,1
1311200021,1987,1311200,13,219,01,#,17,#,1.3
1311200023,1987,1311200,13,219,01,#,9.3,#,1.2
1311210001,1987,1311210,13,220,01,#,6,#,0.25
1311210002,1987,1311210,13,220,01,#,7.7,#,0.38
1311210003,1987,1311210,13,220,01,#,2.4,#,0.28
1311210004,1987,1311210,13,220,01,#,3.3,#,0.29
1311210005,1987,1311210,13,220,01,#,4.4,#,0.5
1311210006,1987,1311210,13,220,01,#,3,#,0.42
1311210007,1987,1311210,13,220,01,#,4,#,0.31
1311210008,1987,1311210,13,220,01,#,4.3,#,0.17
1311210009,1987,1311210,13,220,01,#,5.1,#,0.36
1311210010,1987,1311210,13,220,01,#,8.6,#,0.27
1311210011,1987,1311210,13,220,01,#,5.3,#,0.44
1311210012,1987,1311210,13,220,01,#,7,#,0.67
1311220001,1987,1311220,13,221,01,#,10,#,0.79
1311220002,1987,1311220,13,221,01,#,9.8,#,0.92
1311220003,1987,1311220,13,221,01,#,5.3,#,0.68
1311220004,1987,1311220,13,221,01,#,5.5,#,0.53
1311220005,1987,1311220,13,221,01,#,10,#,0.9
1311220006,1987,1311220,13,221,01,#,5.2,#,0.58
1311220007,1987,1311220,13,221,01,#,5.4,#,0.54
1311220008,1987,1311220,13,221,01,#,6.7,#,0.51
1311220009,1987,1311220,13,221,01,#,6.5,#,0.48
1311220010,1987,1311220,13,221,01,#,7.8,#,0.43
1311220011,1987,1311220,13,221,01,#,12,#,0.85
1311220012,1987,1311220,13,221,01,#,11,#,0.75
1311230001,1987,1311230,13,029,02,#,6.3,#,0.19
1311230002,1987,1311230,13,029,02,#,2.5,#,0.26
1311230003,1987,1311230,13,029,02,#,1.7,#,0.25
1311230004,1987,1311230,13,029,02,#,2,#,0.15
1311230005,1987,1311230,13,029,02,#,2.1,#,0.3
1311230006,1987,1311230,13,029,02,#,1.5,#,0.31
1311230007,1987,1311230,13,029,02,#,3.1,#,0.23
1311230008,1987,1311230,13,029,02,#,3.3,#,0.15
1311230009,1987,1311230,13,029,02,#,3.2,#,0.18
1311230010,1987,1311230,13,029,02,#,4,#,0.13
1311230011,1987,1311230,13,029,02,#,5.7,#,0.3
1311230012,1987,1311230,13,029,02,#,6.3,#,0.38
1320010001,1987,1320010,13,401,01,#,0.51,#,0.005
1320010002,1987,1320010,13,401,01,#,0.53,#,0.005
1320010003,1987,1320010,13,401,01,#,0.45,#,0.009
1320010004,1987,1320010,13,401,01,#,0.55,#,0.007
1320010005,1987,1320010,13,401,01,#,0.39,#,0.009
1320010006,1987,1320010,13,401,01,#,0.47,#,0.009
1320010007,1987,1320010,13,401,01,#,0.43,#,0.009
1320010008,1987,1320010,13,401,01,#,0.46,#,0.009
1320010009,1987,1320010,13,401,01,#,0.45,#,0.009
1320010010,1987,1320010,13,401,01,#,0.41,#,0.007
1320010011,1987,1320010,13,401,01,#,0.58,#,0.012
1320010012,1987,1320010,13,401,01,#,0.34,#,0.021
1320010013,1987,1320010,13,401,01,#,0.54,#,0.016
1320010014,1987,1320010,13,401,01,#,0.27,#,0.023
1320010015,1987,1320010,13,401,01,#,0.6,<,0.003
1320010016,1987,1320010,13,401,01,#,0.57,#,0.028
1320010017,1987,1320010,13,401,01,#,0.55,#,0.005
1320010018,1987,1320010,13,401,01,#,0.45,#,0.014
1320010019,1987,1320010,13,401,01,#,0.51,#,0.012
1320010020,1987,1320010,13,401,01,#,0.5,#,0.01
1320010021,1987,1320010,13,401,01,#,0.54,#,0.01
1320010022,1987,1320010,13,401,01,#,0.46,#,0.01
1320010023,1987,1320010,13,401,01,#,0.52,#,0.007
1320010024,1987,1320010,13,401,01,#,0.41,#,0.003
1320020001,1987,1320020,13,401,02,#,0.52,#,0.005
1320020002,1987,1320020,13,401,02,#,0.47,#,0.005
1320020003,1987,1320020,13,401,02,#,0.55,#,0.01
1320020004,1987,1320020,13,401,02,#,0.5,#,0.009
1320020005,1987,1320020,13,401,02,#,0.43,#,0.005
1320020006,1987,1320020,13,401,02,#,0.54,#,0.012
1320020007,1987,1320020,13,401,02,#,0.28,#,0.007
1320020008,1987,1320020,13,401,02,#,0.43,#,0.007
1320020009,1987,1320020,13,401,02,#,0.41,#,0.016
1320020010,1987,1320020,13,401,02,#,0.41,#,0.007
1320020011,1987,1320020,13,401,02,#,0.51,#,0.005
1320020012,1987,1320020,13,401,02,#,0.45,#,0.061
1320020013,1987,1320020,13,401,02,#,0.34,<,0.003
1320020014,1987,1320020,13,401,02,#,0.48,<,0.003
1320020015,1987,1320020,13,401,02,#,0.37,#,0.028
1320020016,1987,1320020,13,401,02,#,0.47,#,0.009
1320020017,1987,1320020,13,401,02,#,0.46,#,0.01
1320020018,1987,1320020,13,401,02,#,0.36,#,0.043
1320020019,1987,1320020,13,401,02,#,0.46,#,0.014
1320020020,1987,1320020,13,401,02,#,0.48,#,0.012
1320020021,1987,1320020,13,401,02,#,0.42,#,0.043
1320020022,1987,1320020,13,401,02,#,0.38,#,0.003
1320020023,1987,1320020,13,401,02,#,0.32,#,0.005
1320020024,1987,1320020,13,401,02,#,0.52,#,0.036
1320020025,1987,1320020,13,401,02,#,0.68,#,0.005
1320020026,1987,1320020,13,401,02,#,0.53,#,0.009
1320020027,1987,1320020,13,401,02,#,0.6,#,0.039
1320020028,1987,1320020,13,401,02,#,0.44,#,0.01
1320020029,1987,1320020,13,401,02,#,0.48,#,0.016
1320020030,1987,1320020,13,401,02,#,0.52,#,0.034
1320020031,1987,1320020,13,401,02,#,0.43,#,0.009
1320020032,1987,1320020,13,401,02,#,0.52,#,0.01
1320020033,1987,1320020,13,401,02,#,0.66,#,0.032
1320020034,1987,1320020,13,401,02,#,0.46,#,0.003
1320020035,1987,1320020,13,401,02,#,0.42,#,0.005
1320020036,1987,1320020,13,401,02,#,0.48,#,0.003
1330010001,1987,1330010,13,601,01,#,3.7,#,0.17
1330010002,1987,1330010,13,601,01,#,2.1,#,0.1
1330010004,1987,1330010,13,601,01,#,4.9,#,0.49
1330010005,1987,1330010,13,601,01,#,1.4,#,0.085
1330010006,1987,1330010,13,601,01,#,3.1,#,0.29
1330010007,1987,1330010,13,601,01,#,1.7,#,0.15
1330010009,1987,1330010,13,601,01,#,3.9,#,0.4
1330010010,1987,1330010,13,601,01,#,1,#,0.22
1330010011,1987,1330010,13,601,01,#,3.4,#,0.34
1330010012,1987,1330010,13,601,01,#,0.83,#,0.12
1330010014,1987,1330010,13,601,01,#,2.9,#,0.3
1330010015,1987,1330010,13,601,01,#,1.2,#,0.25
1330010016,1987,1330010,13,601,01,#,3,#,0.26
1330010017,1987,1330010,13,601,01,#,0.8,#,0.1
1330010019,1987,1330010,13,601,01,#,2.9,#,0.15
1330010020,1987,1330010,13,601,01,#,1,#,0.088
1330010021,1987,1330010,13,601,01,#,2.5,#,0.15
1330010022,1987,1330010,13,601,01,#,3,#,0.095
1330010024,1987,1330010,13,601,01,#,2.8,#,0.18
1330010025,1987,1330010,13,601,01,#,1.2,#,0.088
1330010026,1987,1330010,13,601,01,#,2,#,0.16
1330010027,1987,1330010,13,601,01,#,2.2,#,0.1
1330010029,1987,1330010,13,601,01,#,2.4,#,0.13
1330010030,1987,1330010,13,601,01,#,1.3,#,0.081
1330020001,1987,1330020,13,601,02,#,2.9,#,0.13
1330020002,1987,1330020,13,601,02,#,1.7,#,0.084
1330020004,1987,1330020,13,601,02,#,3.1,#,0.31
1330020005,1987,1330020,13,601,02,#,1.4,#,0.081
1330020006,1987,1330020,13,601,02,#,2,#,0.19
1330020007,1987,1330020,13,601,02,#,1.3,#,0.12
1330020009,1987,1330020,13,601,02,#,3.8,#,0.35
1330020010,1987,1330020,13,601,02,#,1.6,#,0.25
1330020011,1987,1330020,13,601,02,#,2.5,#,0.25
1330020012,1987,1330020,13,601,02,#,0.74,#,0.15
1330020014,1987,1330020,13,601,02,#,2.4,#,0.24
1330020015,1987,1330020,13,601,02,#,1.2,#,0.22
1330020016,1987,1330020,13,601,02,#,2.6,#,0.23
1330020017,1987,1330020,13,601,02,#,0.79,#,0.1
1330020019,1987,1330020,13,601,02,#,2.4,#,0.14
1330020020,1987,1330020,13,601,02,#,0.95,#,0.088
1330020021,1987,1330020,13,601,02,#,1.9,#,0.12
1330020022,1987,1330020,13,601,02,#,2.2,#,0.084
1330020024,1987,1330020,13,601,02,#,2.3,#,0.15
1330020025,1987,1330020,13,601,02,#,1,#,0.079
1330020026,1987,1330020,13,601,02,#,1.6,#,0.14
1330020027,1987,1330020,13,601,02,#,1.8,#,0.1
1330020029,1987,1330020,13,601,02,#,2.4,#,0.15
1330020030,1987,1330020,13,601,02,#,1.4,#,0.075
1330030001,1987,1330030,13,601,03,#,3.6,#,0.2
1330030002,1987,1330030,13,601,03,#,1.5,#,0.083
1330030004,1987,1330030,13,601,03,#,2.6,#,0.23
1330030005,1987,1330030,13,601,03,#,1.1,#,0.084
1330030006,1987,1330030,13,601,03,#,1.8,#,0.17
1330030007,1987,1330030,13,601,03,#,1.1,#,0.1
1330030009,1987,1330030,13,601,03,#,2.9,#,0.28
1330030010,1987,1330030,13,601,03,#,0.85,#,0.2
1330030011,1987,1330030,13,601,03,#,2.8,#,0.24
1330030012,1987,1330030,13,601,03,#,0.69,#,0.11
1330030014,1987,1330030,13,601,03,#,3.1,#,0.31
1330030015,1987,1330030,13,601,03,#,1.2,#,0.28
1330030016,1987,1330030,13,601,03,#,3.5,#,0.28
1330030017,1987,1330030,13,601,03,#,0.76,#,0.092
1330030019,1987,1330030,13,601,03,#,2.5,#,0.14
1330030020,1987,1330030,13,601,03,#,0.98,#,0.081
1330030021,1987,1330030,13,601,03,#,1.8,#,0.14
1330030022,1987,1330030,13,601,03,#,1.3,#,0.078
1330030024,1987,1330030,13,601,03,#,3,#,0.18
1330030025,1987,1330030,13,601,03,#,1,#,0.08
1330030026,1987,1330030,13,601,03,#,1.6,#,0.15
1330030027,1987,1330030,13,601,03,#,1.6,#,0.095
1330030029,1987,1330030,13,601,03,#,2.3,#,0.14
1330030030,1987,1330030,13,601,03,#,1.2,#,0.072
1330040001,1987,1330040,13,601,04,#,4,#,0.2
1330040002,1987,1330040,13,601,04,#,2.9,#,0.14
1330040004,1987,1330040,13,601,04,#,1.6,#,0.1
1330040005,1987,1330040,13,601,04,#,1.5,#,0.093
1330040006,1987,1330040,13,601,04,#,2.6,#,0.24
1330040007,1987,1330040,13,601,04,#,2,#,0.16
1330040009,1987,1330040,13,601,04,#,2.4,#,0.35
1330040010,1987,1330040,13,601,04,#,1,#,0.14
1330040011,1987,1330040,13,601,04,#,4.3,#,0.34
1330040012,1987,1330040,13,601,04,#,1.1,#,0.11
1330040014,1987,1330040,13,601,04,#,3.2,#,0.27
1330040015,1987,1330040,13,601,04,#,1.7,#,0.26
1330040016,1987,1330040,13,601,04,#,3.7,#,0.29
1330040017,1987,1330040,13,601,04,#,1.3,#,0.11
1330040019,1987,1330040,13,601,04,#,2.9,#,0.16
1330040020,1987,1330040,13,601,04,#,1.5,#,0.087
1330040021,1987,1330040,13,601,04,#,1.9,#,0.12
1330040022,1987,1330040,13,601,04,#,1.3,#,0.085
1330040024,1987,1330040,13,601,04,#,3.6,#,0.17
1330040025,1987,1330040,13,601,04,#,1.8,#,0.1
1330040026,1987,1330040,13,601,04,#,3.2,#,0.17
1330040027,1987,1330040,13,601,04,#,2.1,#,0.11
1330040029,1987,1330040,13,601,04,#,2,#,0.13
1330040030,1987,1330040,13,601,04,#,1.8,#,0.13
1330130001,1987,1330130,13,601,59,#,13,#,0.49
1330130003,1987,1330130,13,601,59,#,18,#,0.77
1330130005,1987,1330130,13,601,59,#,13,#,0.7
1330130007,1987,1330130,13,601,59,#,12,#,0.59
1330130009,1987,1330130,13,601,59,#,14,#,1.1
1330130011,1987,1330130,13,601,59,#,9.3,#,0.57
1330130013,1987,1330130,13,601,59,#,13,#,0.46
1330130015,1987,1330130,13,601,59,#,11,#,0.5
1330130017,1987,1330130,13,601,59,#,16,#,0.37
1330130019,1987,1330130,13,601,59,#,14,#,0.56
1330130021,1987,1330130,13,601,59,#,16,#,0.43
1330130023,1987,1330130,13,601,59,#,23,#,0.73
1330150001,1987,1330150,13,601,61,#,13,#,0.46
1330150003,1987,1330150,13,601,61,#,13,#,0.61
1330150005,1987,1330150,13,601,61,#,8.6,#,0.52
1330150007,1987,1330150,13,601,61,#,8.2,#,0.46
1330150009,1987,1330150,13,601,61,#,9.6,#,0.92
1330150011,1987,1330150,13,601,61,#,5.6,#,0.51
1330150013,1987,1330150,13,601,61,#,8.2,#,0.32
1330150015,1987,1330150,13,601,61,#,7.7,#,0.36
1330150017,1987,1330150,13,601,61,#,17,#,0.45
1330150019,1987,1330150,13,601,61,#,12,#,0.49
1330150021,1987,1330150,13,601,61,#,18,#,0.48
1330150023,1987,1330150,13,601,61,#,15,#,0.42
1330180001,1987,1330180,13,601,64,#,8.5,#,0.37
1330180003,1987,1330180,13,601,64,#,10,#,0.62
1330180005,1987,1330180,13,601,64,#,8.2,#,0.53
1330180007,1987,1330180,13,601,64,#,7.7,#,0.5
1330180009,1987,1330180,13,601,64,#,8.7,#,0.84
1330180011,1987,1330180,13,601,64,#,5.6,#,0.51
1330180013,1987,1330180,13,601,64,#,5.1,#,0.34
1330180015,1987,1330180,13,601,64,#,5,#,0.29
1330180017,1987,1330180,13,601,64,#,7,#,0.37
1330180019,1987,1330180,13,601,64,#,9.1,#,0.34
1330180021,1987,1330180,13,601,64,#,7.7,#,0.22
1330180023,1987,1330180,13,601,64,#,9.3,#,0.25
1330230001,1987,1330230,13,601,69,#,6.6,#,0.39
1330230003,1987,1330230,13,601,69,#,9.8,#,1.4
1330230005,1987,1330230,13,601,69,#,4.7,#,0.47
1330230007,1987,1330230,13,601,69,#,5.2,#,0.5
1330230009,1987,1330230,13,601,69,#,5.7,#,0.61
1330230011,1987,1330230,13,601,69,#,3.5,#,0.36
1330230013,1987,1330230,13,601,69,#,4.9,#,0.35
1330230015,1987,1330230,13,601,69,#,4.2,#,0.26
1330230017,1987,1330230,13,601,69,#,8.5,#,0.3
1330230019,1987,1330230,13,601,69,#,5.3,#,0.24
1330230021,1987,1330230,13,601,69,#,4.1,#,0.17
1330230023,1987,1330230,13,601,69,#,5.1,#,0.18
1330240001,1987,1330240,13,601,70,#,9.7,#,0.39
1330240003,1987,1330240,13,601,70,#,7.9,#,0.66
1330240005,1987,1330240,13,601,70,#,5.8,#,0.43
1330240007,1987,1330240,13,601,70,#,8.2,#,0.52
1330240009,1987,1330240,13,601,70,#,7.1,#,0.74
1330240011,1987,1330240,13,601,70,#,4.1,#,0.41
1330240013,1987,1330240,13,601,70,#,3.5,#,0.24
1330240015,1987,1330240,13,601,70,#,2.8,#,0.2
1330240017,1987,1330240,13,601,70,#,5.8,#,0.23
1330240019,1987,1330240,13,601,70,#,6,#,0.25
1330240021,1987,1330240,13,601,70,#,7.3,#,0.23
1330240023,1987,1330240,13,601,70,#,8.3,#,0.28
1330260001,1987,1330260,13,601,72,#,4.4,#,0.23
1330260003,1987,1330260,13,601,72,#,5.2,#,0.59
1330260005,1987,1330260,13,601,72,#,3.1,#,0.31
1330260007,1987,1330260,13,601,72,#,3.6,#,0.39
1330260009,1987,1330260,13,601,72,#,2.9,#,0.32
1330260011,1987,1330260,13,601,72,#,1.5,#,0.24
1330260013,1987,1330260,13,601,72,#,4.1,#,0.25
1330260015,1987,1330260,13,601,72,#,3.2,#,0.19
1330260017,1987,1330260,13,601,72,#,4.3,#,0.19
1330260019,1987,1330260,13,601,72,#,3.8,#,0.15
1330260021,1987,1330260,13,601,72,#,3.1,#,0.11
1330260023,1987,1330260,13,601,72,#,3.8,#,0.14
1330280001,1987,1330280,13,601,74,#,12,#,0.6
1330280003,1987,1330280,13,601,74,#,16,#,0.64
1330280005,1987,1330280,13,601,74,#,13,#,1.1
1330280007,1987,1330280,13,601,74,#,11,#,0.64
1330280009,1987,1330280,13,601,74,#,11,#,0.67
1330280011,1987,1330280,13,601,74,#,11,#,0.87
1330280013,1987,1330280,13,601,74,#,11,#,0.68
1330280015,1987,1330280,13,601,74,#,11,#,0.62
1330280017,1987,1330280,13,601,74,#,16,#,0.75
1330280019,1987,1330280,13,601,74,#,14,#,0.44
1330280021,1987,1330280,13,601,74,#,17,#,1.2
1330280023,1987,1330280,13,601,74,#,15,#,0.86
1330290001,1987,1330290,13,601,75,#,7.1,#,0.35
1330290003,1987,1330290,13,601,75,#,8.4,#,0.9
1330290005,1987,1330290,13,601,75,#,7.3,#,0.58
1330290007,1987,1330290,13,601,75,#,6.3,#,0.46
1330290009,1987,1330290,13,601,75,#,6.2,#,0.51
1330290011,1987,1330290,13,601,75,#,5.9,#,0.59
1330290013,1987,1330290,13,601,75,#,6.9,#,0.48
1330290015,1987,1330290,13,601,75,#,5.4,#,0.36
1330290017,1987,1330290,13,601,75,#,4.6,#,0.27
1330290019,1987,1330290,13,601,75,#,5.4,#,0.22
1330290021,1987,1330290,13,601,75,#,6.3,#,0.32
1330290023,1987,1330290,13,601,75,#,6.4,#,0.28
1330300001,1987,1330300,13,601,76,#,12,#,0.55
1330300003,1987,1330300,13,601,76,#,14,#,1.1
1330300005,1987,1330300,13,601,76,#,9.9,#,0.63
1330300007,1987,1330300,13,601,76,#,13,#,0.53
1330300009,1987,1330300,13,601,76,#,11,#,1.1
1330300011,1987,1330300,13,601,76,#,12,#,0.68
1330300013,1987,1330300,13,601,76,#,11,#,0.7
1330300015,1987,1330300,13,601,76,#,10,#,0.88
1330300017,1987,1330300,13,601,76,#,13,#,0.78
1330300019,1987,1330300,13,601,76,#,13,#,0.58
1330300021,1987,1330300,13,601,76,#,19,#,1
1330300023,1987,1330300,13,601,76,#,18,#,0.78
1330320001,1987,1330320,13,601,78,#,8.2,#,0.37
1330320003,1987,1330320,13,601,78,#,6.7,#,0.37
1330320005,1987,1330320,13,601,78,#,7.3,#,0.56
1330320007,1987,1330320,13,601,78,#,4,#,0.43
1330320009,1987,1330320,13,601,78,#,6.6,#,0.47
1330320011,1987,1330320,13,601,78,#,5.8,#,0.43
1330320013,1987,1330320,13,601,78,#,4.6,#,0.32
1330320015,1987,1330320,13,601,78,#,4.7,#,0.31
1330320017,1987,1330320,13,601,78,#,4.8,#,0.24
1330320019,1987,1330320,13,601,78,#,5.2,#,0.23
1330320021,1987,1330320,13,601,78,#,6.7,#,0.25
1330320023,1987,1330320,13,601,78,#,5.6,#,0.22
1330340001,1987,1330340,13,601,80,#,12,#,0.47
1330340003,1987,1330340,13,601,80,#,12,#,1.1
1330340005,1987,1330340,13,601,80,#,10,#,0.56
1330340007,1987,1330340,13,601,80,#,6,#,0.45
1330340009,1987,1330340,13,601,80,#,8.2,#,0.71
1330340011,1987,1330340,13,601,80,#,7.9,#,0.74
1330340013,1987,1330340,13,601,80,#,7,#,0.44
1330340015,1987,1330340,13,601,80,#,3.7,#,0.25
1330340017,1987,1330340,13,601,80,#,9.8,#,0.53
1330340019,1987,1330340,13,601,80,#,9.9,#,0.4
1330340021,1987,1330340,13,601,80,#,10,#,0.5
1330340023,1987,1330340,13,601,80,#,11,#,0.55
1330350001,1987,1330350,13,601,81,#,9.3,#,0.73
1330350003,1987,1330350,13,601,81,#,8.8,#,0.69
1330350005,1987,1330350,13,601,81,#,9.8,#,0.81
1330350007,1987,1330350,13,601,81,#,4.1,#,0.36
1330350009,1987,1330350,13,601,81,#,6.6,#,0.7
1330350011,1987,1330350,13,601,81,#,11,#,0.8
1330350013,1987,1330350,13,601,81,#,9.2,#,0.66
1330350015,1987,1330350,13,601,81,#,8.3,#,0.66
1330350017,1987,1330350,13,601,81,#,9.1,#,0.59
1330350019,1987,1330350,13,601,81,#,9.2,#,0.57
1330350021,1987,1330350,13,601,81,#,10,#,0.53
1330350023,1987,1330350,13,601,81,#,13,#,0.78
1330370001,1987,1330370,13,602,01,#,4.2,#,0.23
1330370002,1987,1330370,13,602,01,#,1.9,#,0.11
1330370004,1987,1330370,13,602,01,#,3.9,#,0.37
1330370005,1987,1330370,13,602,01,#,1.4,#,0.093
1330370006,1987,1330370,13,602,01,#,1.7,#,0.16
1330370007,1987,1330370,13,602,01,#,1.6,#,0.16
1330370009,1987,1330370,13,602,01,#,3.1,#,0.32
1330370010,1987,1330370,13,602,01,#,1.1,#,0.083
1330370011,1987,1330370,13,602,01,#,3.7,#,0.4
1330370012,1987,1330370,13,602,01,#,0.92,#,0.19
1330370014,1987,1330370,13,602,01,#,2.6,#,0.1
1330370015,1987,1330370,13,602,01,#,0.81,#,0.1
1330370016,1987,1330370,13,602,01,#,4.2,#,0.28
1330370017,1987,1330370,13,602,01,#,0.91,#,0.1
1330370019,1987,1330370,13,602,01,#,3.3,#,0.16
1330370020,1987,1330370,13,602,01,#,1.1,#,0.087
1330370021,1987,1330370,13,602,01,#,2.3,#,0.21
1330370022,1987,1330370,13,602,01,#,1.2,#,0.084
1330370024,1987,1330370,13,602,01,#,1.8,#,0.11
1330370025,1987,1330370,13,602,01,#,1.1,#,0.086
1330370026,1987,1330370,13,602,01,#,2.7,#,0.12
1330370027,1987,1330370,13,602,01,#,1.5,#,0.094
1330370029,1987,1330370,13,602,01,#,3.4,#,0.14
1330370030,1987,1330370,13,602,01,#,2.1,#,0.12
1330440001,1987,1330440,13,603,01,#,1.8,#,0.09
1330440002,1987,1330440,13,603,01,#,1.2,#,0.072
1330440004,1987,1330440,13,603,01,#,1.9,#,0.14
1330440005,1987,1330440,13,603,01,#,1.4,#,0.081
1330440006,1987,1330440,13,603,01,#,1.2,#,0.085
1330440007,1987,1330440,13,603,01,#,1.1,#,0.081
1330440009,1987,1330440,13,603,01,#,1.7,#,0.13
1330440010,1987,1330440,13,603,01,#,0.71,#,0.11
1330440011,1987,1330440,13,603,01,#,1.9,#,0.16
1330440012,1987,1330440,13,603,01,#,0.68,#,0.13
1330440014,1987,1330440,13,603,01,#,1.1,#,0.23
1330440015,1987,1330440,13,603,01,#,0.73,#,0.12
1330440016,1987,1330440,13,603,01,#,1,#,0.1
1330440017,1987,1330440,13,603,01,#,0.74,#,0.078
1330440019,1987,1330440,13,603,01,#,1.8,#,0.098
1330440020,1987,1330440,13,603,01,#,0.69,#,0.062
1330440021,1987,1330440,13,603,01,#,1.3,#,0.073
1330440022,1987,1330440,13,603,01,#,0.94,#,0.069
1330440024,1987,1330440,13,603,01,#,1.6,#,0.1
1330440025,1987,1330440,13,603,01,#,0.99,#,0.073
1330440026,1987,1330440,13,603,01,#,1.7,#,0.085
1330440027,1987,1330440,13,603,01,#,1.2,#,0.065
1330440029,1987,1330440,13,603,01,#,1.6,#,0.097
1330440030,1987,1330440,13,603,01,#,0.85,#,0.077
1330450001,1987,1330450,13,603,02,#,1.9,#,0.082
1330450002,1987,1330450,13,603,02,#,1.1,#,0.066
1330450004,1987,1330450,13,603,02,#,2.3,#,0.13
1330450005,1987,1330450,13,603,02,#,0.85,#,0.051
1330450006,1987,1330450,13,603,02,#,1.3,#,0.1
1330450007,1987,1330450,13,603,02,#,1,#,0.074
1330450009,1987,1330450,13,603,02,#,1.6,#,0.25
1330450010,1987,1330450,13,603,02,#,0.72,#,0.13
1330450011,1987,1330450,13,603,02,#,2,#,0.21
1330450012,1987,1330450,13,603,02,#,0.59,#,0.088
1330450014,1987,1330450,13,603,02,#,1.1,#,0.17
1330450015,1987,1330450,13,603,02,#,1,#,0.22
1330450016,1987,1330450,13,603,02,#,1.6,#,0.11
1330450017,1987,1330450,13,603,02,#,0.74,#,0.082
1330450019,1987,1330450,13,603,02,#,2.3,#,0.13
1330450020,1987,1330450,13,603,02,#,0.78,#,0.055
1330450021,1987,1330450,13,603,02,#,1.3,#,0.094
1330450022,1987,1330450,13,603,02,#,1.1,#,0.064
1330450024,1987,1330450,13,603,02,#,2.5,#,0.14
1330450025,1987,1330450,13,603,02,#,0.93,#,0.06
1330450026,1987,1330450,13,603,02,#,2.1,#,0.1
1330450027,1987,1330450,13,603,02,#,1.3,#,0.066
1330450029,1987,1330450,13,603,02,#,2,#,0.11
1330450030,1987,1330450,13,603,02,#,0.91,#,0.075
1330600001,1987,1330600,13,604,01,#,1.9,#,0.1
1330600002,1987,1330600,13,604,01,#,0.91,#,0.069
1330600004,1987,1330600,13,604,01,#,1.1,#,0.062
1330600005,1987,1330600,13,604,01,#,0.97,#,0.053
1330600006,1987,1330600,13,604,01,#,0.97,#,0.072
1330600007,1987,1330600,13,604,01,#,0.87,#,0.093
1330600009,1987,1330600,13,604,01,#,0.9,#,0.11
1330600010,1987,1330600,13,604,01,#,0.66,#,0.1
1330600011,1987,1330600,13,604,01,#,0.87,#,0.079
1330600012,1987,1330600,13,604,01,#,0.63,#,0.069
1330600014,1987,1330600,13,604,01,#,0.99,#,0.12
1330600015,1987,1330600,13,604,01,#,0.69,#,0.14
1330600016,1987,1330600,13,604,01,#,0.78,#,0.068
1330600017,1987,1330600,13,604,01,#,0.32,#,0.062
1330600019,1987,1330600,13,604,01,#,1.4,#,0.076
1330600020,1987,1330600,13,604,01,#,0.8,#,0.04
1330600021,1987,1330600,13,604,01,#,1.9,#,0.083
1330600022,1987,1330600,13,604,01,#,1.2,#,0.088
1330600024,1987,1330600,13,604,01,#,1.3,#,0.086
1330600025,1987,1330600,13,604,01,#,0.61,#,0.052
1330600026,1987,1330600,13,604,01,#,1.2,#,0.064
1330600027,1987,1330600,13,604,01,#,0.66,#,0.051
1330600029,1987,1330600,13,604,01,#,3.2,#,0.076
1330600030,1987,1330600,13,604,01,#,0.75,#,0.07
