レコードID,測定年度,絶対番号,都道府県コード,水域コード,地点コード,全窒素_C,全窒素(mg/l),全燐_C,全燐(mg/l)
1310010001,1988,1310010,13,001,01,#,3.3,#,0.18
1310010004,1988,1310010,13,001,01,#,2.1,#,0.12
1310010007,1988,1310010,13,001,01,#,1.8,#,0.11
1310010010,1988,1310010,13,001,01,#,2.6,#,0.26
1310010017,1988,1310010,13,001,01,#,3.2,#,0.15
1310010020,1988,1310010,13,001,01,#,3.6,#,0.17
1310010023,1988,1310010,13,001,01,#,3.9,#,0.26
1310010026,1988,1310010,13,001,01,#,3.8,#,0.1
1310010029,1988,1310010,13,001,01,#,4.1,#,0.17
1310010036,1988,1310010,13,001,01,#,4.8,#,0.18
1310010039,1988,1310010,13,001,01,#,4.2,#,0.21
1310010042,1988,1310010,13,001,01,#,3.9,#,0.14
1310020001,1988,1310020,13,001,51,#,3.1,#,0.13
1310020002,1988,1310020,13,001,51,#,3.6,#,0.11
1310020003,1988,1310020,13,001,51,#,2.2,#,0.084
1310020004,1988,1310020,13,001,51,#,4,#,0.097
1310020005,1988,1310020,13,001,51,#,3.3,#,0.13
1310020006,1988,1310020,13,001,51,#,5.2,#,0.12
1310020007,1988,1310020,13,001,51,#,5.2,#,0.15
1310020008,1988,1310020,13,001,51,#,4.2,#,0.084
1310020009,1988,1310020,13,001,51,#,4.9,#,0.15
1310020010,1988,1310020,13,001,51,#,5.9,#,0.2
1310020011,1988,1310020,13,001,51,#,5,#,0.23
1310020012,1988,1310020,13,001,51,#,4.2,#,0.12
1310030001,1988,1310030,13,002,01,#,3.6,#,0.19
1310030004,1988,1310030,13,002,01,#,2.2,#,0.16
1310030007,1988,1310030,13,002,01,#,2,#,0.12
1310030010,1988,1310030,13,002,01,#,2.5,#,0.11
1310030017,1988,1310030,13,002,01,#,2.9,#,0.15
1310030020,1988,1310030,13,002,01,#,3.6,#,0.23
1310030023,1988,1310030,13,002,01,#,3.9,#,0.24
1310030026,1988,1310030,13,002,01,#,3.9,#,0.1
1310030029,1988,1310030,13,002,01,#,4.5,#,0.19
1310030036,1988,1310030,13,002,01,#,5.5,#,0.23
1310030039,1988,1310030,13,002,01,#,5.3,#,0.26
1310030042,1988,1310030,13,002,01,#,4.2,#,0.17
1310060001,1988,1310060,13,003,01,#,2.5,#,0.13
1310060005,1988,1310060,13,003,01,#,4.2,#,0.16
1310060009,1988,1310060,13,003,01,#,2.1,#,0.14
1310060013,1988,1310060,13,003,01,#,3.4,#,0.1
1310060017,1988,1310060,13,003,01,#,1.9,#,0.18
1310060021,1988,1310060,13,003,01,#,4.6,#,0.09
1310060025,1988,1310060,13,003,01,#,4.7,#,0.13
1310060029,1988,1310060,13,003,01,#,3.7,#,0.11
1310060033,1988,1310060,13,003,01,#,4.6,#,0.15
1310060037,1988,1310060,13,003,01,#,6,#,0.19
1310060041,1988,1310060,13,003,01,#,4,#,0.18
1310060045,1988,1310060,13,003,01,#,4.7,#,0.17
1310090002,1988,1310090,13,004,01,#,5,#,0.32
1310090005,1988,1310090,13,004,01,#,2.8,#,0.2
1310090008,1988,1310090,13,004,01,#,3.1,#,0.27
1310090011,1988,1310090,13,004,01,#,3,#,0.22
1310090014,1988,1310090,13,004,01,#,3.8,#,0.18
1310090021,1988,1310090,13,004,01,#,4.6,#,0.15
1310090024,1988,1310090,13,004,01,#,5.7,#,0.25
1310090027,1988,1310090,13,004,01,#,6.2,#,0.34
1310090030,1988,1310090,13,004,01,#,7.9,#,0.49
1310090033,1988,1310090,13,004,01,#,8.3,#,0.73
1310090040,1988,1310090,13,004,01,#,8.6,#,0.43
1310090043,1988,1310090,13,004,01,#,66,#,3.7
1310100001,1988,1310100,13,004,02,#,4.9,#,0.31
1310100005,1988,1310100,13,004,02,#,5.1,#,0.52
1310100009,1988,1310100,13,004,02,#,4.1,#,0.53
1310100013,1988,1310100,13,004,02,#,4.7,#,0.15
1310100017,1988,1310100,13,004,02,#,3.6,#,0.22
1310100021,1988,1310100,13,004,02,#,4.7,#,0.3
1310100025,1988,1310100,13,004,02,#,4.5,#,0.22
1310100029,1988,1310100,13,004,02,#,4.2,#,0.27
1310100033,1988,1310100,13,004,02,#,2.6,#,0.14
1310100037,1988,1310100,13,004,02,#,5,#,0.27
1310100041,1988,1310100,13,004,02,#,4.3,#,0.31
1310100045,1988,1310100,13,004,02,#,5.6,#,0.33
1310140001,1988,1310140,13,005,01,#,9,#,0.79
1310140005,1988,1310140,13,005,01,#,6.9,#,0.73
1310140009,1988,1310140,13,005,01,#,5.7,#,0.51
1310140013,1988,1310140,13,005,01,#,4.8,#,0.57
1310140017,1988,1310140,13,005,01,#,5,#,0.29
1310140021,1988,1310140,13,005,01,#,5.4,#,0.41
1310140025,1988,1310140,13,005,01,#,5.5,#,0.49
1310140029,1988,1310140,13,005,01,#,9.9,#,1.2
1310140033,1988,1310140,13,005,01,#,10,#,0.66
1310140037,1988,1310140,13,005,01,#,13,#,1.1
1310140041,1988,1310140,13,005,01,#,13,#,1.1
1310140045,1988,1310140,13,005,01,#,11,#,1
1310160001,1988,1310160,13,005,52,#,7,#,0.8
1310160003,1988,1310160,13,005,52,#,8.4,#,0.77
1310160005,1988,1310160,13,005,52,#,6.4,#,0.63
1310160008,1988,1310160,13,005,52,#,4.6,#,0.44
1310160010,1988,1310160,13,005,52,#,5,#,0.28
1310160011,1988,1310160,13,005,52,#,5.4,#,0.24
1310160013,1988,1310160,13,005,52,#,5.4,#,0.25
1310160015,1988,1310160,13,005,52,#,7.2,#,0.44
1310160017,1988,1310160,13,005,52,#,10,#,0.71
1310160019,1988,1310160,13,005,52,#,10,#,0.59
1310160021,1988,1310160,13,005,52,#,11,#,1
1310160023,1988,1310160,13,005,52,#,9,#,0.59
1310180001,1988,1310180,13,006,01,#,5,#,0.47
1310180004,1988,1310180,13,006,01,#,5.9,#,0.35
1310180007,1988,1310180,13,006,01,#,5,#,0.4
1310180010,1988,1310180,13,006,01,#,3.8,#,0.22
1310180013,1988,1310180,13,006,01,#,3.7,#,0.2
1310180021,1988,1310180,13,006,01,#,4.1,#,0.15
1310180024,1988,1310180,13,006,01,#,6.8,#,0.33
1310180027,1988,1310180,13,006,01,#,7.8,#,0.5
1310180030,1988,1310180,13,006,01,#,7.7,#,0.54
1310180033,1988,1310180,13,006,01,#,11,#,0.79
1310180036,1988,1310180,13,006,01,#,8.9,#,0.59
1310180044,1988,1310180,13,006,01,#,7.6,#,0.39
1310190001,1988,1310190,13,006,02,#,3.2,#,0.19
1310190004,1988,1310190,13,006,02,#,4.7,#,0.44
1310190007,1988,1310190,13,006,02,#,3.1,#,0.26
1310190010,1988,1310190,13,006,02,#,3.3,#,0.18
1310190013,1988,1310190,13,006,02,#,3.3,#,0.14
1310190021,1988,1310190,13,006,02,#,4,#,0.17
1310190024,1988,1310190,13,006,02,#,2.1,#,0.15
1310190027,1988,1310190,13,006,02,#,1.8,#,0.12
1310190030,1988,1310190,13,006,02,#,3.2,#,0.23
1310190033,1988,1310190,13,006,02,#,5.4,#,0.34
1310190036,1988,1310190,13,006,02,#,5.4,#,0.35
1310190044,1988,1310190,13,006,02,#,5.6,#,0.39
1310200001,1988,1310200,13,006,51,#,72,#,0.51
1310200003,1988,1310200,13,006,51,#,2.2,#,0.23
1310200005,1988,1310200,13,006,51,#,5.2,#,0.29
1310200007,1988,1310200,13,006,51,#,3.3,#,0.14
1310200009,1988,1310200,13,006,51,#,3.4,#,0.11
1310200011,1988,1310200,13,006,51,#,3.5,#,0.1
1310200013,1988,1310200,13,006,51,#,6.3,#,0.29
1310200015,1988,1310200,13,006,51,#,10,#,0.61
1310200017,1988,1310200,13,006,51,#,1.1,#,0.49
1310200019,1988,1310200,13,006,51,#,7,#,0.3
1310200021,1988,1310200,13,006,51,#,7.7,#,0.54
1310200023,1988,1310200,13,006,51,#,5.6,#,0.23
1310210001,1988,1310210,13,006,52,#,53,#,0.43
1310210003,1988,1310210,13,006,52,#,4.2,#,0.35
1310210005,1988,1310210,13,006,52,#,4.9,#,0.35
1310210007,1988,1310210,13,006,52,#,3.2,#,0.19
1310210009,1988,1310210,13,006,52,#,3.4,#,0.14
1310210011,1988,1310210,13,006,52,#,4.1,#,0.19
1310210013,1988,1310210,13,006,52,#,7.6,#,0.33
1310210015,1988,1310210,13,006,52,#,9.5,#,0.57
1310210017,1988,1310210,13,006,52,#,1,#,0.68
1310210019,1988,1310210,13,006,52,#,10,#,0.51
1310210021,1988,1310210,13,006,52,#,8.5,#,0.7
1310210023,1988,1310210,13,006,52,#,9.6,#,0.61
1310220001,1988,1310220,13,006,53,#,4.3,#,0.38
1310220003,1988,1310220,13,006,53,#,5.8,#,0.39
1310220005,1988,1310220,13,006,53,#,3.8,#,0.33
1310220007,1988,1310220,13,006,53,#,3.7,#,0.16
1310220009,1988,1310220,13,006,53,#,3.7,#,0.16
1310220011,1988,1310220,13,006,53,#,4.6,#,0.19
1310220013,1988,1310220,13,006,53,#,5.2,#,0.27
1310220015,1988,1310220,13,006,53,#,3.6,#,0.27
1310220017,1988,1310220,13,006,53,#,6.6,#,0.43
1310220019,1988,1310220,13,006,53,#,10,#,0.62
1310220021,1988,1310220,13,006,53,#,8.4,#,0.53
1310220023,1988,1310220,13,006,53,#,6.5,#,0.37
1310230001,1988,1310230,13,007,01,#,13,#,0.68
1310230005,1988,1310230,13,007,01,#,13,#,0.81
1310230009,1988,1310230,13,007,01,#,12,#,0.73
1310230013,1988,1310230,13,007,01,#,7.3,#,0.47
1310230017,1988,1310230,13,007,01,#,5.8,#,0.42
1310230021,1988,1310230,13,007,01,#,9.1,#,0.63
1310230025,1988,1310230,13,007,01,#,13,#,0.43
1310230029,1988,1310230,13,007,01,#,8.9,#,0.53
1310230033,1988,1310230,13,007,01,#,7,#,0.32
1310230037,1988,1310230,13,007,01,#,8,#,0.36
1310230041,1988,1310230,13,007,01,#,9.8,#,0.59
1310230045,1988,1310230,13,007,01,#,14,#,0.71
1310240001,1988,1310240,13,007,02,#,12,#,0.84
1310240005,1988,1310240,13,007,02,#,15,#,1.1
1310240009,1988,1310240,13,007,02,#,14,#,1.1
1310240013,1988,1310240,13,007,02,#,9.7,#,0.55
1310240017,1988,1310240,13,007,02,#,7.6,#,0.43
1310240021,1988,1310240,13,007,02,#,12,#,0.45
1310240025,1988,1310240,13,007,02,#,13,#,0.52
1310240029,1988,1310240,13,007,02,#,11,#,1
1310240033,1988,1310240,13,007,02,#,18,#,1.1
1310240037,1988,1310240,13,007,02,#,18,#,1.3
1310240041,1988,1310240,13,007,02,#,18,#,1.5
1310240045,1988,1310240,13,007,02,#,16,#,0.93
1310250001,1988,1310250,13,007,51,#,6.6,#,0.44
1310250003,1988,1310250,13,007,51,#,4.9,#,0.27
1310250005,1988,1310250,13,007,51,#,4.7,#,0.33
1310250007,1988,1310250,13,007,51,#,3.8,#,0.13
1310250009,1988,1310250,13,007,51,#,3.7,#,0.14
1310250011,1988,1310250,13,007,51,#,3.9,#,0.13
1310250013,1988,1310250,13,007,51,#,7.9,#,0.36
1310250015,1988,1310250,13,007,51,#,1.1,#,0.69
1310250017,1988,1310250,13,007,51,#,1,#,0.72
1310250019,1988,1310250,13,007,51,#,8.5,#,0.49
1310250021,1988,1310250,13,007,51,#,7.8,#,0.61
1310250023,1988,1310250,13,007,51,#,9.5,#,0.54
1310260001,1988,1310260,13,007,53,#,11,#,0.8
1310260003,1988,1310260,13,007,53,#,14,#,0.96
1310260005,1988,1310260,13,007,53,#,13,#,0.97
1310260007,1988,1310260,13,007,53,#,9.8,#,0.5
1310260009,1988,1310260,13,007,53,#,6.1,#,0.51
1310260011,1988,1310260,13,007,53,#,11,#,0.55
1310260013,1988,1310260,13,007,53,#,14,#,0.64
1310260015,1988,1310260,13,007,53,#,13,#,0.86
1310260017,1988,1310260,13,007,53,#,12,#,0.61
1310260019,1988,1310260,13,007,53,#,12,#,0.62
1310260021,1988,1310260,13,007,53,#,13,#,0.85
1310260023,1988,1310260,13,007,53,#,17,#,0.9
1310290001,1988,1310290,13,008,01,#,6.3,#,0.48
1310290003,1988,1310290,13,008,01,#,6.2,#,0.42
1310290005,1988,1310290,13,008,01,#,4.6,#,3
1310290007,1988,1310290,13,008,01,#,6.4,#,0.49
1310290009,1988,1310290,13,008,01,#,3.8,#,0.23
1310290011,1988,1310290,13,008,01,#,6.6,#,0.45
1310290013,1988,1310290,13,008,01,#,5.8,#,0.38
1310290015,1988,1310290,13,008,01,#,6.9,#,0.54
1310290017,1988,1310290,13,008,01,#,9.1,#,0.4
1310290019,1988,1310290,13,008,01,#,9.4,#,0.71
1310290021,1988,1310290,13,008,01,#,5.4,#,0.31
1310290023,1988,1310290,13,008,01,#,4.1,#,0.26
1310300001,1988,1310300,13,009,01,#,3.7,#,0.41
1310300003,1988,1310300,13,009,01,#,8.3,#,0.55
1310300005,1988,1310300,13,009,01,#,7.6,#,0.68
1310300007,1988,1310300,13,009,01,#,4.6,#,0.36
1310300009,1988,1310300,13,009,01,#,10,#,0.34
1310300022,1988,1310300,13,009,01,#,11,#,0.77
1310300024,1988,1310300,13,009,01,#,6.7,#,0.44
1310300026,1988,1310300,13,009,01,#,4.7,#,0.41
1310300028,1988,1310300,13,009,01,#,5.3,#,0.22
1310300030,1988,1310300,13,009,01,#,5.9,#,0.22
1310300032,1988,1310300,13,009,01,#,4.8,#,0.36
1310300045,1988,1310300,13,009,01,#,4.9,#,0.39
1310310001,1988,1310310,13,010,01,#,7.9,#,0.48
1310310002,1988,1310310,13,010,01,#,5.6,#,0.5
1310310003,1988,1310310,13,010,01,#,6.5,#,2
1310310004,1988,1310310,13,010,01,#,5.2,#,0.53
1310310005,1988,1310310,13,010,01,#,5,#,0.14
1310310006,1988,1310310,13,010,01,#,7.1,#,0.43
1310310007,1988,1310310,13,010,01,#,5.4,#,0.66
1310310008,1988,1310310,13,010,01,#,4.3,#,0.32
1310310009,1988,1310310,13,010,01,#,3.5,#,0.32
1310310010,1988,1310310,13,010,01,#,4.4,#,0.33
1310310011,1988,1310310,13,010,01,#,2.6,#,0.25
1310310012,1988,1310310,13,010,01,#,4.9,#,0.3
1310320001,1988,1310320,13,011,01,#,10,#,1.1
1310320003,1988,1310320,13,011,01,#,8,#,0.78
1310320005,1988,1310320,13,011,01,#,8.1,#,1.4
1310320007,1988,1310320,13,011,01,#,6.6,#,0.51
1310320009,1988,1310320,13,011,01,#,3.5,#,0.27
1310320011,1988,1310320,13,011,01,#,5.7,#,0.5
1310320013,1988,1310320,13,011,01,#,4.1,#,0.45
1310320015,1988,1310320,13,011,01,#,5,#,0.41
1310320017,1988,1310320,13,011,01,#,7.8,#,0.66
1310320019,1988,1310320,13,011,01,#,10,#,0.9
1310320021,1988,1310320,13,011,01,#,6.3,#,0.4
1310320023,1988,1310320,13,011,01,#,5.3,#,0.47
1310330001,1988,1310330,13,012,01,#,7.2,#,0.8
1310330003,1988,1310330,13,012,01,#,8.7,#,1.1
1310330005,1988,1310330,13,012,01,#,8,#,1.3
1310330007,1988,1310330,13,012,01,#,7.1,#,1
1310330009,1988,1310330,13,012,01,#,2.1,#,0.12
1310330011,1988,1310330,13,012,01,#,6.5,#,1
1310330013,1988,1310330,13,012,01,#,4.2,#,0.48
1310330015,1988,1310330,13,012,01,#,6.2,#,1
1310330017,1988,1310330,13,012,01,#,8.5,#,2.2
1310330019,1988,1310330,13,012,01,#,7.9,#,1
1310330021,1988,1310330,13,012,01,#,7.6,#,1
1310330023,1988,1310330,13,012,01,#,11,#,1.1
1310340001,1988,1310340,13,013,01,#,1,#,0.018
1310340005,1988,1310340,13,013,01,#,0.66,#,0.021
1310340009,1988,1310340,13,013,01,#,0.68,#,0.021
1310340013,1988,1310340,13,013,01,#,0.71,#,0.016
1310340017,1988,1310340,13,013,01,#,0.76,#,0.014
1310340021,1988,1310340,13,013,01,#,0.86,#,0.025
1310340025,1988,1310340,13,013,01,#,0.79,#,0.03
1310340029,1988,1310340,13,013,01,#,0.7,#,0.019
1310340033,1988,1310340,13,013,01,#,0.53,#,0.018
1310340037,1988,1310340,13,013,01,#,0.53,#,0.027
1310340041,1988,1310340,13,013,01,#,0.53,#,0.016
1310340045,1988,1310340,13,013,01,#,0.75,#,0.014
1310370001,1988,1310370,13,014,01,#,2.5,#,0.11
1310370005,1988,1310370,13,014,01,#,3.6,#,0.056
1310370009,1988,1310370,13,014,01,#,1.8,#,0.11
1310370013,1988,1310370,13,014,01,#,2.3,#,0.081
1310370017,1988,1310370,13,014,01,#,1.6,#,0.062
1310370025,1988,1310370,13,014,01,#,1.9,#,0.036
1310370029,1988,1310370,13,014,01,#,1.5,#,0.031
1310370033,1988,1310370,13,014,01,#,2.3,#,0.067
1310370037,1988,1310370,13,014,01,#,3.4,#,0.14
1310370041,1988,1310370,13,014,01,#,4.9,#,0.14
1310370045,1988,1310370,13,014,01,#,4.6,#,0.1
1310370053,1988,1310370,13,014,01,#,2.6,#,0.09
1310380001,1988,1310380,13,014,51,#,0.94,E,99999
1310380003,1988,1310380,13,014,51,#,0.81,E,99999
1310380005,1988,1310380,13,014,51,#,0.69,E,99999
1310380007,1988,1310380,13,014,51,#,0.78,E,99999
1310380009,1988,1310380,13,014,51,#,0.85,E,99999
1310380011,1988,1310380,13,014,51,#,0.92,E,99999
1310380013,1988,1310380,13,014,51,#,0.87,E,99999
1310380015,1988,1310380,13,014,51,#,0.43,E,99999
1310380017,1988,1310380,13,014,51,#,0.4,E,99999
1310380019,1988,1310380,13,014,51,#,0.73,E,99999
1310380021,1988,1310380,13,014,51,#,0.75,E,99999
1310380023,1988,1310380,13,014,51,#,0.68,E,99999
1310390001,1988,1310390,13,014,52,#,1.3,#,0.016
1310390002,1988,1310390,13,014,52,#,0.66,#,0.023
1310390003,1988,1310390,13,014,52,#,0.79,#,0.036
1310390004,1988,1310390,13,014,52,#,0.9,#,0.016
1310390005,1988,1310390,13,014,52,#,0.81,#,0.014
1310390006,1988,1310390,13,014,52,#,0.9,#,0.025
1310390007,1988,1310390,13,014,52,#,0.79,#,0.032
1310390008,1988,1310390,13,014,52,#,0.66,#,0.016
1310390009,1988,1310390,13,014,52,#,0.5,#,0.016
1310390010,1988,1310390,13,014,52,#,0.54,#,0.051
1310390011,1988,1310390,13,014,52,#,0.53,#,0.018
1310390012,1988,1310390,13,014,52,#,0.83,#,0.021
1310400001,1988,1310400,13,014,53,#,4.3,#,0.085
1310400002,1988,1310400,13,014,53,#,3.9,#,0.1
1310400003,1988,1310400,13,014,53,#,2.1,#,0.086
1310400004,1988,1310400,13,014,53,#,3,#,0.066
1310400005,1988,1310400,13,014,53,#,2,#,0.045
1310400006,1988,1310400,13,014,53,#,2.3,#,0.088
1310400007,1988,1310400,13,014,53,#,1.3,#,0.041
1310400008,1988,1310400,13,014,53,#,4.2,#,0.18
1310400009,1988,1310400,13,014,53,#,4.6,#,0.25
1310400010,1988,1310400,13,014,53,#,5.6,#,0.25
1310400011,1988,1310400,13,014,53,#,7.3,#,0.21
1310400012,1988,1310400,13,014,53,#,3.9,#,0.12
1310410001,1988,1310410,13,015,01,#,6.5,#,0.48
1310410005,1988,1310410,13,015,01,#,9.9,#,0.59
1310410009,1988,1310410,13,015,01,#,5.7,#,0.48
1310410013,1988,1310410,13,015,01,#,4.8,#,0.41
1310410017,1988,1310410,13,015,01,#,4,#,0.44
1310410021,1988,1310410,13,015,01,#,5.2,#,0.34
1310410025,1988,1310410,13,015,01,#,4.1,#,0.17
1310410029,1988,1310410,13,015,01,#,8.1,#,0.53
1310410033,1988,1310410,13,015,01,#,10,#,0.72
1310410037,1988,1310410,13,015,01,#,14,#,0.88
1310410041,1988,1310410,13,015,01,#,11,#,1
1310410045,1988,1310410,13,015,01,#,7.2,#,0.76
1310420001,1988,1310420,13,015,02,#,6.2,#,0.39
1310420005,1988,1310420,13,015,02,#,7.3,#,0.36
1310420009,1988,1310420,13,015,02,#,5.2,#,0.37
1310420013,1988,1310420,13,015,02,#,4.8,#,0.29
1310420017,1988,1310420,13,015,02,#,4.8,#,0.34
1310420025,1988,1310420,13,015,02,#,4.9,#,0.26
1310420029,1988,1310420,13,015,02,#,4.5,#,0.19
1310420033,1988,1310420,13,015,02,#,7.2,#,0.37
1310420037,1988,1310420,13,015,02,#,9.9,#,0.67
1310420041,1988,1310420,13,015,02,#,10,#,0.7
1310420045,1988,1310420,13,015,02,#,10,#,0.78
1310420053,1988,1310420,13,015,02,#,6.2,#,0.53
1310430001,1988,1310430,13,015,51,#,5.2,E,99999
1310430005,1988,1310430,13,015,51,#,5.5,E,99999
1310430009,1988,1310430,13,015,51,#,3.2,E,99999
1310430013,1988,1310430,13,015,51,#,2.8,E,99999
1310430017,1988,1310430,13,015,51,#,3.5,E,99999
1310430021,1988,1310430,13,015,51,#,2.8,E,99999
1310430025,1988,1310430,13,015,51,#,2.1,E,99999
1310430029,1988,1310430,13,015,51,#,5,E,99999
1310430033,1988,1310430,13,015,51,#,8.3,E,99999
1310430037,1988,1310430,13,015,51,#,9.1,E,99999
1310430041,1988,1310430,13,015,51,#,9.4,E,99999
1310430045,1988,1310430,13,015,51,#,4.5,E,99999
1310450001,1988,1310450,13,015,53,#,5.6,E,99999
1310450003,1988,1310450,13,015,53,#,8.8,E,99999
1310450005,1988,1310450,13,015,53,#,6.1,E,99999
1310450007,1988,1310450,13,015,53,#,5.1,E,99999
1310450009,1988,1310450,13,015,53,#,3.9,E,99999
1310450011,1988,1310450,13,015,53,#,5.6,E,99999
1310450013,1988,1310450,13,015,53,#,3.5,E,99999
1310450015,1988,1310450,13,015,53,#,7,E,99999
1310450017,1988,1310450,13,015,53,#,9.5,E,99999
1310450019,1988,1310450,13,015,53,#,13,E,99999
1310450021,1988,1310450,13,015,53,#,10,E,99999
1310450023,1988,1310450,13,015,53,#,7,E,99999
1310460001,1988,1310460,13,015,54,#,6.1,#,0.43
1310460005,1988,1310460,13,015,54,#,9.9,#,0.49
1310460009,1988,1310460,13,015,54,#,5.7,#,0.44
1310460013,1988,1310460,13,015,54,#,4.5,#,0.33
1310460017,1988,1310460,13,015,54,#,4.1,#,0.34
1310460021,1988,1310460,13,015,54,#,4.7,#,0.25
1310460025,1988,1310460,13,015,54,#,3.3,#,0.19
1310460029,1988,1310460,13,015,54,#,7.7,#,0.54
1310460033,1988,1310460,13,015,54,#,10,#,0.79
1310460037,1988,1310460,13,015,54,#,14,#,0.82
1310460041,1988,1310460,13,015,54,#,9.6,#,0.78
1310460045,1988,1310460,13,015,54,#,6.3,#,0.57
1310470001,1988,1310470,13,015,55,#,8.2,#,0.43
1310470002,1988,1310470,13,015,55,#,6.3,#,0.48
1310470003,1988,1310470,13,015,55,#,5.4,#,0.52
1310470004,1988,1310470,13,015,55,#,4.8,#,0.4
1310470005,1988,1310470,13,015,55,#,11,#,0.14
1310470006,1988,1310470,13,015,55,#,2.9,#,0.21
1310470007,1988,1310470,13,015,55,#,3.6,#,0.24
1310470008,1988,1310470,13,015,55,#,15,#,0.62
1310470009,1988,1310470,13,015,55,#,9.2,#,0.63
1310470010,1988,1310470,13,015,55,#,11,#,0.9
1310470011,1988,1310470,13,015,55,#,17,#,0.86
1310470012,1988,1310470,13,015,55,#,6.3,#,0.47
1310490001,1988,1310490,13,015,57,#,7.3,#,0.41
1310490002,1988,1310490,13,015,57,#,7.5,#,0.49
1310490003,1988,1310490,13,015,57,#,4.8,#,0.46
1310490004,1988,1310490,13,015,57,#,9.8,#,0.38
1310490005,1988,1310490,13,015,57,#,10,#,0.14
1310490006,1988,1310490,13,015,57,#,4.3,#,0.22
1310490007,1988,1310490,13,015,57,#,4.8,#,0.26
1310490008,1988,1310490,13,015,57,#,6.9,#,0.51
1310490009,1988,1310490,13,015,57,#,10,#,0.67
1310490010,1988,1310490,13,015,57,#,10,#,0.78
1310490011,1988,1310490,13,015,57,#,8.3,#,0.71
1310490012,1988,1310490,13,015,57,#,6.7,#,0.5
1310530001,1988,1310530,13,016,01,#,7,#,0.19
1310530005,1988,1310530,13,016,01,#,9.8,#,0.34
1310530009,1988,1310530,13,016,01,#,5.1,#,0.33
1310530013,1988,1310530,13,016,01,#,5.6,#,0.27
1310530017,1988,1310530,13,016,01,#,6.4,#,0.31
1310530021,1988,1310530,13,016,01,#,6.1,#,0.17
1310530025,1988,1310530,13,016,01,#,6.8,#,0.15
1310530029,1988,1310530,13,016,01,#,7.5,#,0.27
1310530033,1988,1310530,13,016,01,#,6.7,#,0.27
1310530037,1988,1310530,13,016,01,#,9.6,#,0.35
1310530041,1988,1310530,13,016,01,#,8.5,#,0.36
1310530045,1988,1310530,13,016,01,#,7.6,#,0.38
1310550001,1988,1310550,13,017,01,#,10,#,0.87
1310550005,1988,1310550,13,017,01,#,14,#,1.2
1310550009,1988,1310550,13,017,01,#,10,#,0.92
1310550013,1988,1310550,13,017,01,#,9.9,#,0.64
1310550017,1988,1310550,13,017,01,#,9.6,#,0.49
1310550021,1988,1310550,13,017,01,#,11,#,0.49
1310550025,1988,1310550,13,017,01,#,12,#,0.53
1310550029,1988,1310550,13,017,01,#,11,#,0.8
1310550033,1988,1310550,13,017,01,#,17,#,1
1310550037,1988,1310550,13,017,01,#,18,#,1.4
1310550041,1988,1310550,13,017,01,#,18,#,1.4
1310550045,1988,1310550,13,017,01,#,14,#,0.88
1310560001,1988,1310560,13,017,51,#,9.6,#,0.53
1310560003,1988,1310560,13,017,51,#,10,#,0.77
1310560005,1988,1310560,13,017,51,#,7.5,#,0.57
1310560007,1988,1310560,13,017,51,#,6.9,#,0.34
1310560009,1988,1310560,13,017,51,#,6.9,#,0.38
1310560011,1988,1310560,13,017,51,#,9.3,#,0.31
1310560013,1988,1310560,13,017,51,#,12,#,0.29
1310560015,1988,1310560,13,017,51,#,9.3,#,0.55
1310560017,1988,1310560,13,017,51,#,13,#,0.79
1310560019,1988,1310560,13,017,51,#,13,#,0.98
1310560021,1988,1310560,13,017,51,#,18,#,1.4
1310560023,1988,1310560,13,017,51,#,9.8,#,0.52
1310570001,1988,1310570,13,017,52,#,10,#,0.67
1310570003,1988,1310570,13,017,52,#,12,#,1
1310570005,1988,1310570,13,017,52,#,11,#,0.72
1310570007,1988,1310570,13,017,52,#,9.4,#,0.5
1310570009,1988,1310570,13,017,52,#,9.4,#,0.42
1310570011,1988,1310570,13,017,52,#,11,#,0.44
1310570013,1988,1310570,13,017,52,#,12,#,0.47
1310570015,1988,1310570,13,017,52,#,10,#,0.65
1310570017,1988,1310570,13,017,52,#,16,#,0.87
1310570019,1988,1310570,13,017,52,#,13,#,1
1310570021,1988,1310570,13,017,52,#,17,#,1.2
1310570023,1988,1310570,13,017,52,#,15,#,0.7
1310580001,1988,1310580,13,018,01,#,15,#,1.1
1310580003,1988,1310580,13,018,01,#,13,#,1.1
1310580005,1988,1310580,13,018,01,#,10,#,1.2
1310580007,1988,1310580,13,018,01,#,10,#,0.57
1310580010,1988,1310580,13,018,01,#,11,#,0.28
1310580022,1988,1310580,13,018,01,#,12,#,0.39
1310580024,1988,1310580,13,018,01,#,10,#,0.52
1310580026,1988,1310580,13,018,01,#,8,#,0.71
1310580028,1988,1310580,13,018,01,#,12,#,0.77
1310580030,1988,1310580,13,018,01,#,14,#,0.91
1310580033,1988,1310580,13,018,01,#,16,#,0.98
1310580045,1988,1310580,13,018,01,#,12,#,0.79
1310600001,1988,1310600,13,019,01,#,8.4,#,0.45
1310600003,1988,1310600,13,019,01,#,10,#,0.78
1310600005,1988,1310600,13,019,01,#,6.2,#,0.57
1310600007,1988,1310600,13,019,01,#,8.3,#,0.4
1310600009,1988,1310600,13,019,01,#,7.2,#,0.21
1310600011,1988,1310600,13,019,01,#,11,#,0.32
1310600013,1988,1310600,13,019,01,#,11,#,0.32
1310600015,1988,1310600,13,019,01,#,8.4,#,0.34
1310600017,1988,1310600,13,019,01,#,11,#,0.38
1310600019,1988,1310600,13,019,01,#,8.1,#,0.44
1310600021,1988,1310600,13,019,01,#,9.1,#,0.36
1310600023,1988,1310600,13,019,01,#,15,#,0.41
1310630001,1988,1310630,13,020,01,#,19,#,0.76
1310630003,1988,1310630,13,020,01,#,17,#,0.84
1310630005,1988,1310630,13,020,01,#,15,#,1.6
1310630007,1988,1310630,13,020,01,#,11,#,0.6
1310630009,1988,1310630,13,020,01,#,9.3,#,0.39
1310630011,1988,1310630,13,020,01,#,11,#,0.39
1310630013,1988,1310630,13,020,01,#,13,#,0.54
1310630015,1988,1310630,13,020,01,#,13,#,0.4
1310630017,1988,1310630,13,020,01,#,13,#,0.63
1310630019,1988,1310630,13,020,01,#,12,#,0.61
1310630021,1988,1310630,13,020,01,#,15,#,0.65
1310630023,1988,1310630,13,020,01,#,16,#,0.78
1310650001,1988,1310650,13,020,52,#,14,#,0.57
1310650003,1988,1310650,13,020,52,#,14,#,0.87
1310650005,1988,1310650,13,020,52,#,13,#,1
1310650007,1988,1310650,13,020,52,#,12,#,0.52
1310650009,1988,1310650,13,020,52,#,10,#,0.51
1310650011,1988,1310650,13,020,52,#,13,#,0.32
1310650013,1988,1310650,13,020,52,#,12,#,0.32
1310650015,1988,1310650,13,020,52,#,12,#,0.73
1310650017,1988,1310650,13,020,52,#,15,#,1
1310650019,1988,1310650,13,020,52,#,17,#,1.1
1310650021,1988,1310650,13,020,52,#,17,#,0.84
1310650023,1988,1310650,13,020,52,#,15,#,1.1
1310660001,1988,1310660,13,021,01,#,3.6,#,0.027
1310660003,1988,1310660,13,021,01,#,4.4,#,0.045
1310660005,1988,1310660,13,021,01,#,3,#,0.048
1310660007,1988,1310660,13,021,01,#,2.3,#,0.036
1310660009,1988,1310660,13,021,01,#,4.9,#,0.12
1310660022,1988,1310660,13,021,01,#,5.4,#,0.045
1310660024,1988,1310660,13,021,01,#,4.2,#,0.048
1310660026,1988,1310660,13,021,01,#,5.2,#,0.03
1310660028,1988,1310660,13,021,01,#,3.7,#,0.047
1310660030,1988,1310660,13,021,01,#,4.1,#,0.039
1310660032,1988,1310660,13,021,01,#,5,#,0.042
1310660045,1988,1310660,13,021,01,#,3.6,#,0.061
1310670001,1988,1310670,13,022,01,#,1.8,#,0.018
1310670003,1988,1310670,13,022,01,#,1.5,#,0.025
1310670005,1988,1310670,13,022,01,#,2,#,0.03
1310670007,1988,1310670,13,022,01,#,1.9,#,0.021
1310670009,1988,1310670,13,022,01,#,1.7,#,0.019
1310670011,1988,1310670,13,022,01,#,1.3,#,0.025
1310670013,1988,1310670,13,022,01,#,1.6,#,0.025
1310670015,1988,1310670,13,022,01,#,1.2,#,0.012
1310670017,1988,1310670,13,022,01,#,1.2,#,0.018
1310670019,1988,1310670,13,022,01,#,1.2,#,0.01
1310670021,1988,1310670,13,022,01,#,2.1,#,0.024
1310670023,1988,1310670,13,022,01,#,1.5,#,0.018
1310690001,1988,1310690,13,023,01,#,6.5,#,0.57
1310690002,1988,1310690,13,023,01,#,6.1,#,0.54
1310690003,1988,1310690,13,023,01,#,8.8,#,1.2
1310690004,1988,1310690,13,023,01,#,8.2,#,1.2
1310690005,1988,1310690,13,023,01,#,5.7,#,0.98
1310690006,1988,1310690,13,023,01,#,8.1,#,0.98
1310690007,1988,1310690,13,023,01,#,5.8,#,0.52
1310690008,1988,1310690,13,023,01,#,5.6,#,0.53
1310690009,1988,1310690,13,023,01,#,5.6,#,0.13
1310690010,1988,1310690,13,023,01,#,5.5,#,0.18
1310690011,1988,1310690,13,023,01,#,5.4,#,0.4
1310690012,1988,1310690,13,023,01,#,4.3,#,0.33
1310690013,1988,1310690,13,023,01,#,5.7,#,0.25
1310690014,1988,1310690,13,023,01,#,5.3,#,0.24
1310690015,1988,1310690,13,023,01,#,9.5,#,1.2
1310690016,1988,1310690,13,023,01,#,7.3,#,1.1
1310690017,1988,1310690,13,023,01,#,12,#,1.2
1310690018,1988,1310690,13,023,01,#,8.6,#,2.2
1310690019,1988,1310690,13,023,01,#,14,#,1
1310690020,1988,1310690,13,023,01,#,14,#,2
1310690021,1988,1310690,13,023,01,#,9.8,#,0.8
1310690022,1988,1310690,13,023,01,#,10,#,0.87
1310690023,1988,1310690,13,023,01,#,7.7,#,0.73
1310690024,1988,1310690,13,023,01,#,7.1,#,0.64
1310700001,1988,1310700,13,024,01,#,7.4,#,0.37
1310700005,1988,1310700,13,024,01,#,4.3,#,0.21
1310700009,1988,1310700,13,024,01,#,3,#,0.38
1310700013,1988,1310700,13,024,01,#,5.4,#,0.45
1310700017,1988,1310700,13,024,01,#,11,#,0.25
1310700021,1988,1310700,13,024,01,#,11,#,0.23
1310700025,1988,1310700,13,024,01,#,8.7,#,0.19
1310700029,1988,1310700,13,024,01,#,6.9,#,0.88
1310700033,1988,1310700,13,024,01,#,12,#,2.1
1310700037,1988,1310700,13,024,01,#,17,#,1.4
1310700041,1988,1310700,13,024,01,#,13,#,0.53
1310700045,1988,1310700,13,024,01,#,9.2,#,0.8
1310730001,1988,1310730,13,025,01,#,3.2,#,0.048
1310730002,1988,1310730,13,025,01,#,3.4,#,0.066
1310730003,1988,1310730,13,025,01,#,4,#,0.15
1310730004,1988,1310730,13,025,01,#,3.6,#,0.13
1310730005,1988,1310730,13,025,01,#,3.1,#,0.1
1310730006,1988,1310730,13,025,01,#,2.9,#,0.1
1310730007,1988,1310730,13,025,01,#,3.1,#,0.067
1310730008,1988,1310730,13,025,01,#,3.1,#,0.07
1310730009,1988,1310730,13,025,01,#,2.8,#,0.023
1310730010,1988,1310730,13,025,01,#,3,#,0.043
1310730011,1988,1310730,13,025,01,#,2.6,#,0.049
1310730012,1988,1310730,13,025,01,#,2.5,#,0.035
1310730013,1988,1310730,13,025,01,#,2.5,#,0.033
1310730014,1988,1310730,13,025,01,#,2.4,#,0.033
1310730015,1988,1310730,13,025,01,#,2.7,#,0.11
1310730016,1988,1310730,13,025,01,#,2.5,#,0.1
1310730017,1988,1310730,13,025,01,#,3.9,#,0.17
1310730018,1988,1310730,13,025,01,#,3.9,#,0.17
1310730019,1988,1310730,13,025,01,#,5.4,#,0.31
1310730020,1988,1310730,13,025,01,#,4.4,#,0.26
1310730021,1988,1310730,13,025,01,#,4.5,#,0.18
1310730022,1988,1310730,13,025,01,#,3.7,#,0.12
1310730023,1988,1310730,13,025,01,#,3,#,0.1
1310730024,1988,1310730,13,025,01,#,3,#,0.1
1310740001,1988,1310740,13,026,01,#,8.9,#,0.48
1310740005,1988,1310740,13,026,01,#,13,#,0.59
1310740009,1988,1310740,13,026,01,#,7.7,#,0.45
1310740013,1988,1310740,13,026,01,#,6.2,#,0.32
1310740017,1988,1310740,13,026,01,#,5.1,#,0.32
1310740021,1988,1310740,13,026,01,#,7.4,#,0.31
1310740025,1988,1310740,13,026,01,#,7.3,#,0.33
1310740029,1988,1310740,13,026,01,#,9.1,#,0.44
1310740033,1988,1310740,13,026,01,#,15,#,0.42
1310740037,1988,1310740,13,026,01,#,16,#,1.4
1310740041,1988,1310740,13,026,01,#,11,#,0.96
1310740045,1988,1310740,13,026,01,#,6.4,#,0.52
1310750001,1988,1310750,13,026,51,#,6.8,#,0.35
1310750002,1988,1310750,13,026,51,#,13,#,0.9
1310750003,1988,1310750,13,026,51,#,8.6,#,0.64
1310750004,1988,1310750,13,026,51,#,6.7,#,0.36
1310750005,1988,1310750,13,026,51,#,6.3,#,0.097
1310750006,1988,1310750,13,026,51,#,5.9,#,0.31
1310750007,1988,1310750,13,026,51,#,6.5,#,0.25
1310750008,1988,1310750,13,026,51,#,10,#,1.2
1310750009,1988,1310750,13,026,51,#,13,#,0.72
1310750010,1988,1310750,13,026,51,#,15,#,1
1310750011,1988,1310750,13,026,51,#,14,#,0.85
1310750012,1988,1310750,13,026,51,#,9,#,0.5
1310780001,1988,1310780,13,027,01,#,5.9,#,0.15
1310780002,1988,1310780,13,027,01,#,2.9,#,0.14
1310780003,1988,1310780,13,027,01,#,56,#,1.7
1310780004,1988,1310780,13,027,01,#,12,#,0.43
1310780005,1988,1310780,13,027,01,#,6.3,#,0.18
1310780006,1988,1310780,13,027,01,#,6.3,#,0.16
1310780007,1988,1310780,13,027,01,#,8.6,#,0.15
1310780008,1988,1310780,13,027,01,#,5.3,#,0.15
1310780009,1988,1310780,13,027,01,#,2.3,#,0.023
1310780010,1988,1310780,13,027,01,#,2.2,#,0.019
1310780011,1988,1310780,13,027,01,#,11,#,0.24
1310780012,1988,1310780,13,027,01,#,8.7,#,0.11
1310780013,1988,1310780,13,027,01,#,2.8,#,0.15
1310780014,1988,1310780,13,027,01,#,6.3,#,0.064
1310780015,1988,1310780,13,027,01,#,8.5,#,0.32
1310780016,1988,1310780,13,027,01,#,8.5,#,0.34
1310780017,1988,1310780,13,027,01,#,5.8,#,0.36
1310780018,1988,1310780,13,027,01,#,38,#,1.8
1310780019,1988,1310780,13,027,01,#,8.7,#,0.58
1310780020,1988,1310780,13,027,01,#,94,#,0.65
1310780021,1988,1310780,13,027,01,#,8.4,#,0.51
1310780022,1988,1310780,13,027,01,#,22,#,0.69
1310780023,1988,1310780,13,027,01,#,9.8,#,0.34
1310780024,1988,1310780,13,027,01,#,31,#,0.2
1310790001,1988,1310790,13,028,01,#,8.3,#,0.69
1310790003,1988,1310790,13,028,01,#,8.6,#,0.49
1310790005,1988,1310790,13,028,01,#,4.8,#,0.54
1310790007,1988,1310790,13,028,01,#,6.3,#,0.39
1310790009,1988,1310790,13,028,01,#,11,#,0.26
1310790011,1988,1310790,13,028,01,#,5.3,#,0.36
1310790013,1988,1310790,13,028,01,#,5.1,#,0.43
1310790015,1988,1310790,13,028,01,#,5.9,#,0.43
1310790017,1988,1310790,13,028,01,#,10,#,0.95
1310790019,1988,1310790,13,028,01,#,12,#,1.1
1310790021,1988,1310790,13,028,01,#,9,#,0.79
1310790023,1988,1310790,13,028,01,#,5.6,#,0.71
1310800001,1988,1310800,13,029,01,#,5,#,0.25
1310800003,1988,1310800,13,029,01,#,6,#,0.35
1310800005,1988,1310800,13,029,01,#,3.7,#,0.25
1310800007,1988,1310800,13,029,01,#,3.5,#,0.14
1310800009,1988,1310800,13,029,01,#,4.9,#,0.13
1310800011,1988,1310800,13,029,01,#,3.5,#,0.11
1310800013,1988,1310800,13,029,01,#,4,#,0.16
1310800015,1988,1310800,13,029,01,#,4.3,#,0.26
1310800017,1988,1310800,13,029,01,#,4.2,#,0.47
1310800019,1988,1310800,13,029,01,#,7,#,0.6
1310800021,1988,1310800,13,029,01,#,7.2,#,0.5
1310800023,1988,1310800,13,029,01,#,4.1,#,0.22
1310810001,1988,1310810,13,030,01,#,9.3,#,1.1
1310810005,1988,1310810,13,030,01,#,6,#,1.4
1310810009,1988,1310810,13,030,01,#,10,#,0.91
1310810013,1988,1310810,13,030,01,#,6.8,#,0.68
1310810017,1988,1310810,13,030,01,#,11,#,0.15
1310810021,1988,1310810,13,030,01,#,7.1,#,0.26
1310810025,1988,1310810,13,030,01,#,8.6,#,0.11
1310810029,1988,1310810,13,030,01,#,9.6,#,0.21
1310810033,1988,1310810,13,030,01,#,13,#,0.46
1310810037,1988,1310810,13,030,01,#,11,#,1.6
1310810041,1988,1310810,13,030,01,#,10,#,1.9
1310810045,1988,1310810,13,030,01,#,8.6,#,1.3
1310830001,1988,1310830,13,031,01,#,15,#,1.6
1310830003,1988,1310830,13,031,01,#,13,#,1.6
1310830005,1988,1310830,13,031,01,#,11,#,2
1310830007,1988,1310830,13,031,01,#,13,#,1.3
1310830009,1988,1310830,13,031,01,#,7.9,#,0.72
1310830011,1988,1310830,13,031,01,#,7.8,#,0.77
1310830013,1988,1310830,13,031,01,#,9.7,#,0.86
1310830015,1988,1310830,13,031,01,#,13,#,1.2
1310830017,1988,1310830,13,031,01,#,14,#,1.5
1310830019,1988,1310830,13,031,01,#,17,#,1.9
1310830021,1988,1310830,13,031,01,#,18,#,2
1310830023,1988,1310830,13,031,01,#,14,#,1.5
1310850001,1988,1310850,13,032,01,#,1.6,#,0.021
1310850003,1988,1310850,13,032,01,#,1.2,#,0.05
1310850005,1988,1310850,13,032,01,#,1.7,#,0.047
1310850007,1988,1310850,13,032,01,#,1,#,0.038
1310850009,1988,1310850,13,032,01,#,1.4,#,0.028
1310850011,1988,1310850,13,032,01,#,0.75,#,0.048
1310850013,1988,1310850,13,032,01,#,1.1,#,0.041
1310850015,1988,1310850,13,032,01,#,1.3,#,0.047
1310850017,1988,1310850,13,032,01,#,0.97,#,0.068
1310850019,1988,1310850,13,032,01,#,0.73,#,0.054
1310850021,1988,1310850,13,032,01,#,1.6,#,0.046
1310850023,1988,1310850,13,032,01,#,1.1,#,0.027
1310860001,1988,1310860,13,033,01,#,2.4,#,0.059
1310860003,1988,1310860,13,033,01,#,1.8,#,0.099
1310860005,1988,1310860,13,033,01,#,2.9,#,0.079
1310860007,1988,1310860,13,033,01,#,2.2,#,0.07
1310860009,1988,1310860,13,033,01,#,2.1,#,0.041
1310860011,1988,1310860,13,033,01,#,1.9,#,0.045
1310860013,1988,1310860,13,033,01,#,1.5,#,0.048
1310860015,1988,1310860,13,033,01,#,2.1,#,0.074
1310860017,1988,1310860,13,033,01,#,2.4,#,0.067
1310860019,1988,1310860,13,033,01,#,2.5,#,0.084
1310860021,1988,1310860,13,033,01,#,2.6,#,0.054
1310860023,1988,1310860,13,033,01,#,1.8,#,0.061
1310870001,1988,1310870,13,034,01,#,17,#,1.2
1310870005,1988,1310870,13,034,01,#,16,#,1.1
1310870009,1988,1310870,13,034,01,#,16,#,1.2
1310870013,1988,1310870,13,034,01,#,10,#,0.64
1310870017,1988,1310870,13,034,01,#,11,#,0.46
1310870021,1988,1310870,13,034,01,#,11,#,0.57
1310870025,1988,1310870,13,034,01,#,12,#,0.68
1310870029,1988,1310870,13,034,01,#,15,#,0.84
1310870033,1988,1310870,13,034,01,#,17,#,1.1
1310870037,1988,1310870,13,034,01,#,15,#,1.2
1310870041,1988,1310870,13,034,01,#,19,#,3.2
1310870045,1988,1310870,13,034,01,#,18,#,1.2
1310880001,1988,1310880,13,035,01,#,15,#,1
1310880003,1988,1310880,13,035,01,#,12,#,1
1310880005,1988,1310880,13,035,01,#,15,#,0.88
1310880007,1988,1310880,13,035,01,#,11,#,1
1310880009,1988,1310880,13,035,01,#,12,#,0.38
1310880011,1988,1310880,13,035,01,#,10,#,0.47
1310880013,1988,1310880,13,035,01,#,11,#,1
1310880015,1988,1310880,13,035,01,#,12,#,0.44
1310880017,1988,1310880,13,035,01,#,14,#,0.77
1310880019,1988,1310880,13,035,01,#,13,#,0.89
1310880021,1988,1310880,13,035,01,#,14,#,0.62
1310880023,1988,1310880,13,035,01,#,13,#,0.84
1310940001,1988,1310940,13,036,01,#,9.5,#,0.48
1310940003,1988,1310940,13,036,01,#,4.6,#,0.44
1310940005,1988,1310940,13,036,01,#,4.9,#,0.34
1310940007,1988,1310940,13,036,01,#,5.9,#,0.34
1310940009,1988,1310940,13,036,01,#,4.8,#,0.17
1310940022,1988,1310940,13,036,01,#,5.4,#,0.26
1310940024,1988,1310940,13,036,01,#,6.2,#,0.28
1310940026,1988,1310940,13,036,01,#,10,#,0.43
1310940028,1988,1310940,13,036,01,#,9.5,#,0.73
1310940030,1988,1310940,13,036,01,#,7.3,#,0.59
1310940032,1988,1310940,13,036,01,#,9.3,#,0.73
1310940045,1988,1310940,13,036,01,#,5.7,#,0.4
1310950001,1988,1310950,13,037,01,#,34,#,1.6
1310950003,1988,1310950,13,037,01,#,28,#,0.6
1310950005,1988,1310950,13,037,01,#,32,#,0.72
1310950007,1988,1310950,13,037,01,#,25,#,0.58
1310950009,1988,1310950,13,037,01,#,20,#,0.18
1310950011,1988,1310950,13,037,01,#,15,#,0.4
1310950013,1988,1310950,13,037,01,#,16,#,0.33
1310950015,1988,1310950,13,037,01,#,26,#,0.51
1310950017,1988,1310950,13,037,01,#,41,#,0.89
1310950019,1988,1310950,13,037,01,#,26,#,1.5
1310950021,1988,1310950,13,037,01,#,27,#,1.5
1310950023,1988,1310950,13,037,01,#,18,#,0.94
1310960001,1988,1310960,13,038,01,#,22,#,1.8
1310960003,1988,1310960,13,038,01,#,19,#,2.1
1310960005,1988,1310960,13,038,01,#,23,#,2.5
1310960007,1988,1310960,13,038,01,#,16,#,1.8
1310960009,1988,1310960,13,038,01,#,10,#,1
1310960011,1988,1310960,13,038,01,#,20,#,1.3
1310960013,1988,1310960,13,038,01,#,13,#,1.4
1310960015,1988,1310960,13,038,01,#,18,#,1.8
1310960017,1988,1310960,13,038,01,#,19,#,2.1
1310960019,1988,1310960,13,038,01,#,20,#,2
1310960021,1988,1310960,13,038,01,#,19,#,1.9
1310960023,1988,1310960,13,038,01,#,19,#,1.9
1310990001,1988,1310990,13,202,01,#,8.9,#,0.6
1310990003,1988,1310990,13,202,01,#,8.2,#,1.2
1310990005,1988,1310990,13,202,01,#,5.2,#,0.51
1310990007,1988,1310990,13,202,01,#,7.3,#,0.49
1310990009,1988,1310990,13,202,01,#,4.7,#,0.37
1310990011,1988,1310990,13,202,01,#,7,#,0.4
1310990013,1988,1310990,13,202,01,#,7.3,#,0.43
1310990015,1988,1310990,13,202,01,#,11,#,0.7
1310990017,1988,1310990,13,202,01,#,10,#,0.67
1310990019,1988,1310990,13,202,01,#,11,#,0.69
1310990021,1988,1310990,13,202,01,#,13,#,0.71
1310990023,1988,1310990,13,202,01,#,20,#,0.99
1311010001,1988,1311010,13,203,02,#,2.2,#,0.15
1311010003,1988,1311010,13,203,02,#,4.8,#,0.16
1311010005,1988,1311010,13,203,02,#,2.7,#,0.13
1311010007,1988,1311010,13,203,02,#,3.8,#,0.1
1311010009,1988,1311010,13,203,02,#,3,#,0.19
1311010011,1988,1311010,13,203,02,#,5.6,#,0.12
1311010013,1988,1311010,13,203,02,#,5.5,#,0.22
1311010015,1988,1311010,13,203,02,#,3.9,#,0.11
1311010017,1988,1311010,13,203,02,#,5,#,0.17
1311010019,1988,1311010,13,203,02,#,5.5,#,0.19
1311010021,1988,1311010,13,203,02,#,3.4,#,0.15
1311010023,1988,1311010,13,203,02,#,4.7,#,0.17
1311100001,1988,1311100,13,212,01,#,8.5,#,0.57
1311100003,1988,1311100,13,212,01,#,8.2,#,0.7
1311100005,1988,1311100,13,212,01,#,7.8,#,0.47
1311100007,1988,1311100,13,212,01,#,7.6,#,0.5
1311100009,1988,1311100,13,212,01,#,7.2,#,0.19
1311100022,1988,1311100,13,212,01,#,6.3,#,0.28
1311100024,1988,1311100,13,212,01,#,6.8,#,0.27
1311100026,1988,1311100,13,212,01,#,8,#,0.42
1311100028,1988,1311100,13,212,01,#,9.8,#,0.71
1311100030,1988,1311100,13,212,01,#,10,#,0.93
1311100032,1988,1311100,13,212,01,#,10,#,0.8
1311100045,1988,1311100,13,212,01,#,7.9,#,0.71
1311110001,1988,1311110,13,213,01,#,7.8,#,0.11
1311110003,1988,1311110,13,213,01,#,13,#,0.1
1311110005,1988,1311110,13,213,01,#,8.7,#,0.13
1311110007,1988,1311110,13,213,01,#,7.3,#,0.09
1311110009,1988,1311110,13,213,01,#,6.4,#,0.047
1311110011,1988,1311110,13,213,01,#,5.7,#,0.05
1311110013,1988,1311110,13,213,01,#,7.5,#,0.1
1311110015,1988,1311110,13,213,01,#,6.4,#,0.11
1311110017,1988,1311110,13,213,01,#,5.6,#,0.16
1311110019,1988,1311110,13,213,01,#,6.9,#,0.18
1311110021,1988,1311110,13,213,01,#,4,#,0.051
1311110023,1988,1311110,13,213,01,#,5.5,#,0.058
1311130001,1988,1311130,13,215,01,#,14,#,0.89
1311130003,1988,1311130,13,215,01,#,12,#,0.99
1311130005,1988,1311130,13,215,01,#,10,#,0.64
1311130007,1988,1311130,13,215,01,#,13,#,0.34
1311130009,1988,1311130,13,215,01,#,12,#,0.15
1311130011,1988,1311130,13,215,01,#,10,#,0.23
1311130013,1988,1311130,13,215,01,#,10,#,0.21
1311130015,1988,1311130,13,215,01,#,11,#,0.36
1311130017,1988,1311130,13,215,01,#,12,#,0.3
1311130019,1988,1311130,13,215,01,#,11,#,0.42
1311130021,1988,1311130,13,215,01,#,15,#,0.44
1311130023,1988,1311130,13,215,01,#,11,#,0.52
1311140001,1988,1311140,13,005,54,#,7,#,0.64
1311140003,1988,1311140,13,005,54,#,6.5,#,0.57
1311140005,1988,1311140,13,005,54,#,4.8,#,0.36
1311140007,1988,1311140,13,005,54,#,5.5,#,0.31
1311140009,1988,1311140,13,005,54,#,4.8,#,0.2
1311140011,1988,1311140,13,005,54,#,5.7,#,0.29
1311140013,1988,1311140,13,005,54,#,5.5,#,0.47
1311140015,1988,1311140,13,005,54,#,8.9,#,1.2
1311140017,1988,1311140,13,005,54,#,13,#,1.1
1311140019,1988,1311140,13,005,54,#,15,#,1.3
1311140021,1988,1311140,13,005,54,#,12,#,1.2
1311140023,1988,1311140,13,005,54,#,11,#,0.99
1311160001,1988,1311160,13,216,01,#,3,#,0.18
1311160003,1988,1311160,13,216,01,#,1.8,#,0.15
1311160005,1988,1311160,13,216,01,#,3.5,#,0.096
1311160007,1988,1311160,13,216,01,#,2.6,#,0.13
1311160009,1988,1311160,13,216,01,#,2.5,#,0.057
1311160011,1988,1311160,13,216,01,#,1.9,#,0.065
1311160013,1988,1311160,13,216,01,#,1.9,#,0.079
1311160015,1988,1311160,13,216,01,#,2.9,#,0.099
1311160017,1988,1311160,13,216,01,#,3.5,#,0.077
1311160019,1988,1311160,13,216,01,#,3.1,#,0.055
1311160021,1988,1311160,13,216,01,#,2.9,#,0.083
1311160023,1988,1311160,13,216,01,#,2,#,0.063
1311170001,1988,1311170,13,218,01,#,0.69,#,0.016
1311170003,1988,1311170,13,218,01,#,0.46,#,0.018
1311170005,1988,1311170,13,218,01,#,0.69,#,0.019
1311170007,1988,1311170,13,218,01,#,0.61,#,0.016
1311170009,1988,1311170,13,218,01,#,0.74,#,0.019
1311170011,1988,1311170,13,218,01,#,0.53,#,0.019
1311170013,1988,1311170,13,218,01,#,0.63,#,0.027
1311170015,1988,1311170,13,218,01,#,0.7,#,0.018
1311170017,1988,1311170,13,218,01,#,0.35,#,0.016
1311170019,1988,1311170,13,218,01,#,0.43,#,0.021
1311170021,1988,1311170,13,218,01,#,0.46,#,0.019
1311170023,1988,1311170,13,218,01,#,0.62,#,0.016
1311200001,1988,1311200,13,219,01,#,3.7,#,0.41
1311200003,1988,1311200,13,219,01,#,6.4,#,0.71
1311200005,1988,1311200,13,219,01,#,7.2,#,0.75
1311200007,1988,1311200,13,219,01,#,5.2,#,0.41
1311200009,1988,1311200,13,219,01,#,6.3,#,0.3
1311200011,1988,1311200,13,219,01,#,4.4,#,0.38
1311200013,1988,1311200,13,219,01,#,6.4,#,0.5
1311200015,1988,1311200,13,219,01,#,9.4,#,1.2
1311200017,1988,1311200,13,219,01,#,12,#,1.2
1311200019,1988,1311200,13,219,01,#,15,#,1.3
1311200021,1988,1311200,13,219,01,#,13,#,1.3
1311200023,1988,1311200,13,219,01,#,12,#,1.4
1311210001,1988,1311210,13,220,01,#,3.9,#,0.16
1311210002,1988,1311210,13,220,01,#,5,#,0.45
1311210003,1988,1311210,13,220,01,#,4.1,#,0.29
1311210004,1988,1311210,13,220,01,#,4,#,0.38
1311210005,1988,1311210,13,220,01,#,5,#,0.095
1311210006,1988,1311210,13,220,01,#,3.9,#,0.2
1311210007,1988,1311210,13,220,01,#,4.2,#,0.24
1311210008,1988,1311210,13,220,01,#,7.4,#,0.44
1311210009,1988,1311210,13,220,01,#,7.1,#,0.6
1311210010,1988,1311210,13,220,01,#,8.1,#,1.1
1311210011,1988,1311210,13,220,01,#,6.7,#,0.62
1311210012,1988,1311210,13,220,01,#,5.3,#,0.3
1311220001,1988,1311220,13,221,01,#,6.6,#,0.36
1311220002,1988,1311220,13,221,01,#,9.3,#,1.1
1311220003,1988,1311220,13,221,01,#,7.5,#,0.39
1311220004,1988,1311220,13,221,01,#,4.6,#,0.48
1311220005,1988,1311220,13,221,01,#,4.1,#,0.15
1311220006,1988,1311220,13,221,01,#,4.1,#,0.27
1311220007,1988,1311220,13,221,01,#,5.7,#,0.33
1311220008,1988,1311220,13,221,01,#,7.3,#,0.59
1311220009,1988,1311220,13,221,01,#,8,#,0.59
1311220010,1988,1311220,13,221,01,#,14,#,0.73
1311220011,1988,1311220,13,221,01,#,11,#,0.81
1311220012,1988,1311220,13,221,01,#,7.1,#,0.47
1311230001,1988,1311230,13,029,51,#,4,#,0.12
1311230002,1988,1311230,13,029,51,#,2.4,#,0.2
1311230003,1988,1311230,13,029,51,#,2,#,0.11
1311230004,1988,1311230,13,029,51,#,2.9,#,0.12
1311230005,1988,1311230,13,029,51,#,3.5,#,0.061
1311230006,1988,1311230,13,029,51,#,2.1,#,0.12
1311230007,1988,1311230,13,029,51,#,3.3,#,0.11
1311230008,1988,1311230,13,029,51,#,2.4,#,0.31
1311230009,1988,1311230,13,029,51,#,3.4,#,0.27
1311230010,1988,1311230,13,029,51,#,6.3,#,0.41
1311230011,1988,1311230,13,029,51,#,6.4,#,0.21
1311230012,1988,1311230,13,029,51,#,3.7,#,0.31
1320010001,1988,1320010,13,401,01,#,0.54,#,0.009
1320010002,1988,1320010,13,401,01,#,0.58,#,0.016
1320010003,1988,1320010,13,401,01,#,0.5,#,0.019
1320010004,1988,1320010,13,401,01,#,0.4,#,0.012
1320010005,1988,1320010,13,401,01,#,0.41,#,0.014
1320010006,1988,1320010,13,401,01,#,0.55,#,0.01
1320010007,1988,1320010,13,401,01,#,0.47,#,0.009
1320010008,1988,1320010,13,401,01,#,0.63,#,0.009
1320010009,1988,1320010,13,401,01,#,0.44,#,0.016
1320010010,1988,1320010,13,401,01,#,0.52,#,0.014
1320010011,1988,1320010,13,401,01,#,0.49,#,0.018
1320010012,1988,1320010,13,401,01,#,0.48,#,0.019
1320010013,1988,1320010,13,401,01,#,0.56,#,0.014
1320010014,1988,1320010,13,401,01,#,0.58,#,0.027
1320010015,1988,1320010,13,401,01,#,0.5,#,0.018
1320010016,1988,1320010,13,401,01,#,0.56,#,0.019
1320010017,1988,1320010,13,401,01,#,0.36,#,0.007
1320010018,1988,1320010,13,401,01,#,0.37,#,0.012
1320010019,1988,1320010,13,401,01,#,0.42,#,0.027
1320010020,1988,1320010,13,401,01,#,0.37,#,0.019
1320010021,1988,1320010,13,401,01,#,0.38,#,0.007
1320010022,1988,1320010,13,401,01,#,0.38,#,0.013
1320010023,1988,1320010,13,401,01,#,0.41,#,0.014
1320010024,1988,1320010,13,401,01,#,0.44,#,0.011
1320020001,1988,1320020,13,401,02,#,0.47,#,0.007
1320020002,1988,1320020,13,401,02,#,0.46,#,0.007
1320020003,1988,1320020,13,401,02,#,0.54,#,0.01
1320020004,1988,1320020,13,401,02,#,0.38,#,0.014
1320020005,1988,1320020,13,401,02,#,0.39,#,0.009
1320020006,1988,1320020,13,401,02,#,0.43,#,0.014
1320020007,1988,1320020,13,401,02,#,0.48,#,0.01
1320020008,1988,1320020,13,401,02,#,0.49,#,0.007
1320020009,1988,1320020,13,401,02,#,0.52,#,0.009
1320020010,1988,1320020,13,401,02,#,0.47,#,0.007
1320020011,1988,1320020,13,401,02,#,0.47,#,0.007
1320020012,1988,1320020,13,401,02,#,0.59,#,0.01
1320020013,1988,1320020,13,401,02,#,0.45,#,0.01
1320020014,1988,1320020,13,401,02,#,0.46,#,0.014
1320020015,1988,1320020,13,401,02,#,0.51,#,0.03
1320020016,1988,1320020,13,401,02,#,0.51,#,0.014
1320020017,1988,1320020,13,401,02,#,0.45,#,0.007
1320020018,1988,1320020,13,401,02,#,0.72,#,0.034
1320020019,1988,1320020,13,401,02,#,0.54,#,0.016
1320020020,1988,1320020,13,401,02,#,0.52,#,0.025
1320020021,1988,1320020,13,401,02,#,0.82,#,0.032
1320020022,1988,1320020,13,401,02,#,0.49,#,0.018
1320020023,1988,1320020,13,401,02,#,0.61,#,0.019
1320020024,1988,1320020,13,401,02,#,1.2,#,0.027
1320020025,1988,1320020,13,401,02,#,0.41,#,0.007
1320020026,1988,1320020,13,401,02,#,0.42,#,0.009
1320020027,1988,1320020,13,401,02,#,0.42,#,0.021
1320020028,1988,1320020,13,401,02,#,0.43,#,0.024
1320020029,1988,1320020,13,401,02,#,0.5,#,0.027
1320020030,1988,1320020,13,401,02,#,0.65,#,0.036
1320020031,1988,1320020,13,401,02,#,0.41,#,0.01
1320020032,1988,1320020,13,401,02,#,0.39,#,0.01
1320020033,1988,1320020,13,401,02,#,0.72,#,0.021
1320020034,1988,1320020,13,401,02,#,0.38,#,0.009
1320020035,1988,1320020,13,401,02,#,0.45,#,0.013
1320020036,1988,1320020,13,401,02,#,0.48,#,0.014
1330010001,1988,1330010,13,601,01,#,2.8,#,0.2
1330010002,1988,1330010,13,601,01,#,1.2,#,0.093
1330010004,1988,1330010,13,601,01,#,3.9,#,0.24
1330010005,1988,1330010,13,601,01,#,1.5,#,0.13
1330010006,1988,1330010,13,601,01,#,4.8,#,0.39
1330010007,1988,1330010,13,601,01,#,1.6,#,0.14
1330010009,1988,1330010,13,601,01,#,3.5,#,0.29
1330010010,1988,1330010,13,601,01,#,1.1,#,0.21
1330010011,1988,1330010,13,601,01,#,3.1,#,0.23
1330010012,1988,1330010,13,601,01,#,0.87,#,0.11
1330010014,1988,1330010,13,601,01,#,4.4,#,0.32
1330010015,1988,1330010,13,601,01,#,0.83,#,0.15
1330010016,1988,1330010,13,601,01,#,4.2,#,0.21
1330010017,1988,1330010,13,601,01,#,1,#,0.1
1330010019,1988,1330010,13,601,01,#,2.5,#,0.12
1330010020,1988,1330010,13,601,01,#,1.6,#,0.082
1330010021,1988,1330010,13,601,01,#,2.7,#,0.17
1330010022,1988,1330010,13,601,01,#,1.9,#,0.09
1330010024,1988,1330010,13,601,01,#,2,#,0.15
1330010025,1988,1330010,13,601,01,#,1.4,#,0.094
1330010026,1988,1330010,13,601,01,#,2.3,#,0.13
1330010027,1988,1330010,13,601,01,#,1.4,#,0.079
1330010029,1988,1330010,13,601,01,#,2.6,#,0.15
1330010030,1988,1330010,13,601,01,#,1,#,0.088
1330020001,1988,1330020,13,601,02,#,2.6,#,0.16
1330020002,1988,1330020,13,601,02,#,1,#,0.089
1330020004,1988,1330020,13,601,02,#,3.3,#,0.19
1330020005,1988,1330020,13,601,02,#,1.1,#,0.16
1330020006,1988,1330020,13,601,02,#,4.3,#,0.35
1330020007,1988,1330020,13,601,02,#,1.4,#,0.1
1330020009,1988,1330020,13,601,02,#,3.1,#,0.28
1330020010,1988,1330020,13,601,02,#,1.1,#,0.22
1330020011,1988,1330020,13,601,02,#,2.5,#,0.24
1330020012,1988,1330020,13,601,02,#,0.73,#,0.094
1330020014,1988,1330020,13,601,02,#,3,#,0.22
1330020015,1988,1330020,13,601,02,#,0.73,#,0.14
1330020016,1988,1330020,13,601,02,#,3.1,#,0.19
1330020017,1988,1330020,13,601,02,#,0.99,#,0.11
1330020019,1988,1330020,13,601,02,#,2.7,#,0.12
1330020020,1988,1330020,13,601,02,#,0.99,#,0.084
1330020021,1988,1330020,13,601,02,#,2.3,#,0.12
1330020022,1988,1330020,13,601,02,#,1.3,#,0.075
1330020024,1988,1330020,13,601,02,#,1.9,#,0.12
1330020025,1988,1330020,13,601,02,#,1.4,#,0.096
1330020026,1988,1330020,13,601,02,#,1.6,#,0.091
1330020027,1988,1330020,13,601,02,#,1.2,#,0.079
1330020029,1988,1330020,13,601,02,#,2,#,0.11
1330020030,1988,1330020,13,601,02,#,0.95,#,0.082
1330030001,1988,1330030,13,601,03,#,3.6,#,0.23
1330030002,1988,1330030,13,601,03,#,1.8,#,0.078
1330030004,1988,1330030,13,601,03,#,2.9,#,0.18
1330030005,1988,1330030,13,601,03,#,0.98,#,0.13
1330030006,1988,1330030,13,601,03,#,3.7,#,0.33
1330030007,1988,1330030,13,601,03,#,1.5,#,0.16
1330030009,1988,1330030,13,601,03,#,3.5,#,0.27
1330030010,1988,1330030,13,601,03,#,1.1,#,0.24
1330030011,1988,1330030,13,601,03,#,2.8,#,0.22
1330030012,1988,1330030,13,601,03,#,0.72,#,0.098
1330030014,1988,1330030,13,601,03,#,4.9,#,0.34
1330030015,1988,1330030,13,601,03,#,0.75,#,0.14
1330030016,1988,1330030,13,601,03,#,4.6,#,0.22
1330030017,1988,1330030,13,601,03,#,1.1,#,0.1
1330030019,1988,1330030,13,601,03,#,3.1,#,0.14
1330030020,1988,1330030,13,601,03,#,1.6,#,0.062
1330030021,1988,1330030,13,601,03,#,2.9,#,0.15
1330030022,1988,1330030,13,601,03,#,1.6,#,0.069
1330030024,1988,1330030,13,601,03,#,1.8,#,0.12
1330030025,1988,1330030,13,601,03,#,1.2,#,0.078
1330030026,1988,1330030,13,601,03,#,2.2,#,0.13
1330030027,1988,1330030,13,601,03,#,1.6,#,0.095
1330030029,1988,1330030,13,601,03,#,3.3,#,0.23
1330030030,1988,1330030,13,601,03,#,0.87,#,0.072
1330040001,1988,1330040,13,601,04,#,4.9,#,0.31
1330040002,1988,1330040,13,601,04,#,1.6,#,0.1
1330040004,1988,1330040,13,601,04,#,2.6,#,0.16
1330040005,1988,1330040,13,601,04,#,1.8,#,0.11
1330040006,1988,1330040,13,601,04,#,5.1,#,0.53
1330040007,1988,1330040,13,601,04,#,1.5,#,0.15
1330040009,1988,1330040,13,601,04,#,3.2,#,0.24
1330040010,1988,1330040,13,601,04,#,1.1,#,0.13
1330040011,1988,1330040,13,601,04,#,4.2,#,0.28
1330040012,1988,1330040,13,601,04,#,0.94,#,0.1
1330040014,1988,1330040,13,601,04,#,4.3,#,0.33
1330040015,1988,1330040,13,601,04,#,1.2,#,0.13
1330040016,1988,1330040,13,601,04,#,3.7,#,0.2
1330040017,1988,1330040,13,601,04,#,1.2,#,0.1
1330040019,1988,1330040,13,601,04,#,3.2,#,0.17
1330040020,1988,1330040,13,601,04,#,1.7,#,0.089
1330040021,1988,1330040,13,601,04,#,2.4,#,0.12
1330040022,1988,1330040,13,601,04,#,2,#,0.099
1330040024,1988,1330040,13,601,04,#,1.8,#,0.11
1330040025,1988,1330040,13,601,04,#,1.7,#,0.1
1330040026,1988,1330040,13,601,04,#,2.4,#,0.13
1330040027,1988,1330040,13,601,04,#,1.5,#,0.081
1330040029,1988,1330040,13,601,04,#,3.8,#,0.23
1330040030,1988,1330040,13,601,04,#,1,#,0.071
1330130001,1988,1330130,13,601,59,#,15,#,0.63
1330130003,1988,1330130,13,601,59,#,12,#,0.71
1330130005,1988,1330130,13,601,59,#,16,#,0.73
1330130007,1988,1330130,13,601,59,#,13,#,0.82
1330130009,1988,1330130,13,601,59,#,12,#,0.68
1330130011,1988,1330130,13,601,59,#,15,#,0.69
1330130013,1988,1330130,13,601,59,#,8.9,#,0.43
1330130015,1988,1330130,13,601,59,#,18,#,0.83
1330130017,1988,1330130,13,601,59,#,22,#,0.98
1330130019,1988,1330130,13,601,59,#,12,#,0.57
1330130021,1988,1330130,13,601,59,#,12,#,0.62
1330130023,1988,1330130,13,601,59,#,11,#,0.36
1330150001,1988,1330150,13,601,61,#,19,#,0.87
1330150003,1988,1330150,13,601,61,#,11,#,0.74
1330150005,1988,1330150,13,601,61,#,12,#,0.53
1330150007,1988,1330150,13,601,61,#,11,#,0.66
1330150009,1988,1330150,13,601,61,#,10,#,0.62
1330150011,1988,1330150,13,601,61,#,12,#,0.45
1330150013,1988,1330150,13,601,61,#,10,#,0.42
1330150015,1988,1330150,13,601,61,#,14,#,0.57
1330150017,1988,1330150,13,601,61,#,17,#,0.63
1330150019,1988,1330150,13,601,61,#,11,#,0.55
1330150021,1988,1330150,13,601,61,#,11,#,0.46
1330150023,1988,1330150,13,601,61,#,12,#,0.46
1330180001,1988,1330180,13,601,64,#,11,#,0.57
1330180003,1988,1330180,13,601,64,#,7.4,#,0.62
1330180005,1988,1330180,13,601,64,#,6.6,#,0.4
1330180007,1988,1330180,13,601,64,#,5.1,#,0.42
1330180009,1988,1330180,13,601,64,#,5.3,#,0.25
1330180011,1988,1330180,13,601,64,#,5.8,#,0.27
1330180013,1988,1330180,13,601,64,#,5.2,#,0.28
1330180015,1988,1330180,13,601,64,#,5.6,#,0.29
1330180017,1988,1330180,13,601,64,#,8.8,#,0.3
1330180019,1988,1330180,13,601,64,#,7.6,#,0.24
1330180021,1988,1330180,13,601,64,#,8.6,#,0.39
1330180023,1988,1330180,13,601,64,#,5.9,#,0.27
1330230001,1988,1330230,13,601,69,#,6.1,#,0.36
1330230003,1988,1330230,13,601,69,#,7.2,#,0.61
1330230005,1988,1330230,13,601,69,#,5.3,#,0.44
1330230007,1988,1330230,13,601,69,#,3.9,#,0.34
1330230009,1988,1330230,13,601,69,#,4.9,#,0.25
1330230011,1988,1330230,13,601,69,#,5.2,#,0.24
1330230013,1988,1330230,13,601,69,#,5.5,#,0.32
1330230015,1988,1330230,13,601,69,#,4.5,#,0.25
1330230017,1988,1330230,13,601,69,#,6.1,#,0.27
1330230019,1988,1330230,13,601,69,#,5.8,#,0.22
1330230021,1988,1330230,13,601,69,#,4.8,#,0.29
1330230023,1988,1330230,13,601,69,#,5.5,#,0.29
1330240001,1988,1330240,13,601,70,#,11,#,0.53
1330240003,1988,1330240,13,601,70,#,8.1,#,0.62
1330240005,1988,1330240,13,601,70,#,6.5,#,0.39
1330240007,1988,1330240,13,601,70,#,4.4,#,0.39
1330240009,1988,1330240,13,601,70,#,6.9,#,0.36
1330240011,1988,1330240,13,601,70,#,4.1,#,0.23
1330240013,1988,1330240,13,601,70,#,4.2,#,0.23
1330240015,1988,1330240,13,601,70,#,2.8,#,0.17
1330240017,1988,1330240,13,601,70,#,4.1,#,0.16
1330240019,1988,1330240,13,601,70,#,4.6,#,0.21
1330240021,1988,1330240,13,601,70,#,5.6,#,0.29
1330240023,1988,1330240,13,601,70,#,5.4,#,0.23
1330260001,1988,1330260,13,601,72,#,4.7,#,0.23
1330260003,1988,1330260,13,601,72,#,4.6,#,0.38
1330260005,1988,1330260,13,601,72,#,4,#,0.27
1330260007,1988,1330260,13,601,72,#,3.2,#,0.32
1330260009,1988,1330260,13,601,72,#,4.5,#,0.25
1330260011,1988,1330260,13,601,72,#,3.4,#,0.18
1330260013,1988,1330260,13,601,72,#,2.5,#,0.17
1330260015,1988,1330260,13,601,72,#,1.8,#,0.13
1330260017,1988,1330260,13,601,72,#,2.9,#,0.13
1330260019,1988,1330260,13,601,72,#,3.5,#,0.14
1330260021,1988,1330260,13,601,72,#,2.8,#,0.16
1330260023,1988,1330260,13,601,72,#,4,#,0.16
1330280001,1988,1330280,13,601,74,#,18,#,1.5
1330280003,1988,1330280,13,601,74,#,10,#,0.69
1330280005,1988,1330280,13,601,74,#,14,#,0.57
1330280007,1988,1330280,13,601,74,#,7.6,#,0.45
1330280009,1988,1330280,13,601,74,#,9.7,#,0.62
1330280011,1988,1330280,13,601,74,#,10,#,0.39
1330280013,1988,1330280,13,601,74,#,15,#,0.94
1330280015,1988,1330280,13,601,74,#,14,#,0.65
1330280017,1988,1330280,13,601,74,#,15,#,1
1330280019,1988,1330280,13,601,74,#,12,#,0.79
1330280021,1988,1330280,13,601,74,#,12,#,0.99
1330280023,1988,1330280,13,601,74,#,15,#,1.3
1330290001,1988,1330290,13,601,75,#,6,#,0.44
1330290003,1988,1330290,13,601,75,#,7.8,#,0.44
1330290005,1988,1330290,13,601,75,#,7.3,#,0.48
1330290007,1988,1330290,13,601,75,#,5.7,#,0.33
1330290009,1988,1330290,13,601,75,#,8.2,#,0.45
1330290011,1988,1330290,13,601,75,#,7,#,0.28
1330290013,1988,1330290,13,601,75,#,6.9,#,0.4
1330290015,1988,1330290,13,601,75,#,5.9,#,0.33
1330290017,1988,1330290,13,601,75,#,6.7,#,0.35
1330290019,1988,1330290,13,601,75,#,5.1,#,0.26
1330290021,1988,1330290,13,601,75,#,5.2,#,0.34
1330290023,1988,1330290,13,601,75,#,7.9,#,0.6
1330300001,1988,1330300,13,601,76,#,18,#,1.5
1330300003,1988,1330300,13,601,76,#,7.1,#,0.43
1330300005,1988,1330300,13,601,76,#,15,#,0.87
1330300007,1988,1330300,13,601,76,#,8.2,#,0.35
1330300009,1988,1330300,13,601,76,#,12,#,0.44
1330300011,1988,1330300,13,601,76,#,15,#,0.38
1330300013,1988,1330300,13,601,76,#,15,#,0.84
1330300015,1988,1330300,13,601,76,#,16,#,0.65
1330300017,1988,1330300,13,601,76,#,15,#,0.9
1330300019,1988,1330300,13,601,76,#,11,#,0.91
1330300021,1988,1330300,13,601,76,#,16,#,1.7
1330300023,1988,1330300,13,601,76,#,12,#,0.75
1330320001,1988,1330320,13,601,78,#,6.1,#,0.33
1330320003,1988,1330320,13,601,78,#,6.3,#,0.48
1330320005,1988,1330320,13,601,78,#,6.9,#,0.38
1330320007,1988,1330320,13,601,78,#,5.1,#,0.38
1330320009,1988,1330320,13,601,78,#,5.9,#,0.41
1330320011,1988,1330320,13,601,78,#,9.5,#,0.95
1330320013,1988,1330320,13,601,78,#,5.9,#,0.33
1330320015,1988,1330320,13,601,78,#,4.2,#,0.27
1330320017,1988,1330320,13,601,78,#,5.9,#,0.25
1330320019,1988,1330320,13,601,78,#,8.8,#,0.41
1330320021,1988,1330320,13,601,78,#,7.5,#,0.39
1330320023,1988,1330320,13,601,78,#,7.2,#,0.43
1330340001,1988,1330340,13,601,80,#,10,#,0.56
1330340003,1988,1330340,13,601,80,#,8.7,#,0.75
1330340005,1988,1330340,13,601,80,#,8.9,#,0.38
1330340007,1988,1330340,13,601,80,#,10,#,1
1330340009,1988,1330340,13,601,80,#,8,#,0.54
1330340011,1988,1330340,13,601,80,#,11,#,0.56
1330340013,1988,1330340,13,601,80,#,8.5,#,0.37
1330340015,1988,1330340,13,601,80,#,10,#,0.63
1330340017,1988,1330340,13,601,80,#,8.7,#,0.46
1330340019,1988,1330340,13,601,80,#,11,#,0.61
1330340021,1988,1330340,13,601,80,#,8.9,#,0.43
1330340023,1988,1330340,13,601,80,#,10,#,0.52
1330350001,1988,1330350,13,601,81,#,5.3,#,0.27
1330350003,1988,1330350,13,601,81,#,8.2,#,0.68
1330350005,1988,1330350,13,601,81,#,9.5,#,0.71
1330350007,1988,1330350,13,601,81,#,7.2,#,0.49
1330350009,1988,1330350,13,601,81,#,4.4,#,0.23
1330350011,1988,1330350,13,601,81,#,9.7,#,0.65
1330350013,1988,1330350,13,601,81,#,9.7,#,0.67
1330350015,1988,1330350,13,601,81,#,9.3,#,0.81
1330350017,1988,1330350,13,601,81,#,11,#,0.84
1330350019,1988,1330350,13,601,81,#,8.9,#,0.7
1330350021,1988,1330350,13,601,81,#,10,#,0.84
1330350023,1988,1330350,13,601,81,#,10,#,0.68
1330370001,1988,1330370,13,602,01,#,4.2,#,0.25
1330370002,1988,1330370,13,602,01,#,1.4,#,0.099
1330370004,1988,1330370,13,602,01,#,3.5,#,0.24
1330370005,1988,1330370,13,602,01,#,1.3,#,0.11
1330370006,1988,1330370,13,602,01,#,3.1,#,0.2
1330370007,1988,1330370,13,602,01,#,1.4,#,0.083
1330370009,1988,1330370,13,602,01,#,3.5,#,0.29
1330370010,1988,1330370,13,602,01,#,1.4,#,0.12
1330370011,1988,1330370,13,602,01,#,2.5,#,0.15
1330370012,1988,1330370,13,602,01,#,0.74,#,0.1
1330370014,1988,1330370,13,602,01,#,3.4,#,0.15
1330370015,1988,1330370,13,602,01,#,1,#,0.15
1330370016,1988,1330370,13,602,01,#,3,#,0.15
1330370017,1988,1330370,13,602,01,#,1.1,#,0.11
1330370019,1988,1330370,13,602,01,#,5,#,0.2
1330370020,1988,1330370,13,602,01,#,2.2,#,0.099
1330370021,1988,1330370,13,602,01,#,3.6,#,0.18
1330370022,1988,1330370,13,602,01,#,1.4,#,0.072
1330370024,1988,1330370,13,602,01,#,2,#,0.13
1330370025,1988,1330370,13,602,01,#,1.4,#,0.098
1330370026,1988,1330370,13,602,01,#,1.4,#,0.086
1330370027,1988,1330370,13,602,01,#,1.2,#,0.083
1330370029,1988,1330370,13,602,01,#,8,#,0.24
1330370030,1988,1330370,13,602,01,#,1.1,#,0.07
1330440001,1988,1330440,13,603,01,#,1.8,#,0.094
1330440002,1988,1330440,13,603,01,#,1,#,0.092
1330440004,1988,1330440,13,603,01,#,2.1,#,0.16
1330440005,1988,1330440,13,603,01,#,1,#,0.11
1330440006,1988,1330440,13,603,01,#,6.8,#,1.1
1330440007,1988,1330440,13,603,01,#,1.1,#,0.13
1330440009,1988,1330440,13,603,01,#,1.5,#,0.095
1330440010,1988,1330440,13,603,01,#,0.97,#,0.22
1330440011,1988,1330440,13,603,01,#,1.4,#,0.12
1330440012,1988,1330440,13,603,01,#,0.55,#,0.1
1330440014,1988,1330440,13,603,01,#,1.8,#,0.11
1330440015,1988,1330440,13,603,01,#,0.71,#,0.085
1330440016,1988,1330440,13,603,01,#,3,#,0.11
1330440017,1988,1330440,13,603,01,#,1,#,0.11
1330440019,1988,1330440,13,603,01,#,1.5,#,0.066
1330440020,1988,1330440,13,603,01,#,1.1,#,0.054
1330440021,1988,1330440,13,603,01,#,1.9,#,0.09
1330440022,1988,1330440,13,603,01,#,1.2,#,0.06
1330440024,1988,1330440,13,603,01,#,1.1,#,0.073
1330440025,1988,1330440,13,603,01,#,0.72,#,0.057
1330440026,1988,1330440,13,603,01,#,1.1,#,0.063
1330440027,1988,1330440,13,603,01,#,0.87,#,0.056
1330440029,1988,1330440,13,603,01,#,1.2,#,0.063
1330440030,1988,1330440,13,603,01,#,0.62,#,0.073
1330450001,1988,1330450,13,603,02,#,2.3,#,0.15
1330450002,1988,1330450,13,603,02,#,0.91,#,0.083
1330450004,1988,1330450,13,603,02,#,2.4,#,0.12
1330450005,1988,1330450,13,603,02,#,0.65,#,0.062
1330450006,1988,1330450,13,603,02,#,5.2,#,1.3
1330450007,1988,1330450,13,603,02,#,1.2,#,0.15
1330450009,1988,1330450,13,603,02,#,2.4,#,0.18
1330450010,1988,1330450,13,603,02,#,0.77,#,0.18
1330450011,1988,1330450,13,603,02,#,2.9,#,0.2
1330450012,1988,1330450,13,603,02,#,0.71,#,0.08
1330450014,1988,1330450,13,603,02,#,2.8,#,0.18
1330450015,1988,1330450,13,603,02,#,0.65,#,0.1
1330450016,1988,1330450,13,603,02,#,2.1,#,0.1
1330450017,1988,1330450,13,603,02,#,0.95,#,0.086
1330450019,1988,1330450,13,603,02,#,2.6,#,0.085
1330450020,1988,1330450,13,603,02,#,1,#,0.058
1330450021,1988,1330450,13,603,02,#,2,#,0.097
1330450022,1988,1330450,13,603,02,#,0.84,#,0.059
1330450024,1988,1330450,13,603,02,#,1.7,#,0.087
1330450025,1988,1330450,13,603,02,#,0.71,#,0.056
1330450026,1988,1330450,13,603,02,#,1.5,#,0.086
1330450027,1988,1330450,13,603,02,#,0.93,#,0.063
1330450029,1988,1330450,13,603,02,#,2.2,#,0.11
1330450030,1988,1330450,13,603,02,#,0.48,#,0.062
1330600001,1988,1330600,13,604,01,#,1.2,#,0.059
1330600002,1988,1330600,13,604,01,#,0.84,#,0.077
1330600004,1988,1330600,13,604,01,#,1.1,#,0.054
1330600005,1988,1330600,13,604,01,#,0.59,#,0.059
1330600006,1988,1330600,13,604,01,#,2.1,#,0.14
1330600007,1988,1330600,13,604,01,#,0.92,#,0.093
1330600009,1988,1330600,13,604,01,#,1.8,#,0.15
1330600010,1988,1330600,13,604,01,#,0.78,#,0.13
1330600011,1988,1330600,13,604,01,#,2.1,#,0.17
1330600012,1988,1330600,13,604,01,#,0.72,#,0.092
1330600014,1988,1330600,13,604,01,#,1.9,#,0.12
1330600015,1988,1330600,13,604,01,#,0.55,#,0.088
1330600016,1988,1330600,13,604,01,#,1.3,#,0.07
1330600017,1988,1330600,13,604,01,#,0.79,#,0.068
1330600019,1988,1330600,13,604,01,#,1.7,#,0.049
1330600020,1988,1330600,13,604,01,#,1.2,#,0.044
1330600021,1988,1330600,13,604,01,#,1.5,#,0.073
1330600022,1988,1330600,13,604,01,#,0.97,#,0.048
1330600024,1988,1330600,13,604,01,#,1,#,0.061
1330600025,1988,1330600,13,604,01,#,0.61,#,0.054
1330600026,1988,1330600,13,604,01,#,1.3,#,0.054
1330600027,1988,1330600,13,604,01,#,0.75,#,0.053
1330600029,1988,1330600,13,604,01,#,0.59,#,0.036
1330600030,1988,1330600,13,604,01,#,0.53,#,0.074
