レコードID,測定年度,絶対番号,都道府県コード,水域コード,地点コード,全窒素_C,全窒素(mg/l),全燐_C,全燐(mg/l)
1211190001,1993,1211190,12,054,02,#,11,#,1.2
1211190002,1993,1211190,12,054,02,#,10,#,1.5
1211190003,1993,1211190,12,054,02,#,11,#,2.4
1211190004,1993,1211190,12,054,02,#,8,#,1.3
1211190005,1993,1211190,12,054,02,#,7.3,#,1.4
1211190006,1993,1211190,12,054,02,#,9.9,#,1.6
1211190007,1993,1211190,12,054,02,#,7.1,#,0.71
1211190008,1993,1211190,12,054,02,#,6,#,0.45
1211190009,1993,1211190,12,054,02,#,5.8,#,0.53
1211190010,1993,1211190,12,054,02,#,5.7,#,0.88
1211190011,1993,1211190,12,054,02,#,6.7,#,0.48
1211190012,1993,1211190,12,054,02,#,7.4,#,0.94
1211190013,1993,1211190,12,054,02,#,6.5,#,0.4
1211190014,1993,1211190,12,054,02,#,5.3,#,0.46
1211190015,1993,1211190,12,054,02,#,7.2,#,0.89
1211190016,1993,1211190,12,054,02,#,6.4,#,0.74
1211190017,1993,1211190,12,054,02,#,8.1,#,0.66
1211190018,1993,1211190,12,054,02,#,6.8,#,0.65
1211190019,1993,1211190,12,054,02,#,10,#,1.1
1211190020,1993,1211190,12,054,02,#,11,#,1.1
1211190021,1993,1211190,12,054,02,#,12,#,1.2
1211190022,1993,1211190,12,054,02,#,7.4,#,0.89
1211190023,1993,1211190,12,054,02,#,12,#,1.1
1211190024,1993,1211190,12,054,02,#,8.7,#,1.1
1220010001,1993,1220010,12,501,01,#,3,#,0.1
1220010002,1993,1220010,12,501,01,#,2.6,#,0.22
1220010003,1993,1220010,12,501,01,#,1.4,#,0.098
1220010004,1993,1220010,12,501,01,#,1.8,#,0.069
1220010005,1993,1220010,12,501,01,#,2.3,#,0.12
1220010006,1993,1220010,12,501,01,#,1.1,#,0.045
1220010007,1993,1220010,12,501,01,#,1.3,#,0.11
1220010008,1993,1220010,12,501,01,#,1.7,#,0.086
1220010009,1993,1220010,12,501,01,#,2.3,#,0.09
1220010010,1993,1220010,12,501,01,#,1.5,#,0.082
1220010011,1993,1220010,12,501,01,#,3.1,#,0.12
1220010012,1993,1220010,12,501,01,#,2.5,#,0.14
1220010013,1993,1220010,12,501,01,#,2.6,#,0.063
1220010014,1993,1220010,12,501,01,#,3,#,0.063
1220010015,1993,1220010,12,501,01,#,3.4,#,0.099
1220010016,1993,1220010,12,501,01,#,3.9,#,0.11
1220010017,1993,1220010,12,501,01,#,3.8,#,0.094
1220010018,1993,1220010,12,501,01,#,3.2,#,0.082
1220010019,1993,1220010,12,501,01,#,3.8,#,0.1
1220010020,1993,1220010,12,501,01,#,3.4,#,0.1
1220010021,1993,1220010,12,501,01,#,3.3,#,0.073
1220010022,1993,1220010,12,501,01,#,3.2,#,0.12
1220010023,1993,1220010,12,501,01,#,3.5,#,0.1
1220010024,1993,1220010,12,501,01,#,3.4,#,0.096
1220020001,1993,1220020,12,501,51,#,4.1,#,0.14
1220020002,1993,1220020,12,501,51,#,4.6,#,0.15
1220020003,1993,1220020,12,501,51,#,2.7,#,0.14
1220020004,1993,1220020,12,501,51,#,2.4,#,0.15
1220020005,1993,1220020,12,501,51,#,2.6,#,0.11
1220020006,1993,1220020,12,501,51,#,3,#,0.077
1220020007,1993,1220020,12,501,51,#,2.3,#,0.087
1220020008,1993,1220020,12,501,51,#,1.9,#,0.081
1220020009,1993,1220020,12,501,51,#,3,#,0.066
1220020010,1993,1220020,12,501,51,#,3.1,#,0.075
1220020011,1993,1220020,12,501,51,#,3.5,#,0.16
1220020012,1993,1220020,12,501,51,#,5.1,#,0.062
1220020013,1993,1220020,12,501,51,#,3.2,#,0.06
1220020014,1993,1220020,12,501,51,#,4.9,#,0.081
1220020015,1993,1220020,12,501,51,#,5.3,#,0.1
1220020016,1993,1220020,12,501,51,#,3.6,#,0.12
1220020017,1993,1220020,12,501,51,#,6.1,#,0.1
1220020018,1993,1220020,12,501,51,#,3.3,#,0.098
1220020019,1993,1220020,12,501,51,#,5.7,#,0.14
1220020020,1993,1220020,12,501,51,#,4,#,0.097
1220020021,1993,1220020,12,501,51,#,3.8,#,0.1
1220020022,1993,1220020,12,501,51,#,4,#,0.13
1220020023,1993,1220020,12,501,51,#,4.9,#,0.14
1220020024,1993,1220020,12,501,51,#,4.2,#,0.13
1220030001,1993,1220030,12,501,52,#,2.7,#,0.11
1220030002,1993,1220030,12,501,52,#,1.9,#,0.19
1220030003,1993,1220030,12,501,52,#,1.2,#,0.091
1220030004,1993,1220030,12,501,52,#,1.9,#,0.076
1220030005,1993,1220030,12,501,52,#,1.6,#,0.087
1220030006,1993,1220030,12,501,52,#,1.5,#,0.052
1220030007,1993,1220030,12,501,52,#,1.2,#,0.091
1220030008,1993,1220030,12,501,52,#,1.6,#,0.086
1220030009,1993,1220030,12,501,52,#,1.9,#,0.076
1220030010,1993,1220030,12,501,52,#,1.5,#,0.069
1220030011,1993,1220030,12,501,52,#,2.3,#,0.19
1220030012,1993,1220030,12,501,52,#,2.1,#,0.13
1220030013,1993,1220030,12,501,52,#,2.2,#,0.066
1220030014,1993,1220030,12,501,52,#,2.5,#,0.062
1220030015,1993,1220030,12,501,52,#,2.5,#,0.14
1220030016,1993,1220030,12,501,52,#,3,#,0.19
1220030017,1993,1220030,12,501,52,#,3.8,#,0.14
1220030018,1993,1220030,12,501,52,#,3.5,#,0.067
1220030019,1993,1220030,12,501,52,#,3,#,0.074
1220030020,1993,1220030,12,501,52,#,3.2,#,0.12
1220030021,1993,1220030,12,501,52,#,2.7,#,0.06
1220030022,1993,1220030,12,501,52,#,3.3,#,0.11
1220030023,1993,1220030,12,501,52,#,2.8,#,0.1
1220030024,1993,1220030,12,501,52,#,2.6,#,0.084
1220040001,1993,1220040,12,501,53,#,1.2,#,0.079
1220040002,1993,1220040,12,501,53,#,1.3,#,0.12
1220040003,1993,1220040,12,501,53,#,0.86,#,0.079
1220040004,1993,1220040,12,501,53,#,1.2,#,0.082
1220040005,1993,1220040,12,501,53,#,1.3,#,0.058
1220040006,1993,1220040,12,501,53,#,1.6,#,0.069
1220040007,1993,1220040,12,501,53,#,1.1,#,0.084
1220040008,1993,1220040,12,501,53,#,1.2,#,0.078
1220040009,1993,1220040,12,501,53,#,1.8,#,0.075
1220040010,1993,1220040,12,501,53,#,1,#,0.075
1220040011,1993,1220040,12,501,53,#,1.2,#,0.075
1220040012,1993,1220040,12,501,53,#,1.5,#,0.1
1220040013,1993,1220040,12,501,53,#,2,#,0.063
1220040014,1993,1220040,12,501,53,#,2,#,0.085
1220040015,1993,1220040,12,501,53,#,1.7,#,0.11
1220040016,1993,1220040,12,501,53,#,4,#,0.17
1220040017,1993,1220040,12,501,53,#,2.4,#,0.1
1220040018,1993,1220040,12,501,53,#,2.3,#,0.058
1220040019,1993,1220040,12,501,53,#,2,#,0.071
1220040020,1993,1220040,12,501,53,#,2.4,#,0.089
1220040021,1993,1220040,12,501,53,#,1.8,#,0.059
1220040022,1993,1220040,12,501,53,#,2,#,0.11
1220040023,1993,1220040,12,501,53,#,2.3,#,0.088
1220040024,1993,1220040,12,501,53,#,2.6,#,0.097
1220050001,1993,1220050,12,502,01,#,6.4,#,0.41
1220050002,1993,1220050,12,502,01,#,5.6,#,0.53
1220050003,1993,1220050,12,502,01,#,4.2,#,0.41
1220050004,1993,1220050,12,502,01,#,3.3,#,0.31
1220050005,1993,1220050,12,502,01,#,3.5,#,0.5
1220050006,1993,1220050,12,502,01,#,3.2,#,0.4
1220050007,1993,1220050,12,502,01,#,3.2,#,0.23
1220050008,1993,1220050,12,502,01,#,5.2,#,0.24
1220050009,1993,1220050,12,502,01,#,4.1,#,0.25
1220050010,1993,1220050,12,502,01,#,3.3,#,0.35
1220050011,1993,1220050,12,502,01,#,3.6,#,0.19
1220050012,1993,1220050,12,502,01,#,3.2,#,0.26
1220050013,1993,1220050,12,502,01,#,4,#,0.21
1220050014,1993,1220050,12,502,01,#,4.6,#,0.24
1220050015,1993,1220050,12,502,01,#,5.6,#,0.19
1220050016,1993,1220050,12,502,01,#,5.5,#,0.44
1220050017,1993,1220050,12,502,01,#,4.9,#,0.21
1220050018,1993,1220050,12,502,01,#,5.2,#,0.3
1220050019,1993,1220050,12,502,01,#,5,#,0.29
1220050020,1993,1220050,12,502,01,#,8,#,0.46
1220050021,1993,1220050,12,502,01,#,6.5,#,0.42
1220050022,1993,1220050,12,502,01,#,8.1,#,0.62
1220050023,1993,1220050,12,502,01,#,5,#,0.35
1220050024,1993,1220050,12,502,01,#,5.9,#,0.42
1220060001,1993,1220060,12,502,51,#,11,#,0.63
1220060002,1993,1220060,12,502,51,#,8.7,#,0.84
1220060003,1993,1220060,12,502,51,#,8,#,0.51
1220060004,1993,1220060,12,502,51,#,5.9,#,0.6
1220060005,1993,1220060,12,502,51,#,5.9,#,0.72
1220060006,1993,1220060,12,502,51,#,7.3,#,0.46
1220060007,1993,1220060,12,502,51,#,4.9,#,0.27
1220060008,1993,1220060,12,502,51,#,3.9,#,0.27
1220060009,1993,1220060,12,502,51,#,5.1,#,0.27
1220060010,1993,1220060,12,502,51,#,8.1,#,0.36
1220060011,1993,1220060,12,502,51,#,4.9,#,0.21
1220060012,1993,1220060,12,502,51,#,5.9,#,0.33
1220060013,1993,1220060,12,502,51,#,5.9,#,0.19
1220060014,1993,1220060,12,502,51,#,7.2,#,0.31
1220060015,1993,1220060,12,502,51,#,7.6,#,0.37
1220060016,1993,1220060,12,502,51,#,8.6,#,0.35
1220060017,1993,1220060,12,502,51,#,7.9,#,0.43
1220060018,1993,1220060,12,502,51,#,6,#,0.35
1220060019,1993,1220060,12,502,51,#,9.7,#,0.67
1220060020,1993,1220060,12,502,51,#,7.6,#,0.58
1220060021,1993,1220060,12,502,51,#,11,#,0.72
1220060022,1993,1220060,12,502,51,#,11,#,0.75
1220060023,1993,1220060,12,502,51,#,10,#,0.68
1220060024,1993,1220060,12,502,51,#,7.6,#,0.41
1220070001,1993,1220070,12,502,52,#,4.4,#,0.25
1220070002,1993,1220070,12,502,52,#,4.2,#,0.3
1220070003,1993,1220070,12,502,52,#,2.7,#,0.24
1220070004,1993,1220070,12,502,52,#,1.6,#,0.16
1220070005,1993,1220070,12,502,52,#,2.9,#,0.31
1220070006,1993,1220070,12,502,52,#,2.5,#,0.3
1220070007,1993,1220070,12,502,52,#,3.4,#,0.15
1220070008,1993,1220070,12,502,52,#,2.6,#,0.15
1220070009,1993,1220070,12,502,52,#,2.6,#,0.2
1220070010,1993,1220070,12,502,52,#,2.5,#,0.23
1220070011,1993,1220070,12,502,52,#,2.6,#,0.18
1220070012,1993,1220070,12,502,52,#,3.2,#,0.26
1220070013,1993,1220070,12,502,52,#,2.9,#,0.24
1220070014,1993,1220070,12,502,52,#,2.7,#,0.15
1220070015,1993,1220070,12,502,52,#,3.1,#,0.16
1220070016,1993,1220070,12,502,52,#,3,#,0.21
1220070017,1993,1220070,12,502,52,#,3.4,#,0.15
1220070018,1993,1220070,12,502,52,#,4.9,#,0.29
1220070019,1993,1220070,12,502,52,#,3.8,#,0.26
1220070020,1993,1220070,12,502,52,#,4.1,#,0.32
1220070021,1993,1220070,12,502,52,#,5.5,#,0.28
1220070022,1993,1220070,12,502,52,#,5.9,#,0.51
1220070024,1993,1220070,12,502,52,#,4.7,#,0.26
1220080001,1993,1220080,12,502,53,#,5.3,#,0.24
1220080002,1993,1220080,12,502,53,#,5.1,#,0.39
1220080003,1993,1220080,12,502,53,#,3.1,#,0.24
1220080004,1993,1220080,12,502,53,#,1.9,#,0.28
1220080005,1993,1220080,12,502,53,#,2.2,#,0.55
1220080006,1993,1220080,12,502,53,#,1.8,#,0.38
1220080007,1993,1220080,12,502,53,#,3.2,#,0.23
1220080008,1993,1220080,12,502,53,#,3.4,#,0.19
1220080009,1993,1220080,12,502,53,#,3.2,#,0.21
1220080010,1993,1220080,12,502,53,#,2.5,#,0.33
1220080011,1993,1220080,12,502,53,#,3.6,#,0.15
1220080012,1993,1220080,12,502,53,#,3.7,#,0.25
1220080013,1993,1220080,12,502,53,#,3.5,#,0.18
1220080014,1993,1220080,12,502,53,#,6,#,0.18
1220080015,1993,1220080,12,502,53,#,5.1,#,0.26
1220080016,1993,1220080,12,502,53,#,5,#,0.29
1220080017,1993,1220080,12,502,53,#,5.6,#,0.26
1220080018,1993,1220080,12,502,53,#,5.6,#,0.32
1220080019,1993,1220080,12,502,53,#,5.5,#,0.36
1220080020,1993,1220080,12,502,53,#,5.6,#,0.4
1220080021,1993,1220080,12,502,53,#,5.8,#,0.4
1220080022,1993,1220080,12,502,53,#,6.6,#,0.17
1220080023,1993,1220080,12,502,53,#,4.8,#,0.34
1220080024,1993,1220080,12,502,53,#,4.8,#,0.27
