レコードID,測定年度,絶対番号,都道府県コード,水域コード,地点コード,全窒素_C,全窒素(mg/l),全燐_C,全燐(mg/l)
1310010001,1997,1310010,13,001,01,#,2.5,#,0.13
1310010004,1997,1310010,13,001,01,#,1.6,#,0.12
1310010007,1997,1310010,13,001,01,#,2.5,#,0.11
1310010010,1997,1310010,13,001,01,#,2.3,#,0.28
1310010017,1997,1310010,13,001,01,#,2.5,#,0.25
1310010020,1997,1310010,13,001,01,#,2.6,#,0.2
1310010023,1997,1310010,13,001,01,#,3.5,#,0.1
1310010026,1997,1310010,13,001,01,#,3.2,#,0.13
1310010029,1997,1310010,13,001,01,#,2.7,#,0.18
1310010036,1997,1310010,13,001,01,#,3,#,0.1
1310010039,1997,1310010,13,001,01,#,4.1,#,0.15
1310010042,1997,1310010,13,001,01,#,3.7,#,0.25
1310020001,1997,1310020,13,001,51,#,2.8,#,0.09
1310020002,1997,1310020,13,001,51,#,1.8,#,0.099
1310020003,1997,1310020,13,001,51,#,2.7,#,0.11
1310020004,1997,1310020,13,001,51,#,2.4,#,0.11
1310020005,1997,1310020,13,001,51,#,2.5,#,0.14
1310020006,1997,1310020,13,001,51,#,3.4,#,0.15
1310020007,1997,1310020,13,001,51,#,3.9,#,0.096
1310020008,1997,1310020,13,001,51,#,3.3,#,0.12
1310020009,1997,1310020,13,001,51,#,2.8,#,0.088
1310020010,1997,1310020,13,001,51,#,2.9,#,0.089
1310020011,1997,1310020,13,001,51,#,4.5,#,0.15
1310020012,1997,1310020,13,001,51,#,4.5,#,0.16
1310030001,1997,1310030,13,002,01,#,2.5,#,0.13
1310030004,1997,1310030,13,002,01,#,1.7,#,0.1
1310030007,1997,1310030,13,002,01,#,2.4,#,0.17
1310030010,1997,1310030,13,002,01,#,2.8,#,0.2
1310030017,1997,1310030,13,002,01,#,2.7,#,0.26
1310030020,1997,1310030,13,002,01,#,2.7,#,0.28
1310030023,1997,1310030,13,002,01,#,3.8,#,0.12
1310030026,1997,1310030,13,002,01,#,3.2,#,0.12
1310030029,1997,1310030,13,002,01,#,3.1,#,0.2
1310030036,1997,1310030,13,002,01,#,2.7,#,0.11
1310030039,1997,1310030,13,002,01,#,4.1,#,0.22
1310030042,1997,1310030,13,002,01,#,3.1,#,0.21
1310040001,1997,1310040,13,002,51,#,2.6,#,0.12
1310040003,1997,1310040,13,002,51,#,1.8,#,0.12
1310040005,1997,1310040,13,002,51,#,2.4,#,0.13
1310040007,1997,1310040,13,002,51,#,2.2,#,0.18
1310040009,1997,1310040,13,002,51,#,2.5,#,0.2
1310040011,1997,1310040,13,002,51,#,2.5,#,0.19
1310040013,1997,1310040,13,002,51,#,3.6,#,0.12
1310040015,1997,1310040,13,002,51,#,3.2,#,0.12
1310040017,1997,1310040,13,002,51,#,3,#,0.17
1310040019,1997,1310040,13,002,51,#,2.9,#,0.12
1310040021,1997,1310040,13,002,51,#,4.4,#,0.18
1310040023,1997,1310040,13,002,51,#,3.3,#,0.18
1310060001,1997,1310060,13,003,01,#,3,#,0.12
1310060005,1997,1310060,13,003,01,#,3.7,#,0.18
1310060010,1997,1310060,13,003,01,#,3.4,#,0.22
1310060013,1997,1310060,13,003,01,#,2.8,#,0.14
1310060017,1997,1310060,13,003,01,#,2.6,#,0.24
1310060021,1997,1310060,13,003,01,#,3.5,#,0.28
1310060025,1997,1310060,13,003,01,#,4.3,#,0.18
1310060029,1997,1310060,13,003,01,#,5,#,0.16
1310060033,1997,1310060,13,003,01,#,5,#,0.18
1310060038,1997,1310060,13,003,01,#,5.3,#,0.18
1310060041,1997,1310060,13,003,01,#,6.3,#,0.25
1310060045,1997,1310060,13,003,01,#,4.3,#,0.19
1310070001,1997,1310070,13,003,51,#,3.3,#,0.13
1310070002,1997,1310070,13,003,51,#,4.1,#,0.17
1310070003,1997,1310070,13,003,51,#,4.4,#,0.17
1310070004,1997,1310070,13,003,51,#,7.3,#,0.24
1310070005,1997,1310070,13,003,51,#,3.2,#,0.21
1310070006,1997,1310070,13,003,51,#,3.5,#,0.18
1310070007,1997,1310070,13,003,51,#,5.3,#,0.17
1310070008,1997,1310070,13,003,51,#,5.7,#,0.19
1310070009,1997,1310070,13,003,51,#,4.4,#,0.13
1310070010,1997,1310070,13,003,51,#,8,#,0.28
1310070011,1997,1310070,13,003,51,#,8.4,#,0.35
1310070012,1997,1310070,13,003,51,#,4.6,#,0.21
1310090002,1997,1310090,13,004,01,#,7.3,#,0.42
1310090005,1997,1310090,13,004,01,#,3.4,#,0.29
1310090008,1997,1310090,13,004,01,#,3.4,#,0.23
1310090011,1997,1310090,13,004,01,#,3,#,0.18
1310090018,1997,1310090,13,004,01,#,3.4,#,0.18
1310090021,1997,1310090,13,004,01,#,3.9,#,0.18
1310090024,1997,1310090,13,004,01,#,8.1,#,0.34
1310090027,1997,1310090,13,004,01,#,7.8,#,0.38
1310090030,1997,1310090,13,004,01,#,7.8,#,0.33
1310090033,1997,1310090,13,004,01,#,7,#,0.32
1310090040,1997,1310090,13,004,01,#,8.3,#,0.45
1310090043,1997,1310090,13,004,01,#,7.3,#,0.3
1310100001,1997,1310100,13,004,02,#,3.7,#,0.24
1310100005,1997,1310100,13,004,02,#,4.8,#,0.34
1310100010,1997,1310100,13,004,02,#,2.5,#,0.22
1310100013,1997,1310100,13,004,02,#,4.6,#,0.45
1310100017,1997,1310100,13,004,02,#,3.8,#,0.28
1310100021,1997,1310100,13,004,02,#,3.8,#,0.26
1310100025,1997,1310100,13,004,02,#,4.8,#,0.22
1310100029,1997,1310100,13,004,02,#,2.3,#,0.19
1310100033,1997,1310100,13,004,02,#,2.7,#,0.17
1310100038,1997,1310100,13,004,02,#,6.2,#,0.28
1310100041,1997,1310100,13,004,02,#,3.9,#,0.2
1310100045,1997,1310100,13,004,02,#,4.8,#,0.2
1310110002,1997,1310110,13,004,51,#,8,#,0.51
1310110004,1997,1310110,13,004,51,#,3.6,#,0.28
1310110006,1997,1310110,13,004,51,#,3.8,#,0.22
1310110008,1997,1310110,13,004,51,#,3.2,#,0.23
1310110010,1997,1310110,13,004,51,#,3,#,0.13
1310110012,1997,1310110,13,004,51,#,4,#,0.28
1310110014,1997,1310110,13,004,51,#,7.7,#,0.25
1310110016,1997,1310110,13,004,51,#,8.6,#,0.36
1310110018,1997,1310110,13,004,51,#,6.7,#,0.26
1310110020,1997,1310110,13,004,51,#,6.4,#,0.32
1310110022,1997,1310110,13,004,51,#,8.5,#,0.42
1310110024,1997,1310110,13,004,51,#,6.8,#,0.25
1310140002,1997,1310140,13,005,01,#,5.8,#,0.97
1310140004,1997,1310140,13,005,01,#,3.3,#,0.42
1310140006,1997,1310140,13,005,01,#,3.1,#,0.42
1310140008,1997,1310140,13,005,01,#,3.3,#,0.45
1310140021,1997,1310140,13,005,01,#,3.8,#,0.19
1310140023,1997,1310140,13,005,01,#,4.5,#,0.4
1310140025,1997,1310140,13,005,01,#,6,#,0.99
1310140027,1997,1310140,13,005,01,#,5.4,#,0.53
1310140029,1997,1310140,13,005,01,#,4.4,#,0.71
1310140031,1997,1310140,13,005,01,#,6.4,#,0.32
1310140044,1997,1310140,13,005,01,#,6.4,#,0.52
1310140046,1997,1310140,13,005,01,#,6.6,#,0.4
1310160001,1997,1310160,13,005,52,#,6.8,#,0.68
1310160003,1997,1310160,13,005,52,#,6.6,#,0.58
1310160005,1997,1310160,13,005,52,#,4.8,#,0.76
1310160007,1997,1310160,13,005,52,#,4,#,0.31
1310160009,1997,1310160,13,005,52,#,5.4,#,0.61
1310160011,1997,1310160,13,005,52,#,6.5,#,0.9
1310160014,1997,1310160,13,005,52,#,6.4,#,0.34
1310160016,1997,1310160,13,005,52,#,8.9,#,0.45
1310160018,1997,1310160,13,005,52,#,6.2,#,0.39
1310160020,1997,1310160,13,005,52,#,8.1,#,0.33
1310160022,1997,1310160,13,005,52,#,9.8,#,0.54
1310160024,1997,1310160,13,005,52,#,6,#,0.39
1310180001,1997,1310180,13,006,01,#,9,#,0.58
1310180004,1997,1310180,13,006,01,#,6.5,#,0.4
1310180007,1997,1310180,13,006,01,#,5.7,#,0.32
1310180010,1997,1310180,13,006,01,#,5.5,#,0.25
1310180013,1997,1310180,13,006,01,#,4.5,#,0.26
1310180021,1997,1310180,13,006,01,#,5.8,#,0.25
1310180024,1997,1310180,13,006,01,#,7.5,#,0.34
1310180027,1997,1310180,13,006,01,#,8.9,#,0.5
1310180030,1997,1310180,13,006,01,#,8.2,#,0.42
1310180033,1997,1310180,13,006,01,#,5.5,#,0.26
1310180036,1997,1310180,13,006,01,#,9.5,#,0.49
1310180044,1997,1310180,13,006,01,#,6.3,#,0.26
1310190001,1997,1310190,13,006,02,#,4.4,#,0.24
1310190004,1997,1310190,13,006,02,#,4.9,#,0.29
1310190007,1997,1310190,13,006,02,#,3.6,#,0.29
1310190010,1997,1310190,13,006,02,#,4.5,#,0.36
1310190013,1997,1310190,13,006,02,#,3.1,#,0.26
1310190021,1997,1310190,13,006,02,#,5,#,0.29
1310190024,1997,1310190,13,006,02,#,1.1,#,0.13
1310190027,1997,1310190,13,006,02,#,2.4,#,0.2
1310190030,1997,1310190,13,006,02,#,4.5,#,0.27
1310190033,1997,1310190,13,006,02,#,4.5,#,0.24
1310190036,1997,1310190,13,006,02,#,2,#,0.13
1310190044,1997,1310190,13,006,02,#,3.5,#,0.2
1310200001,1997,1310200,13,006,51,#,9.7,#,0.46
1310200003,1997,1310200,13,006,51,#,7.6,#,0.46
1310200005,1997,1310200,13,006,51,#,6.3,#,0.21
1310200007,1997,1310200,13,006,51,#,4.7,#,0.19
1310200009,1997,1310200,13,006,51,#,6.2,#,0.39
1310200011,1997,1310200,13,006,51,#,3.4,#,0.28
1310200013,1997,1310200,13,006,51,#,8.4,#,0.34
1310200015,1997,1310200,13,006,51,#,9.6,#,0.44
1310200017,1997,1310200,13,006,51,#,7.8,#,0.21
1310200019,1997,1310200,13,006,51,#,4.5,#,0.21
1310200021,1997,1310200,13,006,51,#,8.5,#,0.38
1310200023,1997,1310200,13,006,51,#,7.6,#,0.33
1310210001,1997,1310210,13,006,52,#,10,#,0.59
1310210003,1997,1310210,13,006,52,#,7.1,#,0.46
1310210005,1997,1310210,13,006,52,#,6.2,#,0.37
1310210007,1997,1310210,13,006,52,#,5.7,#,0.36
1310210009,1997,1310210,13,006,52,#,5.1,#,0.5
1310210011,1997,1310210,13,006,52,#,4.1,#,0.42
1310210013,1997,1310210,13,006,52,#,8.9,#,0.37
1310210015,1997,1310210,13,006,52,#,10,#,0.72
1310210017,1997,1310210,13,006,52,#,9.5,#,0.5
1310210019,1997,1310210,13,006,52,#,5.4,#,0.31
1310210021,1997,1310210,13,006,52,#,9.4,#,0.4
1310210023,1997,1310210,13,006,52,#,7.2,#,0.28
1310220001,1997,1310220,13,006,53,#,7.7,#,0.4
1310220003,1997,1310220,13,006,53,#,5.7,#,0.36
1310220005,1997,1310220,13,006,53,#,5.3,#,0.36
1310220007,1997,1310220,13,006,53,#,4.4,#,0.36
1310220009,1997,1310220,13,006,53,#,3.7,#,0.31
1310220011,1997,1310220,13,006,53,#,5,#,0.29
1310220013,1997,1310220,13,006,53,#,5.2,#,0.25
1310220015,1997,1310220,13,006,53,#,7.7,#,0.41
1310220017,1997,1310220,13,006,53,#,4.4,#,0.26
1310220019,1997,1310220,13,006,53,#,4.4,#,0.24
1310220021,1997,1310220,13,006,53,#,8.4,#,0.39
1310220023,1997,1310220,13,006,53,#,3.1,#,0.18
1310230001,1997,1310230,13,007,01,#,7.2,#,0.49
1310230005,1997,1310230,13,007,01,#,11,#,0.79
1310230009,1997,1310230,13,007,01,#,8.6,#,0.56
1310230013,1997,1310230,13,007,01,#,7.7,#,0.43
1310230017,1997,1310230,13,007,01,#,8,#,0.52
1310230021,1997,1310230,13,007,01,#,7.9,#,0.45
1310230025,1997,1310230,13,007,01,#,5.6,#,0.35
1310230029,1997,1310230,13,007,01,#,5.9,#,0.39
1310230033,1997,1310230,13,007,01,#,4.3,#,0.25
1310230037,1997,1310230,13,007,01,#,7,#,0.35
1310230041,1997,1310230,13,007,01,#,7.5,#,0.47
1310230045,1997,1310230,13,007,01,#,6.2,#,0.23
1310240001,1997,1310240,13,007,02,#,7.4,#,0.44
1310240005,1997,1310240,13,007,02,#,13,#,0.88
1310240009,1997,1310240,13,007,02,#,9.9,#,0.52
1310240013,1997,1310240,13,007,02,#,10,#,0.62
1310240017,1997,1310240,13,007,02,#,8.4,#,0.46
1310240021,1997,1310240,13,007,02,#,10,#,0.55
1310240025,1997,1310240,13,007,02,#,9.7,#,0.59
1310240029,1997,1310240,13,007,02,#,14,#,0.81
1310240033,1997,1310240,13,007,02,#,10,#,0.62
1310240037,1997,1310240,13,007,02,#,13,#,0.87
1310240041,1997,1310240,13,007,02,#,15,#,1
1310240045,1997,1310240,13,007,02,#,9.3,#,0.4
1310250001,1997,1310250,13,007,51,#,10,#,0.6
1310250003,1997,1310250,13,007,51,#,7.6,#,0.41
1310250005,1997,1310250,13,007,51,#,7,#,0.42
1310250007,1997,1310250,13,007,51,#,7.2,#,0.5
1310250009,1997,1310250,13,007,51,#,5.3,#,0.41
1310250011,1997,1310250,13,007,51,#,4.6,#,0.24
1310250013,1997,1310250,13,007,51,#,9.8,#,0.46
1310250015,1997,1310250,13,007,51,#,8.8,#,0.58
1310250017,1997,1310250,13,007,51,#,12,#,0.76
1310250019,1997,1310250,13,007,51,#,6.5,#,0.34
1310250021,1997,1310250,13,007,51,#,8.4,#,0.51
1310250023,1997,1310250,13,007,51,#,9.2,#,0.46
1310260001,1997,1310260,13,007,53,#,8.4,#,0.55
1310260003,1997,1310260,13,007,53,#,13,#,1
1310260005,1997,1310260,13,007,53,#,8.8,#,0.54
1310260007,1997,1310260,13,007,53,#,9.9,#,0.55
1310260009,1997,1310260,13,007,53,#,8.6,#,0.52
1310260011,1997,1310260,13,007,53,#,9.9,#,0.52
1310260013,1997,1310260,13,007,53,#,7.6,#,0.38
1310260015,1997,1310260,13,007,53,#,8.1,#,0.42
1310260017,1997,1310260,13,007,53,#,7,#,0.39
1310260019,1997,1310260,13,007,53,#,11,#,0.64
1310260021,1997,1310260,13,007,53,#,11,#,0.51
1310260023,1997,1310260,13,007,53,#,7.8,#,0.3
1310290001,1997,1310290,13,008,01,#,5.6,#,0.33
1310290003,1997,1310290,13,008,01,#,6.8,#,0.71
1310290005,1997,1310290,13,008,01,#,8.6,#,0.93
1310290007,1997,1310290,13,008,01,#,5.8,#,0.7
1310290009,1997,1310290,13,008,01,#,6.5,#,0.62
1310290012,1997,1310290,13,008,01,#,5.7,#,0.47
1310290013,1997,1310290,13,008,01,#,6.6,#,0.7
1310290015,1997,1310290,13,008,01,#,7.2,#,0.7
1310290017,1997,1310290,13,008,01,#,8.4,#,0.59
1310290019,1997,1310290,13,008,01,#,6.7,#,0.37
1310290021,1997,1310290,13,008,01,#,9.4,#,0.83
1310290023,1997,1310290,13,008,01,#,8.1,#,0.46
1310300001,1997,1310300,13,009,01,#,8.4,#,0.53
1310300003,1997,1310300,13,009,01,#,8.4,#,0.97
1310300005,1997,1310300,13,009,01,#,7.9,#,1.2
1310300007,1997,1310300,13,009,01,#,10,#,1
1310300009,1997,1310300,13,009,01,#,10,#,0.93
1310300022,1997,1310300,13,009,01,#,9.2,#,0.81
1310300024,1997,1310300,13,009,01,#,9.9,#,0.94
1310300026,1997,1310300,13,009,01,#,10,#,1
1310300028,1997,1310300,13,009,01,#,9.5,#,0.74
1310300030,1997,1310300,13,009,01,#,10,#,0.52
1310300032,1997,1310300,13,009,01,#,7,#,0.75
1310300045,1997,1310300,13,009,01,#,13,#,1
1310310001,1997,1310310,13,010,01,#,2.9,#,0.29
1310310002,1997,1310310,13,010,01,#,2.8,#,0.35
1310310003,1997,1310310,13,010,01,#,2.9,#,0.33
1310310004,1997,1310310,13,010,01,#,3.5,#,0.4
1310310005,1997,1310310,13,010,01,#,3,#,0.32
1310310006,1997,1310310,13,010,01,#,8.3,#,0.31
1310310007,1997,1310310,13,010,01,#,2.6,#,0.31
1310310008,1997,1310310,13,010,01,#,4.3,#,0.3
1310310009,1997,1310310,13,010,01,#,2.9,#,0.35
1310310010,1997,1310310,13,010,01,#,3.6,#,0.13
1310310011,1997,1310310,13,010,01,#,3.7,#,0.19
1310310012,1997,1310310,13,010,01,#,2.6,#,0.2
1310320001,1997,1310320,13,011,01,#,4,#,0.38
1310320003,1997,1310320,13,011,01,#,3.1,#,0.34
1310320005,1997,1310320,13,011,01,#,3.9,#,1.2
1310320007,1997,1310320,13,011,01,#,4.1,#,0.87
1310320009,1997,1310320,13,011,01,#,2.8,#,0.64
1310320011,1997,1310320,13,011,01,#,4.6,#,0.7
1310320013,1997,1310320,13,011,01,#,5.7,#,0.49
1310320015,1997,1310320,13,011,01,#,6.2,#,0.41
1310320017,1997,1310320,13,011,01,#,3.9,#,0.34
1310320019,1997,1310320,13,011,01,#,6.1,#,0.36
1310320021,1997,1310320,13,011,01,#,5.3,#,0.21
1310320023,1997,1310320,13,011,01,#,4.4,#,0.19
1310330001,1997,1310330,13,012,01,#,6.8,#,0.46
1310330003,1997,1310330,13,012,01,#,9.3,#,1
1310330005,1997,1310330,13,012,01,#,8.1,#,1.2
1310330007,1997,1310330,13,012,01,#,7.4,#,1.1
1310330009,1997,1310330,13,012,01,#,8.4,#,0.97
1310330012,1997,1310330,13,012,01,#,8.3,#,0.57
1310330013,1997,1310330,13,012,01,#,8.8,#,1.1
1310330015,1997,1310330,13,012,01,#,11,#,1.1
1310330017,1997,1310330,13,012,01,#,10,#,0.94
1310330019,1997,1310330,13,012,01,#,9.8,#,0.53
1310330021,1997,1310330,13,012,01,#,9.5,#,0.93
1310330023,1997,1310330,13,012,01,#,11,#,1.1
1310340001,1997,1310340,13,013,01,#,0.94,#,0.011
1310340005,1997,1310340,13,013,01,#,0.59,#,0.012
1310340009,1997,1310340,13,013,01,#,0.93,#,0.013
1310340013,1997,1310340,13,013,01,#,0.83,#,0.013
1310340017,1997,1310340,13,013,01,#,0.83,#,0.014
1310340021,1997,1310340,13,013,01,#,0.67,#,0.014
1310340025,1997,1310340,13,013,01,#,0.88,#,0.013
1310340029,1997,1310340,13,013,01,#,0.68,#,0.011
1310340033,1997,1310340,13,013,01,#,1.1,#,0.012
1310340037,1997,1310340,13,013,01,#,0.69,#,0.006
1310340041,1997,1310340,13,013,01,#,0.77,#,0.008
1310340045,1997,1310340,13,013,01,#,1.2,#,0.015
1310370001,1997,1310370,13,014,01,#,2.3,#,0.022
1310370005,1997,1310370,13,014,01,#,1.4,#,0.019
1310370009,1997,1310370,13,014,01,#,2.4,#,0.028
1310370013,1997,1310370,13,014,01,#,2.3,#,0.025
1310370017,1997,1310370,13,014,01,#,1.8,#,0.017
1310370025,1997,1310370,13,014,01,#,2.3,#,0.028
1310370029,1997,1310370,13,014,01,#,2.2,#,0.049
1310370033,1997,1310370,13,014,01,#,1.6,#,0.019
1310370037,1997,1310370,13,014,01,#,2.7,#,0.034
1310370041,1997,1310370,13,014,01,#,1.8,#,0.008
1310370045,1997,1310370,13,014,01,#,2.6,#,0.011
1310370053,1997,1310370,13,014,01,#,2.1,#,0.013
1310380001,1997,1310380,13,014,51,#,1,#,0.023
1310380003,1997,1310380,13,014,51,#,0.72,#,0.019
1310380005,1997,1310380,13,014,51,#,0.96,#,0.022
1310380007,1997,1310380,13,014,51,#,1,#,0.02
1310380009,1997,1310380,13,014,51,#,1.2,#,0.016
1310380011,1997,1310380,13,014,51,#,0.95,#,0.02
1310380013,1997,1310380,13,014,51,#,1,#,0.029
1310380015,1997,1310380,13,014,51,#,0.92,#,0.017
1310380017,1997,1310380,13,014,51,#,1.3,#,0.023
1310380019,1997,1310380,13,014,51,#,0.81,#,0.007
1310380021,1997,1310380,13,014,51,#,1,#,0.011
1310380023,1997,1310380,13,014,51,#,1.3,#,0.01
1310390001,1997,1310390,13,014,52,#,1,#,0.012
1310390002,1997,1310390,13,014,52,#,0.69,#,0.013
1310390003,1997,1310390,13,014,52,#,0.99,#,0.016
1310390004,1997,1310390,13,014,52,#,0.91,#,0.013
1310390005,1997,1310390,13,014,52,#,0.82,#,0.013
1310390006,1997,1310390,13,014,52,#,0.74,#,0.019
1310390007,1997,1310390,13,014,52,#,0.96,#,0.012
1310390008,1997,1310390,13,014,52,#,0.67,#,0.007
1310390009,1997,1310390,13,014,52,#,1.4,#,0.012
1310390010,1997,1310390,13,014,52,#,0.72,#,0.006
1310390011,1997,1310390,13,014,52,#,0.93,#,0.014
1310390012,1997,1310390,13,014,52,#,1.3,#,0.017
1310400001,1997,1310400,13,014,53,#,2.2,#,0.014
1310400002,1997,1310400,13,014,53,#,1.2,#,0.019
1310400003,1997,1310400,13,014,53,#,1.9,#,0.02
1310400004,1997,1310400,13,014,53,#,2.1,#,0.021
1310400005,1997,1310400,13,014,53,#,1.8,#,0.025
1310400006,1997,1310400,13,014,53,#,1.4,#,0.017
1310400007,1997,1310400,13,014,53,#,2.3,#,0.019
1310400008,1997,1310400,13,014,53,#,1.2,#,0.015
1310400009,1997,1310400,13,014,53,#,3.2,#,0.028
1310400010,1997,1310400,13,014,53,#,1.2,#,0.006
1310400011,1997,1310400,13,014,53,#,2.2,#,0.008
1310400012,1997,1310400,13,014,53,#,2.2,#,0.019
1310410001,1997,1310410,13,015,01,#,7.8,#,0.5
1310410005,1997,1310410,13,015,01,#,8.1,#,1.1
1310410009,1997,1310410,13,015,01,#,7.1,#,0.7
1310410013,1997,1310410,13,015,01,#,5.9,#,0.5
1310410017,1997,1310410,13,015,01,#,5.7,#,0.52
1310410021,1997,1310410,13,015,01,#,6.4,#,0.58
1310410025,1997,1310410,13,015,01,#,7.4,#,0.68
1310410029,1997,1310410,13,015,01,#,8.2,#,0.96
1310410033,1997,1310410,13,015,01,#,6.1,#,0.41
1310410037,1997,1310410,13,015,01,#,9.7,#,1
1310410041,1997,1310410,13,015,01,#,9.2,#,0.76
1310410045,1997,1310410,13,015,01,#,5.3,#,0.35
1310420001,1997,1310420,13,015,02,#,6.5,#,0.4
1310420005,1997,1310420,13,015,02,#,6,#,0.54
1310420009,1997,1310420,13,015,02,#,5.6,#,0.47
1310420013,1997,1310420,13,015,02,#,5.5,#,0.31
1310420017,1997,1310420,13,015,02,#,4.6,#,0.33
1310420025,1997,1310420,13,015,02,#,5.9,#,0.39
1310420029,1997,1310420,13,015,02,#,5.6,#,0.37
1310420033,1997,1310420,13,015,02,#,6.8,#,0.6
1310420037,1997,1310420,13,015,02,#,5,#,0.3
1310420041,1997,1310420,13,015,02,#,9.1,#,0.66
1310420045,1997,1310420,13,015,02,#,7.6,#,0.61
1310420053,1997,1310420,13,015,02,#,4.5,#,0.23
1310430001,1997,1310430,13,015,51,#,5.9,#,0.53
1310430005,1997,1310430,13,015,51,#,6.7,#,0.82
1310430009,1997,1310430,13,015,51,#,4.7,#,0.73
1310430013,1997,1310430,13,015,51,#,4.9,#,0.28
1310430017,1997,1310430,13,015,51,#,4.5,#,0.33
1310430021,1997,1310430,13,015,51,#,5.8,#,0.45
1310430025,1997,1310430,13,015,51,#,3.6,#,0.41
1310430029,1997,1310430,13,015,51,#,8,#,1
1310430033,1997,1310430,13,015,51,#,4.2,#,0.34
1310430037,1997,1310430,13,015,51,#,9.2,#,0.74
1310430041,1997,1310430,13,015,51,#,7.1,#,0.55
1310430045,1997,1310430,13,015,51,#,2.7,#,0.088
1310440001,1997,1310440,13,015,52,#,6.5,#,0.51
1310440005,1997,1310440,13,015,52,#,6.4,#,0.79
1310440009,1997,1310440,13,015,52,#,6.1,#,0.5
1310440013,1997,1310440,13,015,52,#,5.9,#,0.3
1310440017,1997,1310440,13,015,52,#,5.4,#,0.35
1310440021,1997,1310440,13,015,52,#,5.6,#,0.41
1310440025,1997,1310440,13,015,52,#,4.1,#,0.4
1310440029,1997,1310440,13,015,52,#,7.7,#,0.57
1310440033,1997,1310440,13,015,52,#,5.1,#,0.32
1310440037,1997,1310440,13,015,52,#,9.9,#,0.58
1310440041,1997,1310440,13,015,52,#,6.6,#,0.49
1310440045,1997,1310440,13,015,52,#,4,#,0.15
1310450001,1997,1310450,13,015,53,#,6.6,#,0.5
1310450005,1997,1310450,13,015,53,#,6.8,#,0.69
1310450009,1997,1310450,13,015,53,#,6.5,#,0.49
1310450013,1997,1310450,13,015,53,#,6.4,#,0.33
1310450017,1997,1310450,13,015,53,#,5.1,#,0.35
1310450021,1997,1310450,13,015,53,#,5.4,#,0.45
1310450025,1997,1310450,13,015,53,#,5.6,#,0.42
1310450029,1997,1310450,13,015,53,#,8.3,#,0.69
1310450033,1997,1310450,13,015,53,#,5.3,#,0.38
1310450037,1997,1310450,13,015,53,#,10,#,0.57
1310450041,1997,1310450,13,015,53,#,6.1,#,0.59
1310450045,1997,1310450,13,015,53,#,4.5,#,0.24
1310460001,1997,1310460,13,015,54,#,7,#,0.46
1310460005,1997,1310460,13,015,54,#,7.3,#,0.89
1310460009,1997,1310460,13,015,54,#,6.7,#,0.6
1310460013,1997,1310460,13,015,54,#,5.7,#,0.37
1310460017,1997,1310460,13,015,54,#,5.1,#,0.45
1310460021,1997,1310460,13,015,54,#,7,#,0.51
1310460025,1997,1310460,13,015,54,#,6,#,0.46
1310460029,1997,1310460,13,015,54,#,8.1,#,0.79
1310460033,1997,1310460,13,015,54,#,5.4,#,0.33
1310460037,1997,1310460,13,015,54,#,9.9,#,0.84
1310460041,1997,1310460,13,015,54,#,8.3,#,0.66
1310460045,1997,1310460,13,015,54,#,4.5,#,0.24
1310470001,1997,1310470,13,015,55,#,8,#,0.4
1310470002,1997,1310470,13,015,55,#,6.7,#,0.84
1310470003,1997,1310470,13,015,55,#,7.5,#,0.56
1310470004,1997,1310470,13,015,55,#,5.6,#,0.41
1310470005,1997,1310470,13,015,55,#,5.3,#,0.43
1310470006,1997,1310470,13,015,55,#,5.8,#,0.48
1310470007,1997,1310470,13,015,55,#,5.7,#,0.46
1310470008,1997,1310470,13,015,55,#,7.5,#,0.72
1310470009,1997,1310470,13,015,55,#,6.3,#,0.29
1310470010,1997,1310470,13,015,55,#,8.7,#,0.75
1310470011,1997,1310470,13,015,55,#,8.5,#,0.63
1310470012,1997,1310470,13,015,55,#,5.3,#,0.2
1310480001,1997,1310480,13,015,56,#,6.6,#,0.45
1310480005,1997,1310480,13,015,56,#,7.4,#,0.63
1310480009,1997,1310480,13,015,56,#,5.9,#,0.5
1310480013,1997,1310480,13,015,56,#,5.5,#,0.35
1310480017,1997,1310480,13,015,56,#,4.7,#,0.37
1310480021,1997,1310480,13,015,56,#,5.4,#,0.43
1310480025,1997,1310480,13,015,56,#,5.9,#,0.42
1310480029,1997,1310480,13,015,56,#,7,#,0.65
1310480033,1997,1310480,13,015,56,#,6,#,0.33
1310480037,1997,1310480,13,015,56,#,9.8,#,0.68
1310480041,1997,1310480,13,015,56,#,7.6,#,0.6
1310480045,1997,1310480,13,015,56,#,4.6,#,0.23
1310490001,1997,1310490,13,015,57,#,7.2,#,0.35
1310490002,1997,1310490,13,015,57,#,6,#,0.69
1310490003,1997,1310490,13,015,57,#,6.4,#,0.45
1310490004,1997,1310490,13,015,57,#,5.3,#,0.36
1310490005,1997,1310490,13,015,57,#,5.1,#,0.36
1310490006,1997,1310490,13,015,57,#,5.3,#,0.39
1310490007,1997,1310490,13,015,57,#,5.3,#,0.41
1310490008,1997,1310490,13,015,57,#,7.4,#,0.62
1310490009,1997,1310490,13,015,57,#,6.1,#,0.3
1310490010,1997,1310490,13,015,57,#,9.1,#,0.63
1310490011,1997,1310490,13,015,57,#,7.4,#,0.54
1310490012,1997,1310490,13,015,57,#,5.1,#,0.18
1310530001,1997,1310530,13,016,01,#,7.1,#,0.39
1310530005,1997,1310530,13,016,01,#,6.8,#,0.5
1310530009,1997,1310530,13,016,01,#,5,#,0.4
1310530013,1997,1310530,13,016,01,#,3.5,#,0.28
1310530017,1997,1310530,13,016,01,#,4,#,0.41
1310530021,1997,1310530,13,016,01,#,5.4,#,0.43
1310530025,1997,1310530,13,016,01,#,4.6,#,0.29
1310530029,1997,1310530,13,016,01,#,5,#,0.36
1310530033,1997,1310530,13,016,01,#,4,#,0.22
1310530037,1997,1310530,13,016,01,#,4,#,0.22
1310530041,1997,1310530,13,016,01,#,6.4,#,0.37
1310530045,1997,1310530,13,016,01,#,4.1,#,0.19
1310540001,1997,1310540,13,016,51,#,4.7,#,0.35
1310540005,1997,1310540,13,016,51,#,8,#,0.57
1310540009,1997,1310540,13,016,51,#,6.3,#,0.48
1310540013,1997,1310540,13,016,51,#,5.9,#,0.36
1310540017,1997,1310540,13,016,51,#,5.2,#,0.48
1310540021,1997,1310540,13,016,51,#,7.9,#,0.53
1310540025,1997,1310540,13,016,51,#,5.7,#,0.35
1310540029,1997,1310540,13,016,51,#,7.1,#,0.49
1310540033,1997,1310540,13,016,51,#,4.9,#,0.24
1310540037,1997,1310540,13,016,51,#,4.7,#,0.22
1310540041,1997,1310540,13,016,51,#,8.1,#,0.51
1310540045,1997,1310540,13,016,51,#,4.6,#,0.21
1310550001,1997,1310550,13,017,01,#,8.1,#,0.49
1310550005,1997,1310550,13,017,01,#,15,#,1
1310550009,1997,1310550,13,017,01,#,8,#,0.54
1310550013,1997,1310550,13,017,01,#,10,#,0.4
1310550017,1997,1310550,13,017,01,#,7.1,#,0.55
1310550021,1997,1310550,13,017,01,#,11,#,0.54
1310550025,1997,1310550,13,017,01,#,9.1,#,0.56
1310550030,1997,1310550,13,017,01,#,16,#,0.91
1310550033,1997,1310550,13,017,01,#,10,#,0.69
1310550037,1997,1310550,13,017,01,#,10,#,0.56
1310550041,1997,1310550,13,017,01,#,13,#,0.8
1310550045,1997,1310550,13,017,01,#,9.4,#,0.37
1310560001,1997,1310560,13,017,51,#,6.3,#,0.54
1310560003,1997,1310560,13,017,51,#,13,#,0.81
1310560005,1997,1310560,13,017,51,#,6,#,0.45
1310560007,1997,1310560,13,017,51,#,7.7,#,0.35
1310560009,1997,1310560,13,017,51,#,5.9,#,0.33
1310560011,1997,1310560,13,017,51,#,7.5,#,0.35
1310560013,1997,1310560,13,017,51,#,7.8,#,0.51
1310560015,1997,1310560,13,017,51,#,13,#,0.88
1310560017,1997,1310560,13,017,51,#,9.5,#,0.64
1310560019,1997,1310560,13,017,51,#,8.7,#,0.63
1310560021,1997,1310560,13,017,51,#,10,#,0.64
1310560023,1997,1310560,13,017,51,#,8.6,#,0.57
1310570001,1997,1310570,13,017,52,#,10,#,0.73
1310570003,1997,1310570,13,017,52,#,15,#,0.84
1310570005,1997,1310570,13,017,52,#,9.3,#,0.65
1310570007,1997,1310570,13,017,52,#,13,#,1
1310570009,1997,1310570,13,017,52,#,7.7,#,0.47
1310570011,1997,1310570,13,017,52,#,10,#,0.44
1310570013,1997,1310570,13,017,52,#,9.5,#,0.7
1310570015,1997,1310570,13,017,52,#,16,#,0.96
1310570017,1997,1310570,13,017,52,#,11,#,0.73
1310570019,1997,1310570,13,017,52,#,10,#,0.61
1310570021,1997,1310570,13,017,52,#,15,#,0.98
1310570023,1997,1310570,13,017,52,#,10,#,0.62
1310580001,1997,1310580,13,018,01,#,7.4,#,0.1
1310580003,1997,1310580,13,018,01,#,7.6,#,0.24
1310580005,1997,1310580,13,018,01,#,6.8,#,0.1
1310580007,1997,1310580,13,018,01,#,7.9,#,0.25
1310580009,1997,1310580,13,018,01,#,6.3,#,0.32
1310580022,1997,1310580,13,018,01,#,8.4,#,0.25
1310580024,1997,1310580,13,018,01,#,7.7,#,0.49
1310580026,1997,1310580,13,018,01,#,13,#,0.82
1310580028,1997,1310580,13,018,01,#,9,#,0.47
1310580030,1997,1310580,13,018,01,#,8.3,#,0.26
1310580032,1997,1310580,13,018,01,#,11,#,0.68
1310580045,1997,1310580,13,018,01,#,9.1,#,0.07
1310600001,1997,1310600,13,019,01,#,2.8,#,0.09
1310600003,1997,1310600,13,019,01,#,5.7,#,0.14
1310600005,1997,1310600,13,019,01,#,3.8,#,0.13
1310600007,1997,1310600,13,019,01,#,9.1,#,0.46
1310600009,1997,1310600,13,019,01,#,7.9,#,0.49
1310600011,1997,1310600,13,019,01,#,9,#,0.39
1310600014,1997,1310600,13,019,01,#,10,#,0.57
1310600016,1997,1310600,13,019,01,#,9.9,#,0.31
1310600017,1997,1310600,13,019,01,#,10,#,0.58
1310600019,1997,1310600,13,019,01,#,8.3,#,0.36
1310600022,1997,1310600,13,019,01,#,7,#,0.16
1310600023,1997,1310600,13,019,01,#,6.7,#,0.055
1310630001,1997,1310630,13,020,01,#,6.9,#,0.33
1310630003,1997,1310630,13,020,01,#,9.5,#,0.95
1310630005,1997,1310630,13,020,01,#,7.4,#,0.55
1310630007,1997,1310630,13,020,01,#,8.8,#,0.55
1310630009,1997,1310630,13,020,01,#,7.7,#,0.49
1310630011,1997,1310630,13,020,01,#,8.8,#,0.66
1310630013,1997,1310630,13,020,01,#,8.4,#,0.69
1310630015,1997,1310630,13,020,01,#,10,#,0.67
1310630017,1997,1310630,13,020,01,#,8.2,#,0.43
1310630019,1997,1310630,13,020,01,#,11,#,0.56
1310630021,1997,1310630,13,020,01,#,10,#,0.83
1310630023,1997,1310630,13,020,01,#,9.8,#,0.39
1310650001,1997,1310650,13,020,52,#,8.1,#,0.36
1310650003,1997,1310650,13,020,52,#,10,#,1
1310650005,1997,1310650,13,020,52,#,8.5,#,0.76
1310650007,1997,1310650,13,020,52,#,9.1,#,0.87
1310650009,1997,1310650,13,020,52,#,8.7,#,0.66
1310650011,1997,1310650,13,020,52,#,9,#,0.71
1310650013,1997,1310650,13,020,52,#,9.4,#,0.91
1310650015,1997,1310650,13,020,52,#,11,#,0.89
1310650017,1997,1310650,13,020,52,#,11,#,0.98
1310650019,1997,1310650,13,020,52,#,9.5,#,0.45
1310650021,1997,1310650,13,020,52,#,10,#,0.99
1310650023,1997,1310650,13,020,52,#,10,#,0.56
1310660001,1997,1310660,13,021,01,#,5.3,#,0.032
1310660003,1997,1310660,13,021,01,#,3.9,#,0.039
1310660005,1997,1310660,13,021,01,#,5.8,#,0.031
1310660007,1997,1310660,13,021,01,#,3.8,#,0.035
1310660009,1997,1310660,13,021,01,#,3.5,#,0.041
1310660011,1997,1310660,13,021,01,#,3.8,#,0.032
1310660013,1997,1310660,13,021,01,#,4.5,#,0.029
1310660015,1997,1310660,13,021,01,#,4,#,0.053
1310660017,1997,1310660,13,021,01,#,5,#,0.038
1310660019,1997,1310660,13,021,01,#,5,#,0.028
1310660021,1997,1310660,13,021,01,#,4.7,#,0.023
1310660023,1997,1310660,13,021,01,#,3.7,#,0.03
1310670001,1997,1310670,13,022,01,#,2.1,#,0.017
1310670003,1997,1310670,13,022,01,#,1.6,#,0.017
1310670005,1997,1310670,13,022,01,#,2.4,#,0.016
1310670007,1997,1310670,13,022,01,#,1.8,#,0.017
1310670009,1997,1310670,13,022,01,#,1.7,#,0.016
1310670011,1997,1310670,13,022,01,#,1.6,#,0.018
1310670013,1997,1310670,13,022,01,#,1.8,#,0.014
1310670015,1997,1310670,13,022,01,#,1.4,#,0.051
1310670017,1997,1310670,13,022,01,#,3,#,0.021
1310670019,1997,1310670,13,022,01,#,1.6,#,0.006
1310670021,1997,1310670,13,022,01,#,1.9,#,0.007
1310670023,1997,1310670,13,022,01,#,2.1,#,0.015
1310690001,1997,1310690,13,023,01,#,8.7,#,0.28
1310690003,1997,1310690,13,023,01,#,4.7,#,0.43
1310690005,1997,1310690,13,023,01,#,4.4,#,0.23
1310690008,1997,1310690,13,023,01,#,4.9,#,0.25
1310690011,1997,1310690,13,023,01,#,3.1,#,0.26
1310690013,1997,1310690,13,023,01,#,4.1,#,0.22
1310690016,1997,1310690,13,023,01,#,5.6,#,0.14
1310690018,1997,1310690,13,023,01,#,5.2,#,0.35
1310690020,1997,1310690,13,023,01,#,5.3,#,0.091
1310690022,1997,1310690,13,023,01,#,6.8,#,0.34
1310690024,1997,1310690,13,023,01,#,5.5,#,0.21
1310690026,1997,1310690,13,023,01,#,5.8,#,0.12
1310700001,1997,1310700,13,024,01,#,7.3,#,0.037
1310700005,1997,1310700,13,024,01,#,6.4,#,0.09
1310700009,1997,1310700,13,024,01,#,3.3,#,0.043
1310700013,1997,1310700,13,024,01,#,4.1,#,0.04
1310700017,1997,1310700,13,024,01,#,3.5,#,0.044
1310700021,1997,1310700,13,024,01,#,2.9,#,0.057
1310700025,1997,1310700,13,024,01,#,4.9,#,0.035
1310700029,1997,1310700,13,024,01,#,3.6,#,0.028
1310700033,1997,1310700,13,024,01,#,4.7,#,0.033
1310700037,1997,1310700,13,024,01,#,3.1,#,0.019
1310700041,1997,1310700,13,024,01,#,5.3,#,0.022
1310700045,1997,1310700,13,024,01,#,6,#,0.029
1310730001,1997,1310730,13,025,01,#,6.9,#,0.27
1310730003,1997,1310730,13,025,01,#,4.7,#,0.29
1310730005,1997,1310730,13,025,01,#,4,#,0.23
1310730008,1997,1310730,13,025,01,#,3.3,#,0.22
1310730011,1997,1310730,13,025,01,#,3.3,#,0.12
1310730013,1997,1310730,13,025,01,#,2.7,#,0.12
1310730016,1997,1310730,13,025,01,#,3.5,#,0.093
1310730018,1997,1310730,13,025,01,#,3.9,#,0.65
1310730020,1997,1310730,13,025,01,#,4.2,#,0.086
1310730022,1997,1310730,13,025,01,#,6.1,#,0.23
1310730024,1997,1310730,13,025,01,#,4.7,#,0.17
1310730026,1997,1310730,13,025,01,#,4,#,0.09
1310740001,1997,1310740,13,026,01,#,7.1,#,0.5
1310740005,1997,1310740,13,026,01,#,6.5,#,0.65
1310740009,1997,1310740,13,026,01,#,6.6,#,0.51
1310740013,1997,1310740,13,026,01,#,6.6,#,0.31
1310740017,1997,1310740,13,026,01,#,5.3,#,0.38
1310740021,1997,1310740,13,026,01,#,5.8,#,0.42
1310740025,1997,1310740,13,026,01,#,5.3,#,0.35
1310740029,1997,1310740,13,026,01,#,7.5,#,0.49
1310740033,1997,1310740,13,026,01,#,5.4,#,0.22
1310740037,1997,1310740,13,026,01,#,10,#,0.47
1310740041,1997,1310740,13,026,01,#,6.7,#,0.42
1310740045,1997,1310740,13,026,01,#,3.9,#,0.16
1310750001,1997,1310750,13,025,02,#,12,#,0.7
1310750003,1997,1310750,13,025,02,#,9.7,#,0.71
1310750005,1997,1310750,13,025,02,#,6.1,#,0.41
1310750008,1997,1310750,13,025,02,#,6,#,0.43
1310750011,1997,1310750,13,025,02,#,6.4,#,0.48
1310750013,1997,1310750,13,025,02,#,5.8,#,0.4
1310750015,1997,1310750,13,025,02,#,5.5,#,0.22
1310750018,1997,1310750,13,025,02,#,8.5,#,0.61
1310750020,1997,1310750,13,025,02,#,6,#,0.15
1310750022,1997,1310750,13,025,02,#,10,#,0.51
1310750024,1997,1310750,13,025,02,#,8,#,0.47
1310750026,1997,1310750,13,025,02,#,5.4,#,0.17
1310780001,1997,1310780,13,027,01,#,8,#,0.47
1310780003,1997,1310780,13,027,01,#,8,#,0.55
1310780005,1997,1310780,13,027,01,#,3.8,#,0.24
1310780008,1997,1310780,13,027,01,#,3.8,#,0.24
1310780011,1997,1310780,13,027,01,#,3.8,#,0.16
1310780013,1997,1310780,13,027,01,#,4.2,#,0.19
1310780016,1997,1310780,13,027,01,#,3.2,#,0.11
1310780018,1997,1310780,13,027,01,#,8,#,0.25
1310780020,1997,1310780,13,027,01,#,4.6,#,0.091
1310780022,1997,1310780,13,027,01,#,7.7,#,0.26
1310780024,1997,1310780,13,027,01,#,5.7,#,0.18
1310780026,1997,1310780,13,027,01,#,3.8,#,0.072
1310790001,1997,1310790,13,028,01,#,6.7,#,0.23
1310790003,1997,1310790,13,028,01,#,5.4,#,0.35
1310790005,1997,1310790,13,028,01,#,4.6,#,0.074
1310790007,1997,1310790,13,028,01,#,4.3,#,0.11
1310790009,1997,1310790,13,028,01,#,4.3,#,0.18
1310790022,1997,1310790,13,028,01,#,4,#,0.14
1310790024,1997,1310790,13,028,01,#,3.9,#,0.1
1310790026,1997,1310790,13,028,01,#,4.8,#,0.14
1310790028,1997,1310790,13,028,01,#,5.1,#,0.1
1310790030,1997,1310790,13,028,01,#,7.4,#,0.25
1310790032,1997,1310790,13,028,01,#,5.2,#,0.13
1310790045,1997,1310790,13,028,01,#,3.8,#,0.11
1310800001,1997,1310800,13,029,01,#,2.7,#,0.14
1310800005,1997,1310800,13,029,01,#,2.8,#,0.21
1310800009,1997,1310800,13,029,01,#,2.6,#,0.11
1310800013,1997,1310800,13,029,01,#,2.6,#,0.08
1310800017,1997,1310800,13,029,01,#,1.4,#,0.078
1310800021,1997,1310800,13,029,01,#,1,#,0.1
1310800025,1997,1310800,13,029,01,#,2.6,#,0.12
1310800029,1997,1310800,13,029,01,#,2.9,#,0.17
1310800033,1997,1310800,13,029,01,#,3.1,#,0.17
1310800037,1997,1310800,13,029,01,#,2.6,#,0.12
1310800041,1997,1310800,13,029,01,#,2.3,#,0.13
1310800045,1997,1310800,13,029,01,#,2.6,#,0.051
1310810001,1997,1310810,13,030,01,#,10,#,0.49
1310810005,1997,1310810,13,030,01,#,8.8,#,0.35
1310810009,1997,1310810,13,030,01,#,10,#,0.39
1310810013,1997,1310810,13,030,01,#,8.2,#,0.47
1310810017,1997,1310810,13,030,01,#,7.3,#,0.44
1310810021,1997,1310810,13,030,01,#,9.2,#,0.27
1310810025,1997,1310810,13,030,01,#,7.4,#,0.39
1310810029,1997,1310810,13,030,01,#,11,#,0.31
1310810033,1997,1310810,13,030,01,#,6.1,#,0.24
1310810037,1997,1310810,13,030,01,#,10,#,0.41
1310810041,1997,1310810,13,030,01,#,10,#,0.24
1310810045,1997,1310810,13,030,01,#,7.1,#,0.1
1310820001,1997,1310820,13,030,51,#,3.6,#,0.086
1310820002,1997,1310820,13,030,51,#,1.6,#,0.16
1310820003,1997,1310820,13,030,51,#,2,#,0.16
1310820004,1997,1310820,13,030,51,#,2.8,#,0.13
1310820005,1997,1310820,13,030,51,#,2.1,#,0.1
1310820006,1997,1310820,13,030,51,#,2.6,#,0.1
1310820007,1997,1310820,13,030,51,#,3.9,#,0.1
1310820008,1997,1310820,13,030,51,#,3.6,#,0.1
1310820009,1997,1310820,13,030,51,#,2.9,#,0.05
1310820010,1997,1310820,13,030,51,#,3.8,#,0.1
1310820011,1997,1310820,13,030,51,#,3.6,#,0.066
1310820012,1997,1310820,13,030,51,#,4.2,#,0.041
1310830001,1997,1310830,13,031,01,#,9.6,#,0.9
1310830003,1997,1310830,13,031,01,#,10,#,1.1
1310830005,1997,1310830,13,031,01,#,6.5,#,0.68
1310830007,1997,1310830,13,031,01,#,6.2,#,0.57
1310830009,1997,1310830,13,031,01,#,5.7,#,0.6
1310830011,1997,1310830,13,031,01,#,5.2,#,0.63
1310830013,1997,1310830,13,031,01,#,6,#,0.68
1310830015,1997,1310830,13,031,01,#,7.7,#,1.1
1310830017,1997,1310830,13,031,01,#,7.7,#,0.42
1310830019,1997,1310830,13,031,01,#,10,#,0.98
1310830021,1997,1310830,13,031,01,#,9.2,#,0.9
1310830023,1997,1310830,13,031,01,#,7.1,#,0.47
1310850001,1997,1310850,13,032,01,#,1.9,#,0.025
1310850003,1997,1310850,13,032,01,#,1.4,#,0.036
1310850005,1997,1310850,13,032,01,#,2.1,#,0.03
1310850007,1997,1310850,13,032,01,#,1.8,#,0.033
1310850009,1997,1310850,13,032,01,#,1.9,#,0.041
1310850011,1997,1310850,13,032,01,#,2.3,#,0.022
1310850013,1997,1310850,13,032,01,#,1.7,#,0.03
1310850015,1997,1310850,13,032,01,#,1.7,#,0.033
1310850017,1997,1310850,13,032,01,#,2.2,#,0.03
1310850019,1997,1310850,13,032,01,#,2.7,#,0.018
1310850021,1997,1310850,13,032,01,#,2.2,#,0.01
1310850023,1997,1310850,13,032,01,#,2,#,0.015
1310860001,1997,1310860,13,032,02,#,2.9,#,0.063
1310860003,1997,1310860,13,032,02,#,2,#,0.08
1310860005,1997,1310860,13,032,02,#,2.7,#,0.06
1310860007,1997,1310860,13,032,02,#,2.3,#,0.067
1310860009,1997,1310860,13,032,02,#,2.2,#,0.071
1310860011,1997,1310860,13,032,02,#,2.4,#,0.036
1310860013,1997,1310860,13,032,02,#,2.1,#,0.047
1310860015,1997,1310860,13,032,02,#,2.3,#,0.062
1310860017,1997,1310860,13,032,02,#,3.2,#,0.063
1310860019,1997,1310860,13,032,02,#,3.4,#,0.03
1310860021,1997,1310860,13,032,02,#,3.1,#,0.026
1310860023,1997,1310860,13,032,02,#,2.4,#,0.026
1310870001,1997,1310870,13,034,01,#,13,#,0.46
1310870005,1997,1310870,13,034,01,#,13,#,0.53
1310870009,1997,1310870,13,034,01,#,5.7,#,0.14
1310870013,1997,1310870,13,034,01,#,9.1,#,0.25
1310870017,1997,1310870,13,034,01,#,10,#,0.27
1310870021,1997,1310870,13,034,01,#,7.2,#,0.16
1310870025,1997,1310870,13,034,01,#,9.7,#,0.11
1310870029,1997,1310870,13,034,01,#,11,#,0.36
1310870033,1997,1310870,13,034,01,#,13,#,0.27
1310870037,1997,1310870,13,034,01,#,8.2,#,0.12
1310870041,1997,1310870,13,034,01,#,10,#,0.16
1310870045,1997,1310870,13,034,01,#,12,#,0.23
1310880001,1997,1310880,13,035,01,#,7.5,#,0.12
1310880003,1997,1310880,13,035,01,#,6.9,#,0.072
1310880005,1997,1310880,13,035,01,#,7.6,#,0.095
1310880007,1997,1310880,13,035,01,#,7.4,#,0.1
1310880009,1997,1310880,13,035,01,#,6.9,#,0.19
1310880022,1997,1310880,13,035,01,#,7.7,#,0.11
1310880024,1997,1310880,13,035,01,#,8.4,#,0.12
1310880026,1997,1310880,13,035,01,#,7.9,#,0.16
1310880028,1997,1310880,13,035,01,#,8.2,#,0.14
1310880030,1997,1310880,13,035,01,#,8,#,0.12
1310880032,1997,1310880,13,035,01,#,7.9,#,0.13
1310880045,1997,1310880,13,035,01,#,8.5,#,0.083
1310940001,1997,1310940,13,036,01,#,6.3,#,0.34
1310940003,1997,1310940,13,036,01,#,7.1,#,0.43
1310940005,1997,1310940,13,036,01,#,5,#,0.29
1310940007,1997,1310940,13,036,01,#,4.4,#,0.3
1310940009,1997,1310940,13,036,01,#,4,#,0.27
1310940011,1997,1310940,13,036,01,#,3.5,#,0.35
1310940013,1997,1310940,13,036,01,#,5,#,0.32
1310940015,1997,1310940,13,036,01,#,5.5,#,0.4
1310940017,1997,1310940,13,036,01,#,5.3,#,0.21
1310940019,1997,1310940,13,036,01,#,6.7,#,0.44
1310940021,1997,1310940,13,036,01,#,5.8,#,0.3
1310940023,1997,1310940,13,036,01,#,5.5,#,0.22
1310950001,1997,1310950,13,037,01,#,17,#,0.37
1310950003,1997,1310950,13,037,01,#,17,#,0.79
1310950005,1997,1310950,13,037,01,#,12,#,0.36
1310950007,1997,1310950,13,037,01,#,13,#,0.58
1310950009,1997,1310950,13,037,01,#,13,#,0.57
1310950011,1997,1310950,13,037,01,#,11,#,0.29
1310950013,1997,1310950,13,037,01,#,11,#,0.23
1310950015,1997,1310950,13,037,01,#,13,#,0.36
1310950017,1997,1310950,13,037,01,#,12,#,0.37
1310950019,1997,1310950,13,037,01,#,14,#,0.3
1310950021,1997,1310950,13,037,01,#,12,#,0.25
1310950023,1997,1310950,13,037,01,#,11,#,0.44
1310960001,1997,1310960,13,038,01,#,4,#,0.43
1310960003,1997,1310960,13,038,01,#,2.9,#,0.52
1310960005,1997,1310960,13,038,01,#,2,#,0.13
1310960007,1997,1310960,13,038,01,#,2.1,#,0.34
1310960009,1997,1310960,13,038,01,#,2.2,#,0.4
1310960011,1997,1310960,13,038,01,#,2.1,#,0.14
1310960013,1997,1310960,13,038,01,#,2.6,#,0.37
1310960015,1997,1310960,13,038,01,#,2.4,#,0.54
1310960017,1997,1310960,13,038,01,#,3.8,#,0.27
1310960019,1997,1310960,13,038,01,#,5.4,#,0.22
1310960021,1997,1310960,13,038,01,#,4.3,#,0.21
1310960023,1997,1310960,13,038,01,#,4.3,#,0.19
1310970002,1997,1310970,13,039,51,#,5.4,#,0.31
1310970004,1997,1310970,13,039,51,#,3.2,#,0.26
1310970006,1997,1310970,13,039,51,#,3.1,#,0.21
1310970008,1997,1310970,13,039,51,#,2.9,#,0.19
1310970010,1997,1310970,13,039,51,#,2.7,#,0.23
1310970012,1997,1310970,13,039,51,#,3.7,#,0.2
1310970014,1997,1310970,13,039,51,#,8.3,#,0.34
1310970016,1997,1310970,13,039,51,#,6.9,#,0.39
1310970018,1997,1310970,13,039,51,#,7.8,#,0.35
1310970020,1997,1310970,13,039,51,#,6.4,#,0.31
1310970022,1997,1310970,13,039,51,#,7.1,#,0.37
1310970024,1997,1310970,13,039,51,#,6.8,#,0.32
1310980001,1997,1310980,13,201,01,#,2.6,#,0.11
1310980003,1997,1310980,13,201,01,#,3.8,#,0.095
1310980005,1997,1310980,13,201,01,#,2.8,#,0.072
1310980007,1997,1310980,13,201,01,#,1.9,#,0.11
1310980009,1997,1310980,13,201,01,#,2.2,#,0.3
1310980011,1997,1310980,13,201,01,#,2.7,#,0.11
1310980013,1997,1310980,13,201,01,#,3.5,#,0.085
1310980015,1997,1310980,13,201,01,#,4.2,#,0.12
1310980018,1997,1310980,13,201,01,#,3.6,#,0.1
1310980019,1997,1310980,13,201,01,#,5.2,#,0.13
1310980021,1997,1310980,13,201,01,#,5,#,0.15
1310980023,1997,1310980,13,201,01,#,3.7,#,0.076
1310990001,1997,1310990,13,202,01,#,9,#,0.53
1310990003,1997,1310990,13,202,01,#,7.7,#,0.6
1310990005,1997,1310990,13,202,01,#,6.6,#,0.68
1310990007,1997,1310990,13,202,01,#,6.9,#,0.48
1310990009,1997,1310990,13,202,01,#,7,#,0.62
1310990011,1997,1310990,13,202,01,#,9.9,#,0.62
1310990013,1997,1310990,13,202,01,#,6.9,#,0.36
1310990015,1997,1310990,13,202,01,#,10,#,0.39
1310990017,1997,1310990,13,202,01,#,7.4,#,0.38
1310990020,1997,1310990,13,202,01,#,11,#,0.38
1310990022,1997,1310990,13,202,01,#,15,#,0.65
1310990023,1997,1310990,13,202,01,#,7.1,#,0.31
1311000002,1997,1311000,13,203,01,#,6.3,#,0.29
1311000003,1997,1311000,13,203,01,#,4.7,#,0.28
1311000005,1997,1311000,13,203,01,#,3.4,#,0.26
1311000007,1997,1311000,13,203,01,#,3.6,#,0.2
1311000009,1997,1311000,13,203,01,#,2.4,#,0.17
1311000011,1997,1311000,13,203,01,#,3.6,#,0.17
1311000013,1997,1311000,13,203,01,#,5.2,#,0.18
1311000015,1997,1311000,13,203,01,#,5.3,#,0.18
1311000018,1997,1311000,13,203,01,#,4,#,0.14
1311000020,1997,1311000,13,203,01,#,6.7,#,0.19
1311000022,1997,1311000,13,203,01,#,8.9,#,0.31
1311000024,1997,1311000,13,203,01,#,4.9,#,0.22
1311010001,1997,1311010,13,203,02,#,2.4,#,0.11
1311010003,1997,1311010,13,203,02,#,4.2,#,0.31
1311010005,1997,1311010,13,203,02,#,3.5,#,0.26
1311010007,1997,1311010,13,203,02,#,2.5,#,0.2
1311010009,1997,1311010,13,203,02,#,2.2,#,0.18
1311010011,1997,1311010,13,203,02,#,3.1,#,0.25
1311010013,1997,1311010,13,203,02,#,5.1,#,0.16
1311010015,1997,1311010,13,203,02,#,5.5,#,0.18
1311010018,1997,1311010,13,203,02,#,2.9,#,0.1
1311010020,1997,1311010,13,203,02,#,4.2,#,0.16
1311010021,1997,1311010,13,203,02,#,7.9,#,0.3
1311010023,1997,1311010,13,203,02,#,4,#,0.16
1311020001,1997,1311020,13,204,01,#,6.1,#,0.26
1311020002,1997,1311020,13,204,01,#,3.4,#,0.19
1311020003,1997,1311020,13,204,01,#,2.8,#,0.15
1311020004,1997,1311020,13,204,01,#,2.8,#,0.18
1311020005,1997,1311020,13,204,01,#,3,#,0.23
1311020006,1997,1311020,13,204,01,#,3.4,#,0.15
1311020007,1997,1311020,13,204,01,#,6,#,0.21
1311020008,1997,1311020,13,204,01,#,8.6,#,0.29
1311020009,1997,1311020,13,204,01,#,6.4,#,0.27
1311020010,1997,1311020,13,204,01,#,9.2,#,0.3
1311020011,1997,1311020,13,204,01,#,9.3,#,0.32
1311020012,1997,1311020,13,204,01,#,5.2,#,0.22
1311030001,1997,1311030,13,205,01,#,6,#,0.44
1311030003,1997,1311030,13,205,01,#,5.6,#,0.37
1311030005,1997,1311030,13,205,01,#,5,#,0.44
1311030007,1997,1311030,13,205,01,#,5.2,#,0.33
1311030009,1997,1311030,13,205,01,#,4.6,#,0.44
1311030011,1997,1311030,13,205,01,#,4.4,#,0.43
1311030013,1997,1311030,13,205,01,#,4.7,#,0.23
1311030015,1997,1311030,13,205,01,#,4.8,#,0.3
1311030017,1997,1311030,13,205,01,#,5.5,#,0.32
1311030019,1997,1311030,13,205,01,#,5.5,#,0.25
1311030021,1997,1311030,13,205,01,#,5.4,#,0.21
1311030023,1997,1311030,13,205,01,#,6.2,#,0.3
1311050001,1997,1311050,13,207,01,#,6.6,#,0.4
1311050003,1997,1311050,13,207,01,#,6.2,#,0.37
1311050005,1997,1311050,13,207,01,#,5.6,#,0.46
1311050007,1997,1311050,13,207,01,#,6.2,#,0.37
1311050009,1997,1311050,13,207,01,#,5.1,#,0.38
1311050011,1997,1311050,13,207,01,#,5,#,0.4
1311050013,1997,1311050,13,207,01,#,5,#,0.26
1311050015,1997,1311050,13,207,01,#,5.3,#,0.28
1311050017,1997,1311050,13,207,01,#,4.8,#,0.27
1311050019,1997,1311050,13,207,01,#,5.9,#,0.29
1311050021,1997,1311050,13,207,01,#,5.8,#,0.24
1311050023,1997,1311050,13,207,01,#,5.5,#,0.22
1311100001,1997,1311100,13,212,01,#,5.2,#,0.12
1311100003,1997,1311100,13,212,01,#,4.8,#,0.2
1311100005,1997,1311100,13,212,01,#,5.4,#,0.11
1311100007,1997,1311100,13,212,01,#,4.6,#,0.09
1311100009,1997,1311100,13,212,01,#,4.4,#,0.086
1311100022,1997,1311100,13,212,01,#,3.9,#,0.15
1311100024,1997,1311100,13,212,01,#,5,#,0.1
1311100026,1997,1311100,13,212,01,#,4.9,#,0.15
1311100028,1997,1311100,13,212,01,#,5.1,#,0.088
1311100030,1997,1311100,13,212,01,#,5.2,#,0.12
1311100032,1997,1311100,13,212,01,#,5.2,#,0.076
1311100045,1997,1311100,13,212,01,#,5.5,#,0.056
1311110001,1997,1311110,13,213,01,#,4.4,#,0.013
1311110003,1997,1311110,13,213,01,#,2.9,#,0.027
1311110005,1997,1311110,13,213,01,#,5.7,#,0.054
1311110007,1997,1311110,13,213,01,#,4.5,#,0.028
1311110009,1997,1311110,13,213,01,#,4.6,#,0.031
1311110011,1997,1311110,13,213,01,#,6.9,#,0.017
1311110013,1997,1311110,13,213,01,#,5.1,#,0.018
1311110015,1997,1311110,13,213,01,#,7.3,#,0.015
1311110017,1997,1311110,13,213,01,#,6.3,#,0.024
1311110019,1997,1311110,13,213,01,#,5.8,#,0.013
1311110021,1997,1311110,13,213,01,#,5.1,#,0.021
1311110023,1997,1311110,13,213,01,#,5.8,#,0.011
1311130001,1997,1311130,13,215,01,#,8.3,#,0.13
1311130003,1997,1311130,13,215,01,#,7.3,#,0.092
1311130005,1997,1311130,13,215,01,#,6.8,#,0.066
1311130007,1997,1311130,13,215,01,#,8.5,#,0.11
1311130009,1997,1311130,13,215,01,#,7.9,#,0.062
1311130011,1997,1311130,13,215,01,#,8.3,#,0.062
1311130013,1997,1311130,13,215,01,#,8.4,#,0.06
1311130015,1997,1311130,13,215,01,#,7.9,#,0.093
1311130017,1997,1311130,13,215,01,#,7.9,#,0.066
1311130019,1997,1311130,13,215,01,#,8.1,#,0.075
1311130021,1997,1311130,13,215,01,#,8,#,0.047
1311130023,1997,1311130,13,215,01,#,8.1,#,0.053
1311140001,1997,1311140,13,005,54,#,5.7,#,0.62
1311140003,1997,1311140,13,005,54,#,4.6,#,0.37
1311140005,1997,1311140,13,005,54,#,4.7,#,0.37
1311140008,1997,1311140,13,005,54,#,3.7,#,0.36
1311140009,1997,1311140,13,005,54,#,3.3,#,0.28
1311140011,1997,1311140,13,005,54,#,4,#,0.39
1311140014,1997,1311140,13,005,54,#,5.7,#,0.52
1311140016,1997,1311140,13,005,54,#,6.2,#,0.68
1311140018,1997,1311140,13,005,54,#,6.4,#,0.44
1311140020,1997,1311140,13,005,54,#,9.1,#,0.58
1311140022,1997,1311140,13,005,54,#,8.6,#,0.81
1311140024,1997,1311140,13,005,54,#,6.4,#,0.26
1311160001,1997,1311160,13,216,01,#,4.1,#,0.077
1311160003,1997,1311160,13,216,01,#,2,#,0.087
1311160005,1997,1311160,13,216,01,#,2.5,#,0.089
1311160007,1997,1311160,13,216,01,#,2.3,#,0.11
1311160009,1997,1311160,13,216,01,#,2.6,#,0.11
1311160011,1997,1311160,13,216,01,#,2.8,#,0.054
1311160013,1997,1311160,13,216,01,#,2.7,#,0.081
1311160015,1997,1311160,13,216,01,#,2.7,#,0.08
1311160017,1997,1311160,13,216,01,#,3.3,#,0.077
1311160019,1997,1311160,13,216,01,#,3.3,#,0.058
1311160021,1997,1311160,13,216,01,#,2.9,#,0.039
1311160023,1997,1311160,13,216,01,#,2.5,#,0.03
1311170001,1997,1311170,13,218,01,#,0.96,#,0.016
1311170003,1997,1311170,13,218,01,#,0.7,#,0.018
1311170005,1997,1311170,13,218,01,#,0.76,#,0.013
1311170007,1997,1311170,13,218,01,#,0.8,#,0.022
1311170009,1997,1311170,13,218,01,#,0.86,#,0.017
1311170011,1997,1311170,13,218,01,#,0.77,#,0.019
1311170013,1997,1311170,13,218,01,#,0.84,#,0.015
1311170015,1997,1311170,13,218,01,#,0.63,#,0.014
1311170017,1997,1311170,13,218,01,#,1.2,#,0.018
1311170019,1997,1311170,13,218,01,#,0.72,#,0.013
1311170021,1997,1311170,13,218,01,#,0.79,#,0.023
1311170023,1997,1311170,13,218,01,#,1.1,#,0.018
1311200001,1997,1311200,13,219,01,#,6.2,#,0.69
1311200003,1997,1311200,13,219,01,#,5.5,#,0.45
1311200005,1997,1311200,13,219,01,#,7.3,#,1
1311200007,1997,1311200,13,219,01,#,3,#,0.43
1311200009,1997,1311200,13,219,01,#,3.5,#,0.32
1311200011,1997,1311200,13,219,01,#,4,#,0.46
1311200014,1997,1311200,13,219,01,#,5.8,#,0.51
1311200016,1997,1311200,13,219,01,#,6.6,#,0.76
1311200018,1997,1311200,13,219,01,#,6.9,#,0.51
1311200020,1997,1311200,13,219,01,#,8.9,#,0.63
1311200022,1997,1311200,13,219,01,#,8.9,#,0.84
1311200024,1997,1311200,13,219,01,#,6.9,#,0.38
1311210001,1997,1311210,13,220,01,#,8.5,#,0.44
1311210003,1997,1311210,13,220,01,#,6.8,#,0.46
1311210005,1997,1311210,13,220,01,#,5.8,#,0.36
1311210007,1997,1311210,13,220,01,#,6,#,0.35
1311210010,1997,1311210,13,220,01,#,4.7,#,0.19
1311210012,1997,1311210,13,220,01,#,4.4,#,0.24
1311210014,1997,1311210,13,220,01,#,4.9,#,0.21
1311210017,1997,1311210,13,220,01,#,5.5,#,0.45
1311210019,1997,1311210,13,220,01,#,5.5,#,0.14
1311210021,1997,1311210,13,220,01,#,6.6,#,0.44
1311210023,1997,1311210,13,220,01,#,7.6,#,0.29
1311210025,1997,1311210,13,220,01,#,4.9,#,0.17
1311220001,1997,1311220,13,221,01,#,9.3,#,0.52
1311220003,1997,1311220,13,221,01,#,6.5,#,0.68
1311220005,1997,1311220,13,221,01,#,5.1,#,0.37
1311220008,1997,1311220,13,221,01,#,5,#,0.4
1311220011,1997,1311220,13,221,01,#,3.9,#,0.34
1311220013,1997,1311220,13,221,01,#,4.1,#,0.25
1311220015,1997,1311220,13,221,01,#,5.3,#,0.24
1311220018,1997,1311220,13,221,01,#,6.1,#,0.52
1311220020,1997,1311220,13,221,01,#,4.8,#,0.16
1311220022,1997,1311220,13,221,01,#,8.5,#,0.61
1311220024,1997,1311220,13,221,01,#,5.9,#,0.35
1311220026,1997,1311220,13,221,01,#,5.1,#,0.16
1311230001,1997,1311230,13,029,51,#,5.1,#,0.14
1311230002,1997,1311230,13,029,51,#,2.9,#,0.2
1311230003,1997,1311230,13,029,51,#,2.7,#,0.084
1311230004,1997,1311230,13,029,51,#,2.2,#,0.14
1311230005,1997,1311230,13,029,51,#,1.2,#,0.083
1311230006,1997,1311230,13,029,51,#,1.1,#,0.017
1311230007,1997,1311230,13,029,51,#,2.4,#,0.084
1311230008,1997,1311230,13,029,51,#,2.9,#,0.17
1311230009,1997,1311230,13,029,51,#,3,#,0.059
1311230010,1997,1311230,13,029,51,#,3.6,#,0.11
1311230011,1997,1311230,13,029,51,#,2.9,#,0.07
1311230012,1997,1311230,13,029,51,#,2.7,#,0.044
1311250001,1997,1311250,13,014,54,#,1.2,#,0.023
1311250005,1997,1311250,13,014,54,#,0.75,#,0.019
1311250009,1997,1311250,13,014,54,#,1.2,#,0.024
1311250013,1997,1311250,13,014,54,#,1.3,#,0.022
1311250017,1997,1311250,13,014,54,#,1.2,#,0.016
1311250021,1997,1311250,13,014,54,#,1.2,#,0.028
1311250025,1997,1311250,13,014,54,#,1.2,#,0.029
1311250029,1997,1311250,13,014,54,#,1,#,0.019
1311250033,1997,1311250,13,014,54,#,1.5,#,0.033
1311250037,1997,1311250,13,014,54,#,0.9,#,0.008
1311250041,1997,1311250,13,014,54,#,1.3,#,0.011
1311250045,1997,1311250,13,014,54,#,1.4,#,0.011
1311260001,1997,1311260,13,222,01,#,7.7,#,0.44
1311260003,1997,1311260,13,222,01,#,10,#,0.91
1311260005,1997,1311260,13,222,01,#,10,#,1.4
1311260007,1997,1311260,13,222,01,#,9.5,#,0.13
1311260009,1997,1311260,13,222,01,#,9.3,#,0.076
1311260011,1997,1311260,13,222,01,#,7.8,#,0.052
1311260013,1997,1311260,13,222,01,#,7.1,#,0.24
1311260015,1997,1311260,13,222,01,#,9.1,#,0.13
1311260017,1997,1311260,13,222,01,#,8.6,#,0.73
1311260019,1997,1311260,13,222,01,#,9.1,#,0.29
1311260021,1997,1311260,13,222,01,#,10,#,0.74
1311260023,1997,1311260,13,222,01,#,8.7,#,0.32
1320010001,1997,1320010,13,401,01,#,0.71,#,0.011
1320010002,1997,1320010,13,401,01,#,0.63,<,0.003
1320010003,1997,1320010,13,401,01,#,0.57,#,0.009
1320010004,1997,1320010,13,401,01,#,0.59,#,0.006
1320010005,1997,1320010,13,401,01,#,0.5,#,0.006
1320010006,1997,1320010,13,401,01,#,0.57,#,0.006
1320010007,1997,1320010,13,401,01,#,0.5,#,0.014
1320010008,1997,1320010,13,401,01,#,0.56,#,0.01
1320010009,1997,1320010,13,401,01,#,0.36,#,0.007
1320010010,1997,1320010,13,401,01,#,0.62,#,0.006
1320010011,1997,1320010,13,401,01,#,0.34,#,0.008
1320010012,1997,1320010,13,401,01,#,0.59,#,0.006
1320010013,1997,1320010,13,401,01,#,0.52,#,0.004
1320010014,1997,1320010,13,401,01,#,0.66,#,0.004
1320010015,1997,1320010,13,401,01,#,0.48,#,0.005
1320010016,1997,1320010,13,401,01,#,0.57,#,0.008
1320010017,1997,1320010,13,401,01,#,0.51,#,0.007
1320010018,1997,1320010,13,401,01,#,0.66,#,0.012
1320010019,1997,1320010,13,401,01,#,0.56,#,0.005
1320010020,1997,1320010,13,401,01,#,0.6,#,0.007
1320010021,1997,1320010,13,401,01,#,0.52,#,0.004
1320010022,1997,1320010,13,401,01,#,0.52,#,0.01
1320010023,1997,1320010,13,401,01,#,0.52,#,0.008
1320010024,1997,1320010,13,401,01,#,0.67,#,0.016
1320020001,1997,1320020,13,401,02,#,0.64,<,0.003
1320020002,1997,1320020,13,401,02,#,0.65,#,0.027
1320020003,1997,1320020,13,401,02,#,0.63,<,0.003
1320020004,1997,1320020,13,401,02,#,0.52,#,0.007
1320020005,1997,1320020,13,401,02,#,0.55,<,0.003
1320020006,1997,1320020,13,401,02,#,0.49,#,0.003
1320020007,1997,1320020,13,401,02,#,0.56,#,0.004
1320020008,1997,1320020,13,401,02,#,0.57,<,0.003
1320020009,1997,1320020,13,401,02,#,0.53,#,0.003
1320020010,1997,1320020,13,401,02,#,0.5,#,0.006
1320020011,1997,1320020,13,401,02,#,0.53,#,0.005
1320020012,1997,1320020,13,401,02,#,0.55,#,0.006
1320020013,1997,1320020,13,401,02,#,0.62,<,0.003
1320020014,1997,1320020,13,401,02,#,0.39,#,0.004
1320020015,1997,1320020,13,401,02,#,0.6,#,0.004
1320020016,1997,1320020,13,401,02,#,0.37,#,0.005
1320020017,1997,1320020,13,401,02,#,0.56,<,0.003
1320020018,1997,1320020,13,401,02,#,0.54,#,0.004
1320020019,1997,1320020,13,401,02,#,0.59,<,0.003
1320020020,1997,1320020,13,401,02,#,0.5,<,0.003
1320020021,1997,1320020,13,401,02,#,0.52,#,0.004
1320020022,1997,1320020,13,401,02,#,0.51,#,0.003
1320020023,1997,1320020,13,401,02,#,0.56,#,0.006
1320020024,1997,1320020,13,401,02,#,0.51,#,0.003
1320020025,1997,1320020,13,401,02,#,0.69,#,0.005
1320020026,1997,1320020,13,401,02,#,0.54,#,0.009
1320020027,1997,1320020,13,401,02,#,0.6,#,0.01
1320020028,1997,1320020,13,401,02,#,0.56,#,0.003
1320020029,1997,1320020,13,401,02,#,0.59,<,0.003
1320020030,1997,1320020,13,401,02,#,0.48,#,0.004
1320020031,1997,1320020,13,401,02,#,0.48,#,0.004
1320020032,1997,1320020,13,401,02,#,0.55,#,0.003
1320020033,1997,1320020,13,401,02,#,0.54,<,0.003
1320020034,1997,1320020,13,401,02,#,0.57,#,0.008
1320020035,1997,1320020,13,401,02,#,0.63,#,0.009
1320020036,1997,1320020,13,401,02,#,0.5,#,0.009
1330010001,1997,1330010,13,601,01,#,3.7,#,0.27
1330010002,1997,1330010,13,601,01,#,1.4,#,0.099
1330010004,1997,1330010,13,601,01,#,3.3,#,0.31
1330010005,1997,1330010,13,601,01,#,1.6,#,0.13
1330010007,1997,1330010,13,601,01,#,3.9,#,0.73
1330010008,1997,1330010,13,601,01,#,1.2,#,0.25
1330010010,1997,1330010,13,601,01,#,3.2,#,0.26
1330010011,1997,1330010,13,601,01,#,1.4,#,0.13
1330010012,1997,1330010,13,601,01,#,2.5,#,0.26
1330010013,1997,1330010,13,601,01,#,1.3,#,0.18
1330010015,1997,1330010,13,601,01,#,2.7,#,0.4
1330010016,1997,1330010,13,601,01,#,1.2,#,0.19
1330010017,1997,1330010,13,601,01,#,2.6,#,0.2
1330010018,1997,1330010,13,601,01,#,1,#,0.1
1330010020,1997,1330010,13,601,01,#,2.3,#,0.19
1330010021,1997,1330010,13,601,01,#,1.2,#,0.1
1330010023,1997,1330010,13,601,01,#,2.2,#,0.16
1330010024,1997,1330010,13,601,01,#,1.1,#,0.08
1330010026,1997,1330010,13,601,01,#,1.4,#,0.13
1330010027,1997,1330010,13,601,01,#,1.2,#,0.094
1330010028,1997,1330010,13,601,01,#,1.9,#,0.13
1330010029,1997,1330010,13,601,01,#,1.6,#,0.1
1330010031,1997,1330010,13,601,01,#,2.3,#,0.11
1330010032,1997,1330010,13,601,01,#,0.95,#,0.053
1330020001,1997,1330020,13,601,02,#,3.3,#,0.24
1330020002,1997,1330020,13,601,02,#,1.4,#,0.089
1330020004,1997,1330020,13,601,02,#,2.2,#,0.13
1330020005,1997,1330020,13,601,02,#,1.4,#,0.13
1330020007,1997,1330020,13,601,02,#,3.1,#,0.52
1330020008,1997,1330020,13,601,02,#,1.3,#,0.12
1330020010,1997,1330020,13,601,02,#,2.4,#,0.2
1330020011,1997,1330020,13,601,02,#,1,#,0.11
1330020012,1997,1330020,13,601,02,#,1.6,#,0.18
1330020013,1997,1330020,13,601,02,#,1.2,#,0.18
1330020015,1997,1330020,13,601,02,#,3.7,#,0.61
1330020016,1997,1330020,13,601,02,#,0.88,#,0.18
1330020017,1997,1330020,13,601,02,#,1.9,#,0.19
1330020018,1997,1330020,13,601,02,#,0.78,#,0.099
1330020020,1997,1330020,13,601,02,#,1.7,#,0.17
1330020021,1997,1330020,13,601,02,#,0.96,#,0.095
1330020023,1997,1330020,13,601,02,#,1.9,#,0.14
1330020024,1997,1330020,13,601,02,#,0.95,#,0.075
1330020026,1997,1330020,13,601,02,#,1.4,#,0.11
1330020027,1997,1330020,13,601,02,#,1.1,#,0.09
1330020028,1997,1330020,13,601,02,#,1.7,#,0.1
1330020029,1997,1330020,13,601,02,#,1.4,#,0.094
1330020031,1997,1330020,13,601,02,#,2.2,#,0.13
1330020032,1997,1330020,13,601,02,#,0.88,#,0.062
1330030001,1997,1330030,13,601,03,#,3.7,#,0.3
1330030002,1997,1330030,13,601,03,#,1.3,#,0.088
1330030004,1997,1330030,13,601,03,#,3.3,#,0.26
1330030005,1997,1330030,13,601,03,#,1.3,#,0.11
1330030007,1997,1330030,13,601,03,#,2.1,#,0.2
1330030008,1997,1330030,13,601,03,#,0.98,#,0.17
1330030010,1997,1330030,13,601,03,#,2.6,#,0.18
1330030011,1997,1330030,13,601,03,#,1,#,0.13
1330030012,1997,1330030,13,601,03,#,1.8,#,0.21
1330030013,1997,1330030,13,601,03,#,0.95,#,0.2
1330030015,1997,1330030,13,601,03,#,3.1,#,0.52
1330030016,1997,1330030,13,601,03,#,0.93,#,0.2
1330030017,1997,1330030,13,601,03,#,2.5,#,0.2
1330030018,1997,1330030,13,601,03,#,0.72,#,0.088
1330030020,1997,1330030,13,601,03,#,2,#,0.18
1330030021,1997,1330030,13,601,03,#,0.82,#,0.083
1330030023,1997,1330030,13,601,03,#,1.8,#,0.14
1330030024,1997,1330030,13,601,03,#,0.81,#,0.067
1330030026,1997,1330030,13,601,03,#,1.3,#,0.097
1330030027,1997,1330030,13,601,03,#,0.92,#,0.073
1330030028,1997,1330030,13,601,03,#,1.8,#,0.12
1330030029,1997,1330030,13,601,03,#,1.2,#,0.084
1330030031,1997,1330030,13,601,03,#,2.5,#,0.14
1330030032,1997,1330030,13,601,03,#,0.79,#,0.05
1330040001,1997,1330040,13,601,04,#,4.1,#,0.39
1330040002,1997,1330040,13,601,04,#,2.1,#,0.16
1330040004,1997,1330040,13,601,04,#,4.9,#,0.33
1330040005,1997,1330040,13,601,04,#,2.6,#,0.15
1330040007,1997,1330040,13,601,04,#,2.3,#,0.24
1330040008,1997,1330040,13,601,04,#,2,#,0.16
1330040010,1997,1330040,13,601,04,#,4.3,#,0.31
1330040011,1997,1330040,13,601,04,#,2.4,#,0.19
1330040012,1997,1330040,13,601,04,#,2.2,#,0.26
1330040013,1997,1330040,13,601,04,#,1.5,#,0.19
1330040015,1997,1330040,13,601,04,#,3,#,0.31
1330040016,1997,1330040,13,601,04,#,1.4,#,0.2
1330040017,1997,1330040,13,601,04,#,3.8,#,0.34
1330040018,1997,1330040,13,601,04,#,2.1,#,0.17
1330040020,1997,1330040,13,601,04,#,4.4,#,0.28
1330040021,1997,1330040,13,601,04,#,1.9,#,0.14
1330040023,1997,1330040,13,601,04,#,6.2,#,0.63
1330040024,1997,1330040,13,601,04,#,2,#,0.15
1330040026,1997,1330040,13,601,04,#,2.6,#,0.23
1330040027,1997,1330040,13,601,04,#,1.2,#,0.09
1330040028,1997,1330040,13,601,04,#,2.6,#,0.14
1330040029,1997,1330040,13,601,04,#,2.1,#,0.12
1330040031,1997,1330040,13,601,04,#,5.5,#,0.27
1330040032,1997,1330040,13,601,04,#,1.7,#,0.069
1330050001,1997,1330050,13,601,51,#,3.5,#,0.29
1330050002,1997,1330050,13,601,51,#,4.1,#,0.41
1330050003,1997,1330050,13,601,51,#,4.6,#,0.3
1330050004,1997,1330050,13,601,51,#,2.1,#,0.15
1330060001,1997,1330060,13,601,52,#,3.8,#,0.29
1330060002,1997,1330060,13,601,52,#,1.9,#,0.18
1330060003,1997,1330060,13,601,52,#,2.2,#,0.22
1330060004,1997,1330060,13,601,52,#,1.1,#,0.088
1330070001,1997,1330070,13,601,53,#,2.7,#,0.23
1330070002,1997,1330070,13,601,53,#,1.6,#,0.15
1330070003,1997,1330070,13,601,53,#,1.6,#,0.13
1330070004,1997,1330070,13,601,53,#,1.5,#,0.11
1330080001,1997,1330080,13,601,54,#,3.5,#,0.3
1330080002,1997,1330080,13,601,54,#,2.6,#,0.31
1330080003,1997,1330080,13,601,54,#,2.3,#,0.15
1330080004,1997,1330080,13,601,54,#,1.3,#,0.13
1330090001,1997,1330090,13,601,55,#,1.3,#,0.099
1330090002,1997,1330090,13,601,55,#,0.97,#,0.15
1330090003,1997,1330090,13,601,55,#,1.7,#,0.13
1330090004,1997,1330090,13,601,55,#,1,#,0.08
1330110001,1997,1330110,13,601,57,#,1.4,#,0.17
1330110002,1997,1330110,13,601,57,#,1.2,#,0.15
1330110003,1997,1330110,13,601,57,#,3.4,#,0.27
1330110004,1997,1330110,13,601,57,#,1.9,#,0.14
1330120001,1997,1330120,13,601,58,#,11,#,1.2
1330120003,1997,1330120,13,601,58,#,9.1,#,0.47
1330130001,1997,1330130,13,601,59,#,9.3,#,0.58
1330130003,1997,1330130,13,601,59,#,9.5,#,0.87
1330130005,1997,1330130,13,601,59,#,10,#,0.46
1330130007,1997,1330130,13,601,59,#,12,#,1.3
1330130009,1997,1330130,13,601,59,#,10,#,1.1
1330130011,1997,1330130,13,601,59,#,9.1,#,1.1
1330130013,1997,1330130,13,601,59,#,11,#,0.91
1330130015,1997,1330130,13,601,59,#,8.8,#,0.61
1330130017,1997,1330130,13,601,59,#,10,#,0.67
1330130019,1997,1330130,13,601,59,#,8.8,#,0.61
1330130021,1997,1330130,13,601,59,#,11,#,0.95
1330130023,1997,1330130,13,601,59,#,6.7,#,0.74
1330140001,1997,1330140,13,601,60,#,10,#,1
1330140003,1997,1330140,13,601,60,#,6.2,#,0.33
1330150001,1997,1330150,13,601,61,#,10,#,0.64
1330150003,1997,1330150,13,601,61,#,9.6,#,0.87
1330150005,1997,1330150,13,601,61,#,8.8,#,0.45
1330150007,1997,1330150,13,601,61,#,6.9,#,0.72
1330150009,1997,1330150,13,601,61,#,6.7,#,0.78
1330150011,1997,1330150,13,601,61,#,6.9,#,0.68
1330150013,1997,1330150,13,601,61,#,7,#,0.6
1330150015,1997,1330150,13,601,61,#,6.6,#,0.63
1330150017,1997,1330150,13,601,61,#,7.7,#,0.49
1330150019,1997,1330150,13,601,61,#,8.1,#,0.45
1330150021,1997,1330150,13,601,61,#,10,#,0.27
1330150023,1997,1330150,13,601,61,#,4.8,#,0.39
1330160001,1997,1330160,13,601,62,#,3.9,#,0.39
1330160003,1997,1330160,13,601,62,#,2.5,#,0.13
1330170001,1997,1330170,13,601,63,#,5,#,0.59
1330170003,1997,1330170,13,601,63,#,4.2,#,0.25
1330180001,1997,1330180,13,601,64,#,8.4,#,0.52
1330180003,1997,1330180,13,601,64,#,4.7,#,0.34
1330180005,1997,1330180,13,601,64,#,6.5,#,0.43
1330180007,1997,1330180,13,601,64,#,7.4,#,0.78
1330180009,1997,1330180,13,601,64,#,4.5,#,0.47
1330180011,1997,1330180,13,601,64,#,3.6,#,0.31
1330180013,1997,1330180,13,601,64,#,4.4,#,0.24
1330180015,1997,1330180,13,601,64,#,4.9,#,0.29
1330180017,1997,1330180,13,601,64,#,4.3,#,0.27
1330180019,1997,1330180,13,601,64,#,5.5,#,0.31
1330180021,1997,1330180,13,601,64,#,5.1,#,0.23
1330180023,1997,1330180,13,601,64,#,4.1,#,0.2
1330190001,1997,1330190,13,601,65,#,6.9,#,0.68
1330190003,1997,1330190,13,601,65,#,6.5,#,0.33
1330200001,1997,1330200,13,601,66,#,6.1,#,0.64
1330200003,1997,1330200,13,601,66,#,5.2,#,0.28
1330210001,1997,1330210,13,601,67,#,5,#,0.53
1330210003,1997,1330210,13,601,67,#,4,#,0.22
1330220001,1997,1330220,13,601,68,#,4.7,#,0.41
1330220003,1997,1330220,13,601,68,#,4.9,#,0.27
1330230001,1997,1330230,13,601,69,#,5.2,#,0.34
1330230003,1997,1330230,13,601,69,#,4.4,#,0.26
1330230005,1997,1330230,13,601,69,#,4.2,#,0.37
1330230007,1997,1330230,13,601,69,#,5.4,#,0.45
1330230009,1997,1330230,13,601,69,#,4.7,#,0.42
1330230011,1997,1330230,13,601,69,#,4.4,#,0.31
1330230013,1997,1330230,13,601,69,#,5.3,#,0.28
1330230015,1997,1330230,13,601,69,#,4.5,#,0.24
1330230017,1997,1330230,13,601,69,#,3.9,#,0.2
1330230019,1997,1330230,13,601,69,#,5,#,0.27
1330230021,1997,1330230,13,601,69,#,4,#,0.2
1330230023,1997,1330230,13,601,69,#,4.1,#,0.17
1330240001,1997,1330240,13,601,70,#,5,#,0.31
1330240003,1997,1330240,13,601,70,#,5.1,#,0.37
1330240005,1997,1330240,13,601,70,#,5.8,#,0.45
1330240007,1997,1330240,13,601,70,#,5.7,#,0.54
1330240009,1997,1330240,13,601,70,#,4.4,#,0.43
1330240011,1997,1330240,13,601,70,#,4.1,#,0.32
1330240013,1997,1330240,13,601,70,#,3,#,0.2
1330240015,1997,1330240,13,601,70,#,3.1,#,0.21
1330240017,1997,1330240,13,601,70,#,4.1,#,0.24
1330240019,1997,1330240,13,601,70,#,3.9,#,0.23
1330240021,1997,1330240,13,601,70,#,5.2,#,0.6
1330240023,1997,1330240,13,601,70,#,3.2,#,0.15
1330250001,1997,1330250,13,601,71,#,5.2,#,0.45
1330250003,1997,1330250,13,601,71,#,3.9,#,0.22
1330260001,1997,1330260,13,601,72,#,3.5,#,0.22
1330260003,1997,1330260,13,601,72,#,3.9,#,0.29
1330260005,1997,1330260,13,601,72,#,4.2,#,0.39
1330260007,1997,1330260,13,601,72,#,4.5,#,0.38
1330260009,1997,1330260,13,601,72,#,2.9,#,0.26
1330260011,1997,1330260,13,601,72,#,2.8,#,0.26
1330260013,1997,1330260,13,601,72,#,3.1,#,0.26
1330260015,1997,1330260,13,601,72,#,2.7,#,0.18
1330260017,1997,1330260,13,601,72,#,2.9,#,0.17
1330260019,1997,1330260,13,601,72,#,3.4,#,0.2
1330260021,1997,1330260,13,601,72,#,3.3,#,0.17
1330260023,1997,1330260,13,601,72,#,2.6,#,0.12
1330270001,1997,1330270,13,601,73,#,11,#,1.7
1330270003,1997,1330270,13,601,73,#,15,#,1.3
1330280001,1997,1330280,13,601,74,#,16,#,0.96
1330280003,1997,1330280,13,601,74,#,6.1,#,0.69
1330280005,1997,1330280,13,601,74,#,14,#,0.61
1330280007,1997,1330280,13,601,74,#,11,#,1.9
1330280009,1997,1330280,13,601,74,#,9,#,1.3
1330280011,1997,1330280,13,601,74,#,9.7,#,0.81
1330280013,1997,1330280,13,601,74,#,16,#,1
1330280015,1997,1330280,13,601,74,#,13,#,1.3
1330280017,1997,1330280,13,601,74,#,15,#,1
1330280019,1997,1330280,13,601,74,#,10,#,0.81
1330280021,1997,1330280,13,601,74,#,9.4,#,0.76
1330280023,1997,1330280,13,601,74,#,12,#,1.2
1330290001,1997,1330290,13,601,75,#,8,#,0.54
1330290003,1997,1330290,13,601,75,#,6.5,#,0.67
1330290005,1997,1330290,13,601,75,#,7,#,0.44
1330290007,1997,1330290,13,601,75,#,7.6,#,0.77
1330290009,1997,1330290,13,601,75,#,5.1,#,0.6
1330290011,1997,1330290,13,601,75,#,6.1,#,0.48
1330290013,1997,1330290,13,601,75,#,6.9,#,0.46
1330290015,1997,1330290,13,601,75,#,4.9,#,0.36
1330290017,1997,1330290,13,601,75,#,5.5,#,0.34
1330290019,1997,1330290,13,601,75,#,5.8,#,0.42
1330290021,1997,1330290,13,601,75,#,6.7,#,0.46
1330290023,1997,1330290,13,601,75,#,5.1,#,0.35
1330300001,1997,1330300,13,601,76,#,15,#,0.87
1330300003,1997,1330300,13,601,76,#,9.8,#,1.3
1330300005,1997,1330300,13,601,76,#,18,#,0.55
1330300007,1997,1330300,13,601,76,#,15,#,1.1
1330300009,1997,1330300,13,601,76,#,11,#,1.3
1330300011,1997,1330300,13,601,76,#,14,#,0.74
1330300013,1997,1330300,13,601,76,#,16,#,1.6
1330300015,1997,1330300,13,601,76,#,18,#,1.3
1330300017,1997,1330300,13,601,76,#,19,#,1.1
1330300019,1997,1330300,13,601,76,#,15,#,1.3
1330300021,1997,1330300,13,601,76,#,12,#,1.1
1330300023,1997,1330300,13,601,76,#,14,#,1.1
1330310001,1997,1330310,13,601,77,#,15,#,1.2
1330310003,1997,1330310,13,601,77,#,14,#,1.2
1330320001,1997,1330320,13,601,78,#,6.7,#,0.42
1330320003,1997,1330320,13,601,78,#,5,#,0.4
1330320005,1997,1330320,13,601,78,#,5.9,#,0.42
1330320007,1997,1330320,13,601,78,#,6,#,0.52
1330320009,1997,1330320,13,601,78,#,3,#,0.26
1330320011,1997,1330320,13,601,78,#,3.9,#,0.34
1330320013,1997,1330320,13,601,78,#,4.4,#,0.33
1330320015,1997,1330320,13,601,78,#,3.6,#,0.24
1330320017,1997,1330320,13,601,78,#,4.1,#,0.23
1330320019,1997,1330320,13,601,78,#,3.5,#,0.19
1330320021,1997,1330320,13,601,78,#,8.3,#,0.42
1330320023,1997,1330320,13,601,78,#,4.3,#,0.23
1330330001,1997,1330330,13,601,79,#,3.2,#,0.4
1330330003,1997,1330330,13,601,79,#,2.8,#,0.2
1330340001,1997,1330340,13,601,80,#,10,#,0.6
1330340003,1997,1330340,13,601,80,#,7.7,#,0.53
1330340005,1997,1330340,13,601,80,#,10,#,0.63
1330340007,1997,1330340,13,601,80,#,6.9,#,0.51
1330340009,1997,1330340,13,601,80,#,7.1,#,0.42
1330340011,1997,1330340,13,601,80,#,9.4,#,0.73
1330340013,1997,1330340,13,601,80,#,8.7,#,0.44
1330340015,1997,1330340,13,601,80,#,3.2,#,0.26
1330340017,1997,1330340,13,601,80,#,9.9,#,0.47
1330340019,1997,1330340,13,601,80,#,7.8,#,0.26
1330340021,1997,1330340,13,601,80,#,11,#,0.42
1330340023,1997,1330340,13,601,80,#,12,#,0.41
1330350001,1997,1330350,13,601,81,#,9.4,#,0.81
1330350003,1997,1330350,13,601,81,#,5.9,#,0.39
1330350005,1997,1330350,13,601,81,#,8.3,#,0.8
1330350007,1997,1330350,13,601,81,#,7.7,#,0.75
1330350009,1997,1330350,13,601,81,#,7.5,#,0.64
1330350011,1997,1330350,13,601,81,#,7.7,#,0.73
1330350013,1997,1330350,13,601,81,#,9.3,#,0.93
1330350015,1997,1330350,13,601,81,#,7.1,#,0.75
1330350017,1997,1330350,13,601,81,#,8.6,#,0.94
1330350019,1997,1330350,13,601,81,#,6.2,#,0.38
1330350021,1997,1330350,13,601,81,#,9.1,#,0.6
1330350023,1997,1330350,13,601,81,#,11,#,0.61
1330370001,1997,1330370,13,602,01,#,2.4,#,0.2
1330370002,1997,1330370,13,602,01,#,1.5,#,0.11
1330370004,1997,1330370,13,602,01,#,4.4,#,0.29
1330370005,1997,1330370,13,602,01,#,1.7,#,0.11
1330370007,1997,1330370,13,602,01,#,4,#,0.26
1330370008,1997,1330370,13,602,01,#,1.3,#,0.074
1330370010,1997,1330370,13,602,01,#,1.5,#,0.13
1330370011,1997,1330370,13,602,01,#,0.95,#,0.08
1330370012,1997,1330370,13,602,01,#,2.8,#,0.23
1330370013,1997,1330370,13,602,01,#,1.2,#,0.12
1330370015,1997,1330370,13,602,01,#,3,#,0.21
1330370016,1997,1330370,13,602,01,#,1.1,#,0.14
1330370017,1997,1330370,13,602,01,#,2,#,0.14
1330370018,1997,1330370,13,602,01,#,0.81,#,0.099
1330370020,1997,1330370,13,602,01,#,1.8,#,0.14
1330370021,1997,1330370,13,602,01,#,1.1,#,0.1
1330370023,1997,1330370,13,602,01,#,1.1,#,0.1
1330370024,1997,1330370,13,602,01,#,0.97,#,0.08
1330370026,1997,1330370,13,602,01,#,2.6,#,0.17
1330370027,1997,1330370,13,602,01,#,1.1,#,0.08
1330370028,1997,1330370,13,602,01,#,1.4,#,0.09
1330370029,1997,1330370,13,602,01,#,1,#,0.075
1330370031,1997,1330370,13,602,01,#,2.1,#,0.12
1330370032,1997,1330370,13,602,01,#,0.99,#,0.065
1330380001,1997,1330380,13,602,51,#,2.6,#,0.18
1330380002,1997,1330380,13,602,51,#,1.2,#,0.084
1330380003,1997,1330380,13,602,51,#,1.8,#,0.12
1330380004,1997,1330380,13,602,51,#,1,#,0.077
1330390001,1997,1330390,13,602,52,#,2,#,0.14
1330390002,1997,1330390,13,602,52,#,1.1,#,0.086
1330390003,1997,1330390,13,602,52,#,1.2,#,0.095
1330390004,1997,1330390,13,602,52,#,1,#,0.075
1330400001,1997,1330400,13,602,53,#,1.7,#,0.13
1330400002,1997,1330400,13,602,53,#,1.6,#,0.16
1330400003,1997,1330400,13,602,53,#,1.4,#,0.11
1330400004,1997,1330400,13,602,53,#,1.4,#,0.11
1330410001,1997,1330410,13,602,55,#,1.9,#,0.14
1330410002,1997,1330410,13,602,55,#,0.91,#,0.1
1330410003,1997,1330410,13,602,55,#,1.6,#,0.12
1330410004,1997,1330410,13,602,55,#,0.88,#,0.064
1330420001,1997,1330420,13,602,56,#,1,#,0.097
1330420002,1997,1330420,13,602,56,#,0.61,#,0.076
1330420003,1997,1330420,13,602,56,#,1.5,#,0.1
1330420004,1997,1330420,13,602,56,#,0.81,#,0.064
1330440001,1997,1330440,13,603,01,#,1.8,#,0.11
1330440002,1997,1330440,13,603,01,#,1.3,#,0.079
1330440004,1997,1330440,13,603,01,#,1.5,#,0.1
1330440005,1997,1330440,13,603,01,#,1.1,#,0.056
1330440007,1997,1330440,13,603,01,#,1.2,#,0.041
1330440008,1997,1330440,13,603,01,#,0.85,#,0.042
1330440010,1997,1330440,13,603,01,#,1,#,0.075
1330440011,1997,1330440,13,603,01,#,0.69,#,0.063
1330440012,1997,1330440,13,603,01,#,1.4,#,0.12
1330440013,1997,1330440,13,603,01,#,0.71,#,0.085
1330440015,1997,1330440,13,603,01,#,1.3,#,0.14
1330440016,1997,1330440,13,603,01,#,0.62,#,0.1
1330440017,1997,1330440,13,603,01,#,0.88,#,0.09
1330440018,1997,1330440,13,603,01,#,0.66,#,0.082
1330440020,1997,1330440,13,603,01,#,1,#,0.092
1330440021,1997,1330440,13,603,01,#,0.72,#,0.072
1330440023,1997,1330440,13,603,01,#,1.5,#,0.12
1330440024,1997,1330440,13,603,01,#,0.8,#,0.064
1330440026,1997,1330440,13,603,01,#,1.1,#,0.079
1330440027,1997,1330440,13,603,01,#,0.95,#,0.07
1330440028,1997,1330440,13,603,01,#,1.4,#,0.072
1330440029,1997,1330440,13,603,01,#,1,#,0.071
1330440031,1997,1330440,13,603,01,#,1.1,#,0.062
1330440032,1997,1330440,13,603,01,#,0.74,#,0.041
1330450001,1997,1330450,13,603,02,#,3,#,0.24
1330450002,1997,1330450,13,603,02,#,0.95,#,0.06
1330450004,1997,1330450,13,603,02,#,2.1,#,0.12
1330450005,1997,1330450,13,603,02,#,1.1,#,0.088
1330450007,1997,1330450,13,603,02,#,1.5,#,0.1
1330450008,1997,1330450,13,603,02,#,1.2,#,0.14
1330450010,1997,1330450,13,603,02,#,1.4,#,0.11
1330450011,1997,1330450,13,603,02,#,0.67,#,0.065
1330450012,1997,1330450,13,603,02,#,1.6,#,0.16
1330450013,1997,1330450,13,603,02,#,0.81,#,0.12
1330450015,1997,1330450,13,603,02,#,1.9,#,0.21
1330450016,1997,1330450,13,603,02,#,0.6,#,0.12
1330450017,1997,1330450,13,603,02,#,2.5,#,0.17
1330450018,1997,1330450,13,603,02,#,0.74,#,0.073
1330450020,1997,1330450,13,603,02,#,2.1,#,0.15
1330450021,1997,1330450,13,603,02,#,0.7,#,0.071
1330450023,1997,1330450,13,603,02,#,2.3,#,0.15
1330450024,1997,1330450,13,603,02,#,0.76,#,0.063
1330450026,1997,1330450,13,603,02,#,2,#,0.13
1330450027,1997,1330450,13,603,02,#,0.98,#,0.07
1330450028,1997,1330450,13,603,02,#,1.8,#,0.1
1330450029,1997,1330450,13,603,02,#,1.4,#,0.085
1330450031,1997,1330450,13,603,02,#,2.7,#,0.14
1330450032,1997,1330450,13,603,02,#,0.8,#,0.049
1330460001,1997,1330460,13,603,51,#,1.4,#,0.11
1330460002,1997,1330460,13,603,51,#,0.94,#,0.1
1330460003,1997,1330460,13,603,51,#,1.9,#,0.11
1330460004,1997,1330460,13,603,51,#,1.1,#,0.076
1330470001,1997,1330470,13,603,52,#,1.3,#,0.1
1330470002,1997,1330470,13,603,52,#,0.75,#,0.058
1330470003,1997,1330470,13,603,52,#,1.5,#,0.1
1330470004,1997,1330470,13,603,52,#,1,#,0.079
1330480001,1997,1330480,13,603,53,#,2.4,#,0.18
1330480002,1997,1330480,13,603,53,#,0.85,#,0.063
1330480003,1997,1330480,13,603,53,#,1.3,#,0.099
1330480004,1997,1330480,13,603,53,#,1,#,0.075
1330490001,1997,1330490,13,603,54,#,1.5,#,0.12
1330490002,1997,1330490,13,603,54,#,0.8,#,0.083
1330490003,1997,1330490,13,603,54,#,1.9,#,0.14
1330490004,1997,1330490,13,603,54,#,1,#,0.076
1330500001,1997,1330500,13,603,55,#,1.5,#,0.12
1330500002,1997,1330500,13,603,55,#,0.77,#,0.073
1330500003,1997,1330500,13,603,55,#,2,#,0.12
1330500004,1997,1330500,13,603,55,#,1,#,0.074
1330510001,1997,1330510,13,603,56,#,1.2,#,0.1
1330510002,1997,1330510,13,603,56,#,0.7,#,0.076
1330510003,1997,1330510,13,603,56,#,1.3,#,0.092
1330510004,1997,1330510,13,603,56,#,1,#,0.069
1330520001,1997,1330520,13,603,57,#,2,#,0.16
1330520002,1997,1330520,13,603,57,#,0.96,#,0.086
1330520003,1997,1330520,13,603,57,#,1.6,#,0.11
1330520004,1997,1330520,13,603,57,#,1.2,#,0.089
1330530001,1997,1330530,13,603,58,#,1.3,#,0.11
1330530002,1997,1330530,13,603,58,#,0.53,#,0.058
1330530003,1997,1330530,13,603,58,#,1.4,#,0.095
1330530004,1997,1330530,13,603,58,#,1,#,0.068
1330540001,1997,1330540,13,603,59,#,0.79,#,0.069
1330540002,1997,1330540,13,603,59,#,0.61,#,0.065
1330540003,1997,1330540,13,603,59,#,1,#,0.077
1330540004,1997,1330540,13,603,59,#,0.91,#,0.07
1330560001,1997,1330560,13,603,61,#,1.9,#,0.15
1330560002,1997,1330560,13,603,61,#,0.59,#,0.072
1330560003,1997,1330560,13,603,61,#,1.4,#,0.1
1330560004,1997,1330560,13,603,61,#,0.71,#,0.056
1330570001,1997,1330570,13,603,62,#,1.3,#,0.11
1330570002,1997,1330570,13,603,62,#,0.56,#,0.06
1330570003,1997,1330570,13,603,62,#,0.95,#,0.071
1330570004,1997,1330570,13,603,62,#,0.63,#,0.054
1330580001,1997,1330580,13,603,63,#,0.88,#,0.079
1330580002,1997,1330580,13,603,63,#,0.54,#,0.091
1330580003,1997,1330580,13,603,63,#,1,#,0.079
1330580004,1997,1330580,13,603,63,#,0.68,#,0.054
1330590001,1997,1330590,13,603,64,#,0.93,#,0.075
1330590002,1997,1330590,13,603,64,#,0.65,#,0.09
1330590003,1997,1330590,13,603,64,#,0.95,#,0.07
1330590004,1997,1330590,13,603,64,#,0.65,#,0.051
1330600001,1997,1330600,13,604,01,#,2.7,#,0.17
1330600002,1997,1330600,13,604,01,#,0.91,#,0.052
1330600004,1997,1330600,13,604,01,#,1.4,#,0.083
1330600005,1997,1330600,13,604,01,#,0.8,#,0.06
1330600007,1997,1330600,13,604,01,#,0.97,#,0.053
1330600008,1997,1330600,13,604,01,#,0.73,#,0.12
1330600010,1997,1330600,13,604,01,#,0.9,#,0.073
1330600011,1997,1330600,13,604,01,#,0.54,#,0.1
1330600012,1997,1330600,13,604,01,#,1,#,0.1
1330600013,1997,1330600,13,604,01,#,0.46,#,0.13
1330600015,1997,1330600,13,604,01,#,0.8,#,0.084
1330600016,1997,1330600,13,604,01,#,0.61,#,0.11
1330600017,1997,1330600,13,604,01,#,0.87,#,0.084
1330600018,1997,1330600,13,604,01,#,0.48,#,0.059
1330600020,1997,1330600,13,604,01,#,1.3,#,0.099
1330600021,1997,1330600,13,604,01,#,0.56,#,0.05
1330600023,1997,1330600,13,604,01,#,1,#,0.085
1330600024,1997,1330600,13,604,01,#,0.67,#,0.059
1330600026,1997,1330600,13,604,01,#,0.97,#,0.068
1330600027,1997,1330600,13,604,01,#,0.67,#,0.048
1330600028,1997,1330600,13,604,01,#,1.1,#,0.071
1330600029,1997,1330600,13,604,01,#,0.81,#,0.059
1330600031,1997,1330600,13,604,01,#,0.86,#,0.046
1330600032,1997,1330600,13,604,01,#,0.74,#,0.064
