レコードID,測定年度,絶対番号,都道府県コード,水域コード,地点コード,全窒素_C,全窒素(mg/l),全燐_C,全燐(mg/l)
1310010001,1999,1310010,13,001,01,#,3.37,#,0.267
1310010005,1999,1310010,13,001,01,#,1.96,#,0.125
1310010009,1999,1310010,13,001,01,#,2.07,#,0.116
1310010013,1999,1310010,13,001,01,#,3.02,#,0.319
1310010021,1999,1310010,13,001,01,#,2.79,#,0.119
1310010025,1999,1310010,13,001,01,#,3.2,#,0.089
1310010029,1999,1310010,13,001,01,#,3.16,#,0.077
1310010033,1999,1310010,13,001,01,#,3.52,#,0.101
1310010037,1999,1310010,13,001,01,#,3.54,#,0.139
1310010045,1999,1310010,13,001,01,#,2.7,#,0.072
1310010049,1999,1310010,13,001,01,#,3.31,#,0.134
1310010053,1999,1310010,13,001,01,#,3.02,#,0.135
1310020001,1999,1310020,13,001,51,#,3.09,#,0.117
1310020002,1999,1310020,13,001,51,#,2,#,0.068
1310020003,1999,1310020,13,001,51,#,2.77,#,0.09
1310020004,1999,1310020,13,001,51,#,3.16,#,0.147
1310020005,1999,1310020,13,001,51,#,3.16,#,0.11
1310020006,1999,1310020,13,001,51,#,3.49,#,0.089
1310020007,1999,1310020,13,001,51,#,3.65,#,0.065
1310020008,1999,1310020,13,001,51,#,3.77,#,0.087
1310020009,1999,1310020,13,001,51,#,3.52,#,0.119
1310020010,1999,1310020,13,001,51,#,2.65,#,0.072
1310020011,1999,1310020,13,001,51,#,3.26,#,0.113
1310020012,1999,1310020,13,001,51,#,3.43,#,0.119
1310030001,1999,1310030,13,002,01,#,3.06,#,0.249
1310030005,1999,1310030,13,002,01,#,2.02,#,0.12
1310030009,1999,1310030,13,002,01,#,1.84,#,0.077
1310030013,1999,1310030,13,002,01,#,2.5,#,0.122
1310030021,1999,1310030,13,002,01,#,2.62,#,0.104
1310030025,1999,1310030,13,002,01,#,3.39,#,0.099
1310030029,1999,1310030,13,002,01,#,3.1,#,0.074
1310030033,1999,1310030,13,002,01,#,3.52,#,0.096
1310030037,1999,1310030,13,002,01,#,3.54,#,0.146
1310030045,1999,1310030,13,002,01,#,2.98,#,0.09
1310030049,1999,1310030,13,002,01,#,3.61,#,0.152
1310030053,1999,1310030,13,002,01,#,3.25,#,0.144
1310040001,1999,1310040,13,002,51,#,3.24,#,0.249
1310040004,1999,1310040,13,002,51,#,2.02,#,0.107
1310040007,1999,1310040,13,002,51,#,2.01,#,0.098
1310040010,1999,1310040,13,002,51,#,2.5,#,0.118
1310040013,1999,1310040,13,002,51,#,2.73,#,0.095
1310040016,1999,1310040,13,002,51,#,3.51,#,0.099
1310040019,1999,1310040,13,002,51,#,3.04,#,0.087
1310040022,1999,1310040,13,002,51,#,3.58,#,0.103
1310040025,1999,1310040,13,002,51,#,3.71,#,0.162
1310040028,1999,1310040,13,002,51,#,2.87,#,0.078
1310040031,1999,1310040,13,002,51,#,3.49,#,0.152
1310040034,1999,1310040,13,002,51,#,3.25,#,0.143
1310060001,1999,1310060,13,003,01,#,4.02,#,0.127
1310060006,1999,1310060,13,003,01,#,3.1,#,0.129
1310060011,1999,1310060,13,003,01,#,3.78,#,0.145
1310060016,1999,1310060,13,003,01,#,3.13,#,0.184
1310060021,1999,1310060,13,003,01,#,3.58,#,0.155
1310060026,1999,1310060,13,003,01,#,3.99,#,0.132
1310060031,1999,1310060,13,003,01,#,3.95,#,0.096
1310060036,1999,1310060,13,003,01,#,3.92,#,0.097
1310060041,1999,1310060,13,003,01,#,4.07,#,0.15
1310060046,1999,1310060,13,003,01,#,4.61,#,0.17
1310060051,1999,1310060,13,003,01,#,4.45,#,0.145
1310060056,1999,1310060,13,003,01,#,4.85,#,0.225
1310070001,1999,1310070,13,003,51,#,5.23,#,0.165
1310070002,1999,1310070,13,003,51,#,5.72,#,0.194
1310070003,1999,1310070,13,003,51,#,6.64,#,0.153
1310070004,1999,1310070,13,003,51,#,2.98,#,0.179
1310070005,1999,1310070,13,003,51,#,5.93,#,0.17
1310070006,1999,1310070,13,003,51,#,5.48,#,0.123
1310070007,1999,1310070,13,003,51,#,4.58,#,0.129
1310070008,1999,1310070,13,003,51,#,3.6,#,0.104
1310070009,1999,1310070,13,003,51,#,5.59,#,0.312
1310070010,1999,1310070,13,003,51,#,5.64,#,0.173
1310070011,1999,1310070,13,003,51,#,5.53,#,0.177
1310070012,1999,1310070,13,003,51,#,5.38,#,0.21
1310090002,1999,1310090,13,004,01,#,6.61,#,0.45
1310090007,1999,1310090,13,004,01,#,3.62,#,0.23
1310090010,1999,1310090,13,004,01,#,3.07,#,0.167
1310090014,1999,1310090,13,004,01,#,4.01,#,0.146
1310090022,1999,1310090,13,004,01,#,3.53,#,0.195
1310090026,1999,1310090,13,004,01,#,4.51,#,0.216
1310090030,1999,1310090,13,004,01,#,6.13,#,0.276
1310090034,1999,1310090,13,004,01,#,7.42,#,0.26
1310090038,1999,1310090,13,004,01,#,10.3,#,0.553
1310090042,1999,1310090,13,004,01,#,9.31,#,0.463
1310090050,1999,1310090,13,004,01,#,11.3,#,0.484
1310090054,1999,1310090,13,004,01,#,12.7,#,0.731
1310100001,1999,1310100,13,004,02,#,5.39,#,0.294
1310100006,1999,1310100,13,004,02,#,4.38,#,0.21
1310100011,1999,1310100,13,004,02,#,4.16,#,0.278
1310100016,1999,1310100,13,004,02,#,3.13,#,0.306
1310100021,1999,1310100,13,004,02,#,3.34,#,0.266
1310100026,1999,1310100,13,004,02,#,3.85,#,0.171
1310100031,1999,1310100,13,004,02,#,4.61,#,0.266
1310100036,1999,1310100,13,004,02,#,3.28,#,0.21
1310100041,1999,1310100,13,004,02,#,5.3,#,0.273
1310100046,1999,1310100,13,004,02,#,5.18,#,0.284
1310100051,1999,1310100,13,004,02,#,3.25,#,0.2
1310100056,1999,1310100,13,004,02,#,4.87,#,0.267
1310110002,1999,1310110,13,004,51,#,7.15,#,0.516
1310110005,1999,1310110,13,004,51,#,3.79,#,0.209
1310110008,1999,1310110,13,004,51,#,3.07,#,0.179
1310110011,1999,1310110,13,004,51,#,4.06,#,0.168
1310110014,1999,1310110,13,004,51,#,4.23,#,0.192
1310110017,1999,1310110,13,004,51,#,4.81,#,0.229
1310110020,1999,1310110,13,004,51,#,5.43,#,0.217
1310110023,1999,1310110,13,004,51,#,7.12,#,0.276
1310110026,1999,1310110,13,004,51,#,10,#,0.415
1310110029,1999,1310110,13,004,51,#,8.83,#,0.43
1310110032,1999,1310110,13,004,51,#,10,#,0.455
1310110035,1999,1310110,13,004,51,#,12.4,#,0.727
1310140002,1999,1310140,13,005,01,#,5.22,#,0.538
1310140005,1999,1310140,13,005,01,#,3.91,#,0.534
1310140008,1999,1310140,13,005,01,#,3.49,#,0.316
1310140011,1999,1310140,13,005,01,#,4.69,#,0.226
1310140025,1999,1310140,13,005,01,#,3.88,#,0.312
1310140028,1999,1310140,13,005,01,#,4.16,#,0.531
1310140031,1999,1310140,13,005,01,#,5.72,#,0.405
1310140034,1999,1310140,13,005,01,#,6.11,#,0.602
1310140037,1999,1310140,13,005,01,#,6.74,#,0.671
1310140040,1999,1310140,13,005,01,#,5.19,#,0.432
1310140054,1999,1310140,13,005,01,#,7.37,#,0.797
1310140057,1999,1310140,13,005,01,#,7.68,#,0.893
1310160002,1999,1310160,13,005,52,#,7.43,#,0.569
1310160004,1999,1310160,13,005,52,#,4.63,#,0.288
1310160007,1999,1310160,13,005,52,#,5.26,#,0.37
1310160010,1999,1310160,13,005,52,#,4.28,#,0.348
1310160013,1999,1310160,13,005,52,#,3.61,#,0.352
1310160016,1999,1310160,13,005,52,#,3.9,#,0.397
1310160020,1999,1310160,13,005,52,#,7.78,#,0.542
1310160022,1999,1310160,13,005,52,#,5.11,#,0.25
1310160025,1999,1310160,13,005,52,#,7.19,#,0.38
1310160028,1999,1310160,13,005,52,#,7.58,#,0.36
1310160032,1999,1310160,13,005,52,#,11.1,#,0.456
1310160035,1999,1310160,13,005,52,#,11.5,#,0.567
1310180002,1999,1310180,13,006,01,#,8.1,#,0.376
1310180005,1999,1310180,13,006,01,#,6.96,#,0.33
1310180009,1999,1310180,13,006,01,#,7.93,#,0.394
1310180013,1999,1310180,13,006,01,#,4.12,#,0.182
1310180017,1999,1310180,13,006,01,#,4.69,#,0.286
1310180026,1999,1310180,13,006,01,#,6.91,#,0.259
1310180030,1999,1310180,13,006,01,#,8.12,#,0.419
1310180034,1999,1310180,13,006,01,#,7.76,#,0.309
1310180038,1999,1310180,13,006,01,#,7.92,#,0.355
1310180042,1999,1310180,13,006,01,#,8.39,#,0.517
1310180046,1999,1310180,13,006,01,#,12.1,#,0.603
1310180055,1999,1310180,13,006,01,#,10.6,#,0.538
1310190002,1999,1310190,13,006,02,#,5.7,#,0.285
1310190005,1999,1310190,13,006,02,#,3.8,#,0.182
1310190009,1999,1310190,13,006,02,#,5.58,#,0.387
1310190013,1999,1310190,13,006,02,#,3.4,#,0.166
1310190017,1999,1310190,13,006,02,#,4.04,#,0.188
1310190026,1999,1310190,13,006,02,#,4.51,#,0.238
1310190030,1999,1310190,13,006,02,#,5.24,#,0.245
1310190034,1999,1310190,13,006,02,#,1.63,#,0.136
1310190038,1999,1310190,13,006,02,#,2.52,#,0.16
1310190042,1999,1310190,13,006,02,#,4.36,#,0.288
1310190046,1999,1310190,13,006,02,#,4.37,#,0.233
1310190055,1999,1310190,13,006,02,#,2.08,#,0.133
1310200001,1999,1310200,13,006,51,#,7.1,#,0.247
1310200004,1999,1310200,13,006,51,#,8.88,#,0.374
1310200007,1999,1310200,13,006,51,#,7.13,#,0.297
1310200010,1999,1310200,13,006,51,#,2.97,#,0.116
1310200013,1999,1310200,13,006,51,#,3.96,#,0.138
1310200016,1999,1310200,13,006,51,#,7.51,#,0.199
1310200019,1999,1310200,13,006,51,#,7.84,#,0.163
1310200022,1999,1310200,13,006,51,#,8.64,#,0.305
1310200025,1999,1310200,13,006,51,#,9.61,#,0.41
1310200028,1999,1310200,13,006,51,#,8.71,#,0.475
1310200031,1999,1310200,13,006,51,#,12.5,#,0.605
1310200034,1999,1310200,13,006,51,#,13.1,#,0.823
1310210002,1999,1310210,13,006,52,#,8.8,#,0.417
1310210004,1999,1310210,13,006,52,#,7.76,#,0.376
1310210007,1999,1310210,13,006,52,#,7.72,#,0.35
1310210010,1999,1310210,13,006,52,#,4.16,#,0.189
1310210013,1999,1310210,13,006,52,#,3.59,#,0.206
1310210016,1999,1310210,13,006,52,#,8.22,#,0.313
1310210019,1999,1310210,13,006,52,#,6.66,#,0.243
1310210022,1999,1310210,13,006,52,#,9.12,#,0.396
1310210025,1999,1310210,13,006,52,#,9.26,#,0.377
1310210028,1999,1310210,13,006,52,#,9.38,#,0.539
1310210031,1999,1310210,13,006,52,#,12.3,#,0.633
1310210034,1999,1310210,13,006,52,#,13.3,#,0.782
1310220001,1999,1310220,13,006,53,#,7.1,#,0.344
1310220004,1999,1310220,13,006,53,#,4.82,#,0.274
1310220007,1999,1310220,13,006,53,#,7.36,#,0.449
1310220010,1999,1310220,13,006,53,#,3.74,#,0.173
1310220013,1999,1310220,13,006,53,#,3.88,#,0.195
1310220016,1999,1310220,13,006,53,#,6.11,#,0.263
1310220019,1999,1310220,13,006,53,#,6.58,#,0.304
1310220022,1999,1310220,13,006,53,#,5.24,#,0.246
1310220025,1999,1310220,13,006,53,#,5.79,#,0.268
1310220028,1999,1310220,13,006,53,#,6,#,0.369
1310220031,1999,1310220,13,006,53,#,8.36,#,0.428
1310220034,1999,1310220,13,006,53,#,7.25,#,0.361
1310230001,1999,1310230,13,007,01,#,9.45,#,0.522
1310230006,1999,1310230,13,007,01,#,8.7,#,0.399
1310230011,1999,1310230,13,007,01,#,8.59,#,0.651
1310230016,1999,1310230,13,007,01,#,4.88,#,0.404
1310230021,1999,1310230,13,007,01,#,8.82,#,0.442
1310230026,1999,1310230,13,007,01,#,6.77,#,0.274
1310230031,1999,1310230,13,007,01,#,5.89,#,0.307
1310230036,1999,1310230,13,007,01,#,9.6,#,0.245
1310230041,1999,1310230,13,007,01,#,8.53,#,0.42
1310230046,1999,1310230,13,007,01,#,6.9,#,0.306
1310230051,1999,1310230,13,007,01,#,6.92,#,0.325
1310230056,1999,1310230,13,007,01,#,7.79,#,0.367
1310240001,1999,1310240,13,007,02,#,14,#,0.865
1310240006,1999,1310240,13,007,02,#,8.95,#,0.423
1310240011,1999,1310240,13,007,02,#,11.9,#,0.684
1310240016,1999,1310240,13,007,02,#,5.35,#,0.3
1310240021,1999,1310240,13,007,02,#,8.38,#,0.457
1310240026,1999,1310240,13,007,02,#,8.7,#,0.358
1310240031,1999,1310240,13,007,02,#,10.8,#,0.513
1310240036,1999,1310240,13,007,02,#,12.1,#,0.435
1310240041,1999,1310240,13,007,02,#,13.7,#,0.759
1310240046,1999,1310240,13,007,02,#,15.7,#,0.641
1310240051,1999,1310240,13,007,02,#,17.7,#,0.794
1310240056,1999,1310240,13,007,02,#,16.7,#,0.965
1310250001,1999,1310250,13,007,51,#,9.2,#,0.381
1310250004,1999,1310250,13,007,51,#,8.6,#,0.435
1310250007,1999,1310250,13,007,51,#,7.68,#,0.352
1310250010,1999,1310250,13,007,51,#,4.31,#,0.175
1310250013,1999,1310250,13,007,51,#,4.56,#,0.165
1310250016,1999,1310250,13,007,51,#,10.2,#,0.424
1310250019,1999,1310250,13,007,51,#,9.71,#,0.567
1310250022,1999,1310250,13,007,51,#,11.1,#,0.464
1310250025,1999,1310250,13,007,51,#,10.4,#,0.467
1310250028,1999,1310250,13,007,51,#,11,#,0.733
1310250031,1999,1310250,13,007,51,#,16.6,#,0.909
1310250034,1999,1310250,13,007,51,#,14.5,#,0.839
1310260001,1999,1310260,13,007,53,#,11.1,#,0.576
1310260005,1999,1310260,13,007,53,#,8.27,#,0.399
1310260007,1999,1310260,13,007,53,#,10.1,#,0.485
1310260010,1999,1310260,13,007,53,#,4.5,#,0.274
1310260013,1999,1310260,13,007,53,#,8.48,#,0.412
1310260016,1999,1310260,13,007,53,#,7.63,#,0.378
1310260019,1999,1310260,13,007,53,#,8.11,#,0.36
1310260022,1999,1310260,13,007,53,#,11.9,#,0.322
1310260025,1999,1310260,13,007,53,#,10.3,#,0.437
1310260028,1999,1310260,13,007,53,#,10.5,#,0.401
1310260031,1999,1310260,13,007,53,#,11.6,#,0.451
1310260034,1999,1310260,13,007,53,#,12.7,#,0.557
1310290001,1999,1310290,13,008,01,#,8.89,#,0.845
1310290004,1999,1310290,13,008,01,#,7.55,#,0.695
1310290007,1999,1310290,13,008,01,#,7.12,#,0.894
1310290010,1999,1310290,13,008,01,#,4.6,#,0.3
1310290013,1999,1310290,13,008,01,#,6.14,#,0.837
1310290016,1999,1310290,13,008,01,#,5.34,#,0.563
1310290019,1999,1310290,13,008,01,#,5.16,#,0.451
1310290022,1999,1310290,13,008,01,#,4.61,#,0.496
1310290025,1999,1310290,13,008,01,#,8.13,#,0.733
1310290028,1999,1310290,13,008,01,#,9.3,#,0.831
1310290031,1999,1310290,13,008,01,#,9.1,#,0.721
1310290034,1999,1310290,13,008,01,#,7.22,#,0.479
1310300001,1999,1310300,13,009,01,#,11.2,#,1.05
1310300004,1999,1310300,13,009,01,#,10.3,#,0.841
1310300007,1999,1310300,13,009,01,#,9.76,#,1.27
1310300010,1999,1310300,13,009,01,#,9.03,#,0.634
1310300013,1999,1310300,13,009,01,#,7.86,#,1.04
1310300016,1999,1310300,13,009,01,#,8.86,#,0.808
1310300019,1999,1310300,13,009,01,#,10.2,#,1.17
1310300022,1999,1310300,13,009,01,#,10,#,0.976
1310300025,1999,1310300,13,009,01,#,5.74,#,0.68
1310300028,1999,1310300,13,009,01,#,10.2,#,1.02
1310300031,1999,1310300,13,009,01,#,16.5,#,1.28
1310300034,1999,1310300,13,009,01,#,8.39,#,0.641
1310310001,1999,1310310,13,010,01,#,2.89,#,0.219
1310310002,1999,1310310,13,010,01,#,3.38,#,0.188
1310310003,1999,1310310,13,010,01,#,2.98,#,0.306
1310310004,1999,1310310,13,010,01,#,5.08,#,0.147
1310310005,1999,1310310,13,010,01,#,4.38,#,0.522
1310310006,1999,1310310,13,010,01,#,5.9,#,0.179
1310310007,1999,1310310,13,010,01,#,3.66,#,0.356
1310310008,1999,1310310,13,010,01,#,1.7,#,0.28
1310310009,1999,1310310,13,010,01,#,2.55,#,0.189
1310310010,1999,1310310,13,010,01,#,3.9,#,0.233
1310310011,1999,1310310,13,010,01,#,3.49,#,0.163
1310310012,1999,1310310,13,010,01,#,3.54,#,0.21
1310320001,1999,1310320,13,011,01,#,8.02,#,0.469
1310320005,1999,1310320,13,011,01,#,3.02,#,0.412
1310320007,1999,1310320,13,011,01,#,4.46,#,0.544
1310320010,1999,1310320,13,011,01,#,3.15,#,0.393
1310320013,1999,1310320,13,011,01,#,4.28,#,0.743
1310320016,1999,1310320,13,011,01,#,3.83,#,0.427
1310320019,1999,1310320,13,011,01,#,5.04,#,0.471
1310320022,1999,1310320,13,011,01,#,3.71,#,0.485
1310320025,1999,1310320,13,011,01,#,4.93,#,0.415
1310320028,1999,1310320,13,011,01,#,4.55,#,0.354
1310320031,1999,1310320,13,011,01,#,7.46,#,0.472
1310320034,1999,1310320,13,011,01,#,8.48,#,0.676
1310330001,1999,1310330,13,012,01,#,10.6,#,1.16
1310330005,1999,1310330,13,012,01,#,7.42,#,1.01
1310330007,1999,1310330,13,012,01,#,8.21,#,1.19
1310330010,1999,1310330,13,012,01,#,6.43,#,0.32
1310330013,1999,1310330,13,012,01,#,8.5,#,1.2
1310330016,1999,1310330,13,012,01,#,7.71,#,0.651
1310330019,1999,1310330,13,012,01,#,9.08,#,1.19
1310330022,1999,1310330,13,012,01,#,5.47,#,0.946
1310330025,1999,1310330,13,012,01,#,8.31,#,0.946
1310330028,1999,1310330,13,012,01,#,12,#,1.27
1310330031,1999,1310330,13,012,01,#,13.5,#,1.22
1310330034,1999,1310330,13,012,01,#,8.16,#,0.734
1310340001,1999,1310340,13,013,01,#,0.75,#,0.011
1310340006,1999,1310340,13,013,01,#,0.64,#,0.011
1310340011,1999,1310340,13,013,01,#,0.62,#,0.009
1310340016,1999,1310340,13,013,01,#,0.87,#,0.012
1310340021,1999,1310340,13,013,01,#,0.73,#,0.012
1310340026,1999,1310340,13,013,01,#,0.79,#,0.021
1310340031,1999,1310340,13,013,01,#,0.68,#,0.012
1310340036,1999,1310340,13,013,01,#,0.87,#,0.025
1310340041,1999,1310340,13,013,01,#,0.71,#,0.009
1310340046,1999,1310340,13,013,01,#,0.58,#,0.006
1310340051,1999,1310340,13,013,01,#,0.62,#,0.008
1310340056,1999,1310340,13,013,01,#,0.53,#,0.009
1310370001,1999,1310370,13,014,01,#,2.01,#,0.021
1310370005,1999,1310370,13,014,01,#,2.02,#,0.011
1310370009,1999,1310370,13,014,01,#,1.51,#,0.016
1310370013,1999,1310370,13,014,01,#,2.01,#,0.013
1310370017,1999,1310370,13,014,01,#,1.88,#,0.012
1310370025,1999,1310370,13,014,01,#,1.62,#,0.031
1310370029,1999,1310370,13,014,01,#,1.08,#,0.019
1310370033,1999,1310370,13,014,01,#,1.99,#,0.015
1310370037,1999,1310370,13,014,01,#,1.13,#,0.017
1310370041,1999,1310370,13,014,01,#,1.13,#,0.011
1310370045,1999,1310370,13,014,01,#,1.11,#,0.022
1310370053,1999,1310370,13,014,01,#,0.9,#,0.02
1310380001,1999,1310380,13,014,51,#,0.92,#,0.014
1310380004,1999,1310380,13,014,51,#,0.85,#,0.01
1310380007,1999,1310380,13,014,51,#,0.82,#,0.01
1310380010,1999,1310380,13,014,51,#,1.05,#,0.008
1310380013,1999,1310380,13,014,51,#,1.06,#,0.01
1310380016,1999,1310380,13,014,51,#,0.91,#,0.012
1310380019,1999,1310380,13,014,51,#,0.69,#,0.01
1310380022,1999,1310380,13,014,51,#,0.85,#,0.01
1310380025,1999,1310380,13,014,51,#,0.72,#,0.01
1310380028,1999,1310380,13,014,51,#,0.67,#,0.008
1310380031,1999,1310380,13,014,51,#,0.62,#,0.011
1310380034,1999,1310380,13,014,51,#,0.54,#,0.015
1310390001,1999,1310390,13,014,52,#,0.86,#,0.013
1310390002,1999,1310390,13,014,52,#,0.61,#,0.008
1310390003,1999,1310390,13,014,52,#,0.68,#,0.012
1310390004,1999,1310390,13,014,52,#,0.91,#,0.012
1310390005,1999,1310390,13,014,52,#,0.6,#,0.012
1310390006,1999,1310390,13,014,52,#,0.79,#,0.018
1310390007,1999,1310390,13,014,52,#,0.66,#,0.011
1310390008,1999,1310390,13,014,52,#,1.02,#,0.018
1310390009,1999,1310390,13,014,52,#,0.71,#,0.008
1310390010,1999,1310390,13,014,52,#,0.55,#,0.006
1310390011,1999,1310390,13,014,52,#,0.61,#,0.024
1310390012,1999,1310390,13,014,52,#,0.56,#,0.02
1310400001,1999,1310400,13,014,53,#,1.95,#,0.025
1310400002,1999,1310400,13,014,53,#,1.7,#,0.013
1310400003,1999,1310400,13,014,53,#,1.56,#,0.017
1310400004,1999,1310400,13,014,53,#,1.87,#,0.015
1310400005,1999,1310400,13,014,53,#,1.62,#,0.024
1310400006,1999,1310400,13,014,53,#,1.44,#,0.018
1310400007,1999,1310400,13,014,53,#,1.21,#,0.014
1310400008,1999,1310400,13,014,53,#,1.7,#,0.018
1310400009,1999,1310400,13,014,53,#,1.15,#,0.01
1310400010,1999,1310400,13,014,53,#,0.9,#,0.007
1310400011,1999,1310400,13,014,53,#,1.06,#,0.01
1310400012,1999,1310400,13,014,53,#,0.75,#,0.008
1310410001,1999,1310410,13,015,01,#,6.72,#,0.582
1310410006,1999,1310410,13,015,01,#,6.3,#,0.642
1310410011,1999,1310410,13,015,01,#,7.27,#,0.799
1310410016,1999,1310410,13,015,01,#,4.88,#,0.406
1310410021,1999,1310410,13,015,01,#,5.63,#,0.573
1310410026,1999,1310410,13,015,01,#,4.81,#,0.352
1310410031,1999,1310410,13,015,01,#,4.72,#,0.485
1310410036,1999,1310410,13,015,01,#,6.31,#,0.519
1310410041,1999,1310410,13,015,01,#,7.75,#,0.672
1310410046,1999,1310410,13,015,01,#,9.04,#,0.891
1310410051,1999,1310410,13,015,01,#,9.15,#,0.829
1310410056,1999,1310410,13,015,01,#,9.55,#,0.904
1310420001,1999,1310420,13,015,02,#,5.53,#,0.439
1310420006,1999,1310420,13,015,02,#,5.36,#,0.407
1310420011,1999,1310420,13,015,02,#,5.93,#,0.488
1310420016,1999,1310420,13,015,02,#,4.52,#,0.266
1310420021,1999,1310420,13,015,02,#,4.96,#,0.364
1310420030,1999,1310420,13,015,02,#,4.49,#,0.268
1310420035,1999,1310420,13,015,02,#,4.92,#,0.384
1310420040,1999,1310420,13,015,02,#,5.58,#,0.42
1310420045,1999,1310420,13,015,02,#,6.64,#,0.419
1310420050,1999,1310420,13,015,02,#,7.73,#,0.495
1310420055,1999,1310420,13,015,02,#,8.79,#,0.733
1310420064,1999,1310420,13,015,02,#,8.78,#,0.696
1310430001,1999,1310430,13,015,51,#,4.68,#,0.442
1310430006,1999,1310430,13,015,51,#,5.08,#,0.419
1310430011,1999,1310430,13,015,51,#,5.39,#,0.556
1310430016,1999,1310430,13,015,51,#,3.25,#,0.243
1310430021,1999,1310430,13,015,51,#,3.85,#,0.335
1310430026,1999,1310430,13,015,51,#,3.34,#,0.196
1310430031,1999,1310430,13,015,51,#,2.19,#,0.33
1310430036,1999,1310430,13,015,51,#,4.82,#,0.397
1310430041,1999,1310430,13,015,51,#,5.68,#,0.562
1310430046,1999,1310430,13,015,51,#,8.84,#,1.25
1310430051,1999,1310430,13,015,51,#,6.95,#,0.816
1310430056,1999,1310430,13,015,51,#,8.39,#,0.892
1310440001,1999,1310440,13,015,52,#,5.91,#,0.455
1310440006,1999,1310440,13,015,52,#,6.69,#,0.415
1310440011,1999,1310440,13,015,52,#,5.82,#,0.435
1310440016,1999,1310440,13,015,52,#,4.09,#,0.228
1310440021,1999,1310440,13,015,52,#,6.01,#,0.483
1310440026,1999,1310440,13,015,52,#,4.38,#,0.25
1310440031,1999,1310440,13,015,52,#,2.22,#,0.338
1310440036,1999,1310440,13,015,52,#,5.79,#,0.389
1310440041,1999,1310440,13,015,52,#,6.85,#,0.498
1310440046,1999,1310440,13,015,52,#,8.28,#,0.866
1310440051,1999,1310440,13,015,52,#,7.79,#,0.713
1310440056,1999,1310440,13,015,52,#,9.11,#,0.819
1310450001,1999,1310450,13,015,53,#,6.26,#,0.508
1310450006,1999,1310450,13,015,53,#,6.21,#,0.475
1310450011,1999,1310450,13,015,53,#,6.34,#,0.513
1310450016,1999,1310450,13,015,53,#,4.77,#,0.254
1310450021,1999,1310450,13,015,53,#,6.7,#,0.419
1310450026,1999,1310450,13,015,53,#,4.71,#,0.361
1310450031,1999,1310450,13,015,53,#,2.36,#,0.415
1310450036,1999,1310450,13,015,53,#,5.11,#,0.455
1310450041,1999,1310450,13,015,53,#,7.21,#,0.482
1310450046,1999,1310450,13,015,53,#,8.17,#,0.896
1310450051,1999,1310450,13,015,53,#,8.06,#,0.77
1310450056,1999,1310450,13,015,53,#,9.65,#,0.724
1310460001,1999,1310460,13,015,54,#,7.56,#,0.494
1310460006,1999,1310460,13,015,54,#,5.67,#,0.499
1310460011,1999,1310460,13,015,54,#,6.52,#,0.612
1310460016,1999,1310460,13,015,54,#,4.24,#,0.314
1310460021,1999,1310460,13,015,54,#,5.08,#,0.459
1310460026,1999,1310460,13,015,54,#,4.77,#,0.311
1310460031,1999,1310460,13,015,54,#,4.61,#,0.455
1310460036,1999,1310460,13,015,54,#,6.15,#,0.503
1310460041,1999,1310460,13,015,54,#,7.52,#,0.626
1310460046,1999,1310460,13,015,54,#,8.52,#,0.814
1310460051,1999,1310460,13,015,54,#,9.43,#,0.837
1310460056,1999,1310460,13,015,54,#,9.47,#,0.813
1310470001,1999,1310470,13,015,55,#,6.34,#,0.494
1310470002,1999,1310470,13,015,55,#,6.25,#,0.478
1310470003,1999,1310470,13,015,55,#,6.4,#,0.554
1310470004,1999,1310470,13,015,55,#,3.38,#,0.216
1310470005,1999,1310470,13,015,55,#,5.1,#,0.433
1310470006,1999,1310470,13,015,55,#,4.78,#,0.293
1310470007,1999,1310470,13,015,55,#,5.55,#,0.432
1310470008,1999,1310470,13,015,55,#,6.33,#,0.417
1310470009,1999,1310470,13,015,55,#,7.65,#,0.518
1310470010,1999,1310470,13,015,55,#,8.73,#,0.677
1310470011,1999,1310470,13,015,55,#,8.93,#,0.677
1310470012,1999,1310470,13,015,55,#,9.83,#,0.688
1310480001,1999,1310480,13,015,56,#,5.69,#,0.453
1310480006,1999,1310480,13,015,56,#,5.29,#,0.431
1310480011,1999,1310480,13,015,56,#,6.09,#,0.515
1310480017,1999,1310480,13,015,56,#,4.4,#,0.295
1310480022,1999,1310480,13,015,56,#,4.76,#,0.382
1310480027,1999,1310480,13,015,56,#,5.25,#,0.27
1310480032,1999,1310480,13,015,56,#,4.61,#,0.377
1310480037,1999,1310480,13,015,56,#,5.82,#,0.409
1310480042,1999,1310480,13,015,56,#,7.16,#,0.433
1310480047,1999,1310480,13,015,56,#,8.17,#,0.566
1310480052,1999,1310480,13,015,56,#,8.91,#,0.685
1310480057,1999,1310480,13,015,56,#,8.78,#,0.674
1310490001,1999,1310490,13,015,57,#,6.18,#,0.422
1310490002,1999,1310490,13,015,57,#,6.36,#,0.467
1310490003,1999,1310490,13,015,57,#,6.32,#,0.489
1310490004,1999,1310490,13,015,57,#,3.46,#,0.223
1310490005,1999,1310490,13,015,57,#,4.9,#,0.382
1310490006,1999,1310490,13,015,57,#,4.75,#,0.265
1310490007,1999,1310490,13,015,57,#,5.59,#,0.409
1310490008,1999,1310490,13,015,57,#,6.33,#,0.38
1310490009,1999,1310490,13,015,57,#,7.37,#,0.435
1310490010,1999,1310490,13,015,57,#,9.12,#,0.579
1310490011,1999,1310490,13,015,57,#,9.23,#,0.663
1310490012,1999,1310490,13,015,57,#,8.87,#,0.618
1310530001,1999,1310530,13,016,01,#,5.73,#,0.364
1310530006,1999,1310530,13,016,01,#,5.29,#,0.353
1310530011,1999,1310530,13,016,01,#,6.32,#,0.447
1310530016,1999,1310530,13,016,01,#,4.48,#,0.291
1310530021,1999,1310530,13,016,01,#,4.01,#,0.341
1310530026,1999,1310530,13,016,01,#,4.17,#,0.273
1310530031,1999,1310530,13,016,01,#,5.4,#,0.314
1310530036,1999,1310530,13,016,01,#,4.77,#,0.279
1310530041,1999,1310530,13,016,01,#,5.85,#,0.3
1310530046,1999,1310530,13,016,01,#,5.52,#,0.248
1310530051,1999,1310530,13,016,01,#,4.74,#,0.27
1310530056,1999,1310530,13,016,01,#,6.2,#,0.335
1310540001,1999,1310540,13,016,51,#,7,#,0.408
1310540006,1999,1310540,13,016,51,#,6.8,#,0.446
1310540011,1999,1310540,13,016,51,#,7.74,#,0.496
1310540016,1999,1310540,13,016,51,#,4.72,#,0.279
1310540021,1999,1310540,13,016,51,#,5.52,#,0.435
1310540026,1999,1310540,13,016,51,#,5.33,#,0.287
1310540031,1999,1310540,13,016,51,#,7.11,#,0.369
1310540036,1999,1310540,13,016,51,#,6.47,#,0.371
1310540041,1999,1310540,13,016,51,#,9.03,#,0.424
1310540046,1999,1310540,13,016,51,#,8.09,#,0.359
1310540051,1999,1310540,13,016,51,#,8.71,#,0.484
1310540056,1999,1310540,13,016,51,#,9.27,#,0.619
1310550001,1999,1310550,13,017,01,#,14.6,#,0.736
1310550006,1999,1310550,13,017,01,#,10.5,#,0.526
1310550011,1999,1310550,13,017,01,#,14.4,#,0.739
1310550016,1999,1310550,13,017,01,#,7.77,#,0.365
1310550021,1999,1310550,13,017,01,#,8.93,#,0.41
1310550026,1999,1310550,13,017,01,#,8.8,#,0.309
1310550031,1999,1310550,13,017,01,#,10.4,#,0.488
1310550036,1999,1310550,13,017,01,#,10.7,#,0.476
1310550041,1999,1310550,13,017,01,#,14.2,#,0.742
1310550046,1999,1310550,13,017,01,#,17.6,#,0.706
1310550051,1999,1310550,13,017,01,#,18.4,#,1.04
1310550056,1999,1310550,13,017,01,#,16.9,#,0.977
1310560001,1999,1310560,13,017,51,#,19.3,#,1.29
1310560004,1999,1310560,13,017,51,#,7.1,#,0.351
1310560007,1999,1310560,13,017,51,#,10.1,#,0.636
1310560010,1999,1310560,13,017,51,#,6.13,#,0.313
1310560013,1999,1310560,13,017,51,#,6.46,#,0.325
1310560016,1999,1310560,13,017,51,#,7.28,#,0.285
1310560019,1999,1310560,13,017,51,#,8.36,#,0.314
1310560022,1999,1310560,13,017,51,#,5.74,#,0.364
1310560025,1999,1310560,13,017,51,#,11,#,0.601
1310560028,1999,1310560,13,017,51,#,15.7,#,0.566
1310560031,1999,1310560,13,017,51,#,16.7,#,1.34
1310560034,1999,1310560,13,017,51,#,17.1,#,1.35
1310570001,1999,1310570,13,017,52,#,13.1,#,0.69
1310570004,1999,1310570,13,017,52,#,9.86,#,0.499
1310570007,1999,1310570,13,017,52,#,12.4,#,0.819
1310570010,1999,1310570,13,017,52,#,6.97,#,0.373
1310570013,1999,1310570,13,017,52,#,7.38,#,0.335
1310570027,1999,1310570,13,017,52,#,8.6,#,0.362
1310570030,1999,1310570,13,017,52,#,11.6,#,0.531
1310570033,1999,1310570,13,017,52,#,7.64,#,0.538
1310570036,1999,1310570,13,017,52,#,15,#,0.856
1310570039,1999,1310570,13,017,52,#,16.2,#,0.597
1310570042,1999,1310570,13,017,52,#,16.5,#,1.09
1310570056,1999,1310570,13,017,52,#,16.2,#,1.09
1310580001,1999,1310580,13,018,01,#,11.6,#,0.642
1310580004,1999,1310580,13,018,01,#,8.75,#,0.035
1310580007,1999,1310580,13,018,01,#,8.74,#,0.14
1310580010,1999,1310580,13,018,01,#,7.55,#,0.076
1310580013,1999,1310580,13,018,01,#,7.56,#,0.046
1310580016,1999,1310580,13,018,01,#,7.86,#,0.209
1310580019,1999,1310580,13,018,01,#,9.17,#,0.365
1310580022,1999,1310580,13,018,01,#,9.59,#,0.413
1310580025,1999,1310580,13,018,01,#,14.3,#,0.601
1310580028,1999,1310580,13,018,01,#,14.8,#,0.597
1310580031,1999,1310580,13,018,01,#,14.6,#,0.931
1310580034,1999,1310580,13,018,01,#,14,#,0.923
1310600001,1999,1310600,13,019,01,#,14.3,#,0.843
1310600004,1999,1310600,13,019,01,#,7.63,#,0.04
1310600007,1999,1310600,13,019,01,#,7.57,#,0.191
1310600010,1999,1310600,13,019,01,#,7.07,#,0.139
1310600013,1999,1310600,13,019,01,#,7.99,#,0.288
1310600016,1999,1310600,13,019,01,#,7.96,#,0.257
1310600019,1999,1310600,13,019,01,#,10.9,#,0.478
1310600022,1999,1310600,13,019,01,#,8.79,#,0.399
1310600025,1999,1310600,13,019,01,#,12.1,#,0.492
1310600028,1999,1310600,13,019,01,#,8.41,#,0.13
1310600031,1999,1310600,13,019,01,#,13.3,#,0.567
1310600034,1999,1310600,13,019,01,#,9.45,#,0.321
1310630001,1999,1310630,13,020,01,#,13,#,0.97
1310630004,1999,1310630,13,020,01,#,8.91,#,0.658
1310630007,1999,1310630,13,020,01,#,9.38,#,0.977
1310630010,1999,1310630,13,020,01,#,5.92,#,0.332
1310630013,1999,1310630,13,020,01,#,7.93,#,0.432
1310630016,1999,1310630,13,020,01,#,7.15,#,0.345
1310630019,1999,1310630,13,020,01,#,8.25,#,0.709
1310630022,1999,1310630,13,020,01,#,11.5,#,0.618
1310630025,1999,1310630,13,020,01,#,10.1,#,0.744
1310630028,1999,1310630,13,020,01,#,10.5,#,0.706
1310630031,1999,1310630,13,020,01,#,10.7,#,0.691
1310630034,1999,1310630,13,020,01,#,11.9,#,0.89
1310650001,1999,1310650,13,020,52,#,10.8,#,0.966
1310650004,1999,1310650,13,020,52,#,10,#,0.951
1310650007,1999,1310650,13,020,52,#,10.1,#,0.968
1310650010,1999,1310650,13,020,52,#,7.98,#,0.401
1310650013,1999,1310650,13,020,52,#,8.54,#,0.655
1310650027,1999,1310650,13,020,52,#,8.54,#,0.694
1310650030,1999,1310650,13,020,52,#,10,#,0.996
1310650033,1999,1310650,13,020,52,#,10.6,#,0.844
1310650036,1999,1310650,13,020,52,#,12.4,#,1.07
1310650039,1999,1310650,13,020,52,#,14.8,#,1.15
1310650042,1999,1310650,13,020,52,#,16.2,#,1.37
1310650056,1999,1310650,13,020,52,#,14.4,#,1.42
1310660001,1999,1310660,13,021,01,#,4.03,#,0.017
1310660004,1999,1310660,13,021,01,#,4.15,#,0.028
1310660007,1999,1310660,13,021,01,#,4.16,#,0.032
1310660010,1999,1310660,13,021,01,#,4.12,#,0.028
1310660013,1999,1310660,13,021,01,#,4.19,#,0.026
1310660016,1999,1310660,13,021,01,#,4.66,#,0.019
1310660019,1999,1310660,13,021,01,#,3.88,#,0.025
1310660022,1999,1310660,13,021,01,#,3.43,#,0.042
1310660025,1999,1310660,13,021,01,#,3.57,#,0.018
1310660028,1999,1310660,13,021,01,#,3.43,#,0.012
1310660031,1999,1310660,13,021,01,#,3.64,#,0.016
1310660034,1999,1310660,13,021,01,#,3.15,#,0.021
1310670001,1999,1310670,13,022,01,#,1.51,#,0.017
1310670004,1999,1310670,13,022,01,#,1.38,#,0.01
1310670007,1999,1310670,13,022,01,#,1.44,#,0.018
1310670010,1999,1310670,13,022,01,#,1.52,#,0.015
1310670013,1999,1310670,13,022,01,#,1.19,#,0.013
1310670027,1999,1310670,13,022,01,#,1.25,#,0.01
1310670030,1999,1310670,13,022,01,#,1.34,#,0.015
1310670033,1999,1310670,13,022,01,#,1.63,#,0.024
1310670036,1999,1310670,13,022,01,#,1.2,#,0.005
1310670039,1999,1310670,13,022,01,#,1.11,#,0.007
1310670042,1999,1310670,13,022,01,#,1.44,#,0.014
1310670056,1999,1310670,13,022,01,#,1.29,#,0.011
1310690001,1999,1310690,13,023,01,#,5.45,#,0.251
1310690004,1999,1310690,13,023,01,#,5.81,#,0.193
1310690007,1999,1310690,13,023,01,#,3.74,#,0.231
1310690010,1999,1310690,13,023,01,#,3.92,#,0.163
1310690013,1999,1310690,13,023,01,#,3.45,#,0.231
1310690016,1999,1310690,13,023,01,#,3.58,#,0.118
1310690019,1999,1310690,13,023,01,#,4.88,#,0.21
1310690022,1999,1310690,13,023,01,#,6.6,#,0.314
1310690025,1999,1310690,13,023,01,#,5.75,#,0.357
1310690028,1999,1310690,13,023,01,#,6.15,#,0.529
1310690031,1999,1310690,13,023,01,#,7.13,#,0.432
1310690034,1999,1310690,13,023,01,#,8.75,#,0.908
1310700001,1999,1310700,13,024,01,#,4.33,#,0.022
1310700004,1999,1310700,13,024,01,#,3.21,#,0.024
1310700007,1999,1310700,13,024,01,#,2.59,#,0.061
1310700010,1999,1310700,13,024,01,#,5.1,#,0.051
1310700013,1999,1310700,13,024,01,#,3.34,#,0.04
1310700016,1999,1310700,13,024,01,#,4.01,#,0.022
1310700019,1999,1310700,13,024,01,#,3.86,#,0.03
1310700022,1999,1310700,13,024,01,#,3.96,#,0.029
1310700025,1999,1310700,13,024,01,#,3.7,#,0.029
1310700028,1999,1310700,13,024,01,#,2.44,#,0.024
1310700031,1999,1310700,13,024,01,#,2.69,#,0.022
1310700034,1999,1310700,13,024,01,#,1.02,#,0.016
1310730001,1999,1310730,13,025,01,#,4.68,#,0.234
1310730004,1999,1310730,13,025,01,#,3.32,#,0.116
1310730007,1999,1310730,13,025,01,#,3.93,#,0.176
1310730010,1999,1310730,13,025,01,#,3.02,#,0.089
1310730013,1999,1310730,13,025,01,#,2.93,#,0.089
1310730016,1999,1310730,13,025,01,#,2.95,#,0.08
1310730019,1999,1310730,13,025,01,#,3.37,#,0.112
1310730022,1999,1310730,13,025,01,#,3.16,#,0.133
1310730025,1999,1310730,13,025,01,#,3.66,#,0.174
1310730028,1999,1310730,13,025,01,#,4.78,#,0.249
1310730031,1999,1310730,13,025,01,#,4.78,#,0.226
1310730034,1999,1310730,13,025,01,#,5.05,#,0.344
1310740001,1999,1310740,13,026,01,#,6.3,#,0.398
1310740006,1999,1310740,13,026,01,#,6.67,#,0.329
1310740011,1999,1310740,13,026,01,#,6.47,#,0.393
1310740016,1999,1310740,13,026,01,#,4.51,#,0.2
1310740021,1999,1310740,13,026,01,#,6.3,#,0.368
1310740026,1999,1310740,13,026,01,#,4.52,#,0.241
1310740031,1999,1310740,13,026,01,#,5.22,#,0.321
1310740036,1999,1310740,13,026,01,#,5.3,#,0.289
1310740041,1999,1310740,13,026,01,#,6.75,#,0.389
1310740046,1999,1310740,13,026,01,#,6.98,#,0.531
1310740051,1999,1310740,13,026,01,#,8.14,#,0.595
1310740056,1999,1310740,13,026,01,#,8.55,#,0.693
1310750001,1999,1310750,13,025,02,#,7.67,#,0.484
1310750004,1999,1310750,13,025,02,#,6.58,#,0.339
1310750007,1999,1310750,13,025,02,#,7.25,#,0.515
1310750010,1999,1310750,13,025,02,#,4.69,#,0.243
1310750013,1999,1310750,13,025,02,#,6.08,#,0.464
1310750016,1999,1310750,13,025,02,#,5.45,#,0.245
1310750019,1999,1310750,13,025,02,#,7.16,#,0.391
1310750022,1999,1310750,13,025,02,#,6.85,#,0.384
1310750025,1999,1310750,13,025,02,#,7.75,#,0.655
1310750028,1999,1310750,13,025,02,#,8.7,#,0.65
1310750031,1999,1310750,13,025,02,#,12.1,#,0.798
1310750034,1999,1310750,13,025,02,#,14,#,1.01
1310780001,1999,1310780,13,027,01,#,5.69,#,0.453
1310780004,1999,1310780,13,027,01,#,3.55,#,0.114
1310780007,1999,1310780,13,027,01,#,5.86,#,0.287
1310780010,1999,1310780,13,027,01,#,22.5,#,0.072
1310780013,1999,1310780,13,027,01,#,3.26,#,0.078
1310780016,1999,1310780,13,027,01,#,3.95,#,0.124
1310780019,1999,1310780,13,027,01,#,7.83,#,0.226
1310780022,1999,1310780,13,027,01,#,5.05,#,0.16
1310780025,1999,1310780,13,027,01,#,8.65,#,0.371
1310780028,1999,1310780,13,027,01,#,6.9,#,0.754
1310780031,1999,1310780,13,027,01,#,16.3,#,0.288
1310780034,1999,1310780,13,027,01,#,34.7,#,1.09
1310790001,1999,1310790,13,028,01,#,4.74,#,0.161
1310790004,1999,1310790,13,028,01,#,5.09,#,0.161
1310790007,1999,1310790,13,028,01,#,4.56,#,0.184
1310790010,1999,1310790,13,028,01,#,3.85,#,0.108
1310790013,1999,1310790,13,028,01,#,3.6,#,0.091
1310790016,1999,1310790,13,028,01,#,2.67,#,0.085
1310790019,1999,1310790,13,028,01,#,4.75,#,0.092
1310790022,1999,1310790,13,028,01,#,5.9,#,0.208
1310790025,1999,1310790,13,028,01,#,6.82,#,0.241
1310790028,1999,1310790,13,028,01,#,6.5,#,0.251
1310790031,1999,1310790,13,028,01,#,6.97,#,0.36
1310790034,1999,1310790,13,028,01,#,8.48,#,0.52
1310800001,1999,1310800,13,029,01,#,3.2,#,0.105
1310800006,1999,1310800,13,029,01,#,3.18,#,0.083
1310800011,1999,1310800,13,029,01,#,2.59,#,0.106
1310800016,1999,1310800,13,029,01,#,2.3,#,0.032
1310800021,1999,1310800,13,029,01,#,2.17,#,0.06
1310800026,1999,1310800,13,029,01,#,1.8,#,0.052
1310800031,1999,1310800,13,029,01,#,2.2,#,0.108
1310800036,1999,1310800,13,029,01,#,3.03,#,0.108
1310800041,1999,1310800,13,029,01,#,2.94,#,0.128
1310800046,1999,1310800,13,029,01,#,2.64,#,0.181
1310800051,1999,1310800,13,029,01,#,2.71,#,0.15
1310800056,1999,1310800,13,029,01,#,3.34,#,0.194
1310810001,1999,1310810,13,030,01,#,7.69,#,0.208
1310810006,1999,1310810,13,030,01,#,7.06,#,0.141
1310810011,1999,1310810,13,030,01,#,7.99,#,0.365
1310810016,1999,1310810,13,030,01,#,7.6,#,0.136
1310810021,1999,1310810,13,030,01,#,6.75,#,0.128
1310810026,1999,1310810,13,030,01,#,7.95,#,0.084
1310810031,1999,1310810,13,030,01,#,8.67,#,0.177
1310810036,1999,1310810,13,030,01,#,7.82,#,0.141
1310810041,1999,1310810,13,030,01,#,10.8,#,0.215
1310810046,1999,1310810,13,030,01,#,12.5,#,0.239
1310810051,1999,1310810,13,030,01,#,17.4,#,0.295
1310810056,1999,1310810,13,030,01,#,14.9,#,0.294
1310820001,1999,1310820,13,030,51,#,2.55,#,0.096
1310820002,1999,1310820,13,030,51,#,5.48,#,0.075
1310820003,1999,1310820,13,030,51,#,3.38,#,0.048
1310820004,1999,1310820,13,030,51,#,4.58,#,0.105
1310820005,1999,1310820,13,030,51,#,5.06,#,0.079
1310820006,1999,1310820,13,030,51,#,6.19,#,0.037
1310820007,1999,1310820,13,030,51,#,7.24,#,0.03
1310820008,1999,1310820,13,030,51,#,6.54,#,0.041
1310820009,1999,1310820,13,030,51,#,4.94,#,0.055
1310820010,1999,1310820,13,030,51,#,4.12,#,0.068
1310820011,1999,1310820,13,030,51,#,3.66,#,0.091
1310820012,1999,1310820,13,030,51,#,2.95,#,0.09
1310830001,1999,1310830,13,031,01,#,6.69,#,0.281
1310830004,1999,1310830,13,031,01,#,6.33,#,0.286
1310830007,1999,1310830,13,031,01,#,5.15,#,0.474
1310830010,1999,1310830,13,031,01,#,5.39,#,0.284
1310830013,1999,1310830,13,031,01,#,5.5,#,0.13
1310830016,1999,1310830,13,031,01,#,5.52,#,0.27
1310830019,1999,1310830,13,031,01,#,5.49,#,0.446
1310830022,1999,1310830,13,031,01,#,6.17,#,0.379
1310830025,1999,1310830,13,031,01,#,7.75,#,0.536
1310830028,1999,1310830,13,031,01,#,7.6,#,0.762
1310830031,1999,1310830,13,031,01,#,8.03,#,0.775
1310830034,1999,1310830,13,031,01,#,8.47,#,0.739
1310850001,1999,1310850,13,032,01,#,2.33,#,0.026
1310850004,1999,1310850,13,032,01,#,1.54,#,0.021
1310850007,1999,1310850,13,032,01,#,1.47,#,0.031
1310850010,1999,1310850,13,032,01,#,1.85,#,0.027
1310850013,1999,1310850,13,032,01,#,1.44,#,0.027
1310850027,1999,1310850,13,032,01,#,1.51,#,0.045
1310850030,1999,1310850,13,032,01,#,1.57,#,0.03
1310850033,1999,1310850,13,032,01,#,1.68,#,0.023
1310850036,1999,1310850,13,032,01,#,1.46,#,0.019
1310850039,1999,1310850,13,032,01,#,1.64,#,0.071
1310850042,1999,1310850,13,032,01,#,1.49,#,0.027
1310850056,1999,1310850,13,032,01,#,1.92,#,0.188
1310860001,1999,1310860,13,032,02,#,2.9,#,0.044
1310860004,1999,1310860,13,032,02,#,1.96,#,0.047
1310860007,1999,1310860,13,032,02,#,2.38,#,0.068
1310860010,1999,1310860,13,032,02,#,2.29,#,0.048
1310860013,1999,1310860,13,032,02,#,2.09,#,0.096
1310860016,1999,1310860,13,032,02,#,1.92,#,0.045
1310860019,1999,1310860,13,032,02,#,1.86,#,0.051
1310860022,1999,1310860,13,032,02,#,2.18,#,0.044
1310860025,1999,1310860,13,032,02,#,1.92,#,0.048
1310860028,1999,1310860,13,032,02,#,2.05,#,0.049
1310860031,1999,1310860,13,032,02,#,2.35,#,0.052
1310860034,1999,1310860,13,032,02,#,2.54,#,0.067
1310870001,1999,1310870,13,034,01,#,9.29,#,0.56
1310870006,1999,1310870,13,034,01,#,11.2,#,0.251
1310870011,1999,1310870,13,034,01,#,10.4,#,0.224
1310870016,1999,1310870,13,034,01,#,9.8,#,0.149
1310870021,1999,1310870,13,034,01,#,10,#,0.263
1310870026,1999,1310870,13,034,01,#,10.3,#,0.172
1310870031,1999,1310870,13,034,01,#,11.9,#,0.199
1310870036,1999,1310870,13,034,01,#,11.8,#,0.193
1310870041,1999,1310870,13,034,01,#,12.6,#,0.227
1310870046,1999,1310870,13,034,01,#,11.8,#,0.257
1310870051,1999,1310870,13,034,01,#,15,#,0.541
1310870056,1999,1310870,13,034,01,#,14.5,#,0.688
1310880001,1999,1310880,13,035,01,#,7.8,#,0.062
1310880004,1999,1310880,13,035,01,#,8.4,#,0.09
1310880007,1999,1310880,13,035,01,#,8.25,#,0.073
1310880010,1999,1310880,13,035,01,#,7.5,#,0.081
1310880013,1999,1310880,13,035,01,#,8.23,#,0.095
1310880016,1999,1310880,13,035,01,#,8.45,#,0.118
1310880019,1999,1310880,13,035,01,#,8.18,#,0.089
1310880022,1999,1310880,13,035,01,#,8.25,#,0.075
1310880025,1999,1310880,13,035,01,#,8.39,#,0.103
1310880028,1999,1310880,13,035,01,#,7.67,#,0.092
1310880031,1999,1310880,13,035,01,#,7.77,#,0.096
1310880034,1999,1310880,13,035,01,#,7.84,#,0.081
1310940001,1999,1310940,13,036,01,#,5.09,#,0.183
1310940004,1999,1310940,13,036,01,#,5.01,#,0.215
1310940007,1999,1310940,13,036,01,#,4.79,#,0.256
1310940010,1999,1310940,13,036,01,#,4.19,#,0.209
1310940013,1999,1310940,13,036,01,#,7.31,#,0.288
1310940016,1999,1310940,13,036,01,#,7.29,#,0.204
1310940019,1999,1310940,13,036,01,#,4.65,#,0.243
1310940022,1999,1310940,13,036,01,#,4.51,#,0.297
1310940025,1999,1310940,13,036,01,#,4.94,#,0.315
1310940028,1999,1310940,13,036,01,#,8.04,#,0.396
1310940031,1999,1310940,13,036,01,#,6.49,#,0.429
1310940034,1999,1310940,13,036,01,#,6.08,#,0.475
1310950001,1999,1310950,13,037,01,#,13.1,#,0.328
1310950006,1999,1310950,13,037,01,#,12.1,#,0.162
1310950011,1999,1310950,13,037,01,#,12.8,#,0.21
1310950016,1999,1310950,13,037,01,#,8.32,#,0.27
1310950021,1999,1310950,13,037,01,#,11.1,#,0.105
1310950026,1999,1310950,13,037,01,#,10.4,#,0.113
1310950031,1999,1310950,13,037,01,#,13,#,0.305
1310950036,1999,1310950,13,037,01,#,11.2,#,0.168
1310950041,1999,1310950,13,037,01,#,13.7,#,0.273
1310950046,1999,1310950,13,037,01,#,15.1,#,0.3
1310950051,1999,1310950,13,037,01,#,16.4,#,0.418
1310950056,1999,1310950,13,037,01,#,18.2,#,0.323
1310960001,1999,1310960,13,038,01,#,4.19,#,0.101
1310960004,1999,1310960,13,038,01,#,2.44,#,0.342
1310960007,1999,1310960,13,038,01,#,2.13,#,0.39
1310960010,1999,1310960,13,038,01,#,2.47,#,0.183
1310960013,1999,1310960,13,038,01,#,2.46,#,0.197
1310960016,1999,1310960,13,038,01,#,4.66,#,0.074
1310960019,1999,1310960,13,038,01,#,4.03,#,0.104
1310960022,1999,1310960,13,038,01,#,3.13,#,0.119
1310960025,1999,1310960,13,038,01,#,2.28,#,0.278
1310960028,1999,1310960,13,038,01,#,3.51,#,0.233
1310960031,1999,1310960,13,038,01,#,3.14,#,0.62
1310960034,1999,1310960,13,038,01,#,4.5,#,0.525
1310970002,1999,1310970,13,039,51,#,5.52,#,0.407
1310970005,1999,1310970,13,039,51,#,2.4,#,0.167
1310970008,1999,1310970,13,039,51,#,2.84,#,0.167
1310970011,1999,1310970,13,039,51,#,4.01,#,0.139
1310970014,1999,1310970,13,039,51,#,3.18,#,0.142
1310970017,1999,1310970,13,039,51,#,4.51,#,0.271
1310970020,1999,1310970,13,039,51,#,7.24,#,0.317
1310970023,1999,1310970,13,039,51,#,6.82,#,0.312
1310970026,1999,1310970,13,039,51,#,10.6,#,0.415
1310970029,1999,1310970,13,039,51,#,7.94,#,0.457
1310970032,1999,1310970,13,039,51,#,11.8,#,0.55
1310970035,1999,1310970,13,039,51,#,11.3,#,0.665
1310980001,1999,1310980,13,043,01,#,3.49,#,0.097
1310980004,1999,1310980,13,043,01,#,2.56,#,0.144
1310980007,1999,1310980,13,043,01,#,3.08,#,0.121
1310980010,1999,1310980,13,043,01,#,2.7,#,0.093
1310980013,1999,1310980,13,043,01,#,2.44,#,0.144
1310980016,1999,1310980,13,043,01,#,3.31,#,0.078
1310980019,1999,1310980,13,043,01,#,3.95,#,0.056
1310980022,1999,1310980,13,043,01,#,3.82,#,0.075
1310980025,1999,1310980,13,043,01,#,4.23,#,0.13
1310980028,1999,1310980,13,043,01,#,4.38,#,0.121
1310980031,1999,1310980,13,043,01,#,4.24,#,0.122
1310980034,1999,1310980,13,043,01,#,3.88,#,0.098
1310990001,1999,1310990,13,202,01,#,12.1,#,0.83
1310990004,1999,1310990,13,202,01,#,5.85,#,0.354
1310990007,1999,1310990,13,202,01,#,6.66,#,0.522
1310990010,1999,1310990,13,202,01,#,3.28,#,0.237
1310990013,1999,1310990,13,202,01,#,4.21,#,0.481
1310990016,1999,1310990,13,202,01,#,12.8,#,0.729
1310990019,1999,1310990,13,202,01,#,7.85,#,0.365
1310990022,1999,1310990,13,202,01,#,3.08,#,0.366
1310990025,1999,1310990,13,202,01,#,15,#,0.646
1310990028,1999,1310990,13,202,01,#,14,#,0.604
1310990031,1999,1310990,13,202,01,#,13.7,#,0.577
1310990034,1999,1310990,13,202,01,#,14.3,#,0.786
1311000001,1999,1311000,13,044,01,#,6.78,#,0.243
1311000004,1999,1311000,13,044,01,#,4.35,#,0.188
1311000007,1999,1311000,13,044,01,#,4.5,#,0.169
1311000010,1999,1311000,13,044,01,#,3.3,#,0.113
1311000013,1999,1311000,13,044,01,#,3.42,#,0.249
1311000016,1999,1311000,13,044,01,#,4.84,#,0.266
1311000019,1999,1311000,13,044,01,#,3.95,#,0.106
1311000022,1999,1311000,13,044,01,#,3.75,#,0.108
1311000025,1999,1311000,13,044,01,#,6.76,#,0.224
1311000028,1999,1311000,13,044,01,#,5.65,#,0.182
1311000032,1999,1311000,13,044,01,#,7.04,#,0.248
1311000034,1999,1311000,13,044,01,#,5.79,#,0.368
1311010001,1999,1311010,13,044,51,#,4.59,#,0.143
1311010004,1999,1311010,13,044,51,#,3.65,#,0.16
1311010007,1999,1311010,13,044,51,#,3.76,#,0.243
1311010010,1999,1311010,13,044,51,#,2.73,#,0.108
1311010013,1999,1311010,13,044,51,#,3.14,#,0.385
1311010016,1999,1311010,13,044,51,#,3.98,#,0.253
1311010019,1999,1311010,13,044,51,#,3.8,#,0.098
1311010022,1999,1311010,13,044,51,#,3.58,#,0.106
1311010025,1999,1311010,13,044,51,#,4.24,#,0.165
1311010028,1999,1311010,13,044,51,#,3.96,#,0.15
1311010031,1999,1311010,13,044,51,#,4.72,#,0.154
1311010034,1999,1311010,13,044,51,#,3.98,#,0.223
1311020001,1999,1311020,13,204,01,#,8.03,#,0.348
1311020002,1999,1311020,13,204,01,#,3.63,#,0.188
1311020003,1999,1311020,13,204,01,#,3.01,#,0.171
1311020004,1999,1311020,13,204,01,#,3.08,#,0.151
1311020005,1999,1311020,13,204,01,#,2.18,#,0.162
1311020006,1999,1311020,13,204,01,#,3.4,#,0.141
1311020007,1999,1311020,13,204,01,#,6.18,#,0.222
1311020008,1999,1311020,13,204,01,#,4.91,#,0.252
1311020009,1999,1311020,13,204,01,#,7.58,#,0.378
1311020010,1999,1311020,13,204,01,#,10.6,#,0.396
1311020011,1999,1311020,13,204,01,#,12,#,0.455
1311020012,1999,1311020,13,204,01,#,12.5,#,0.556
1311030001,1999,1311030,13,049,01,#,5.7,#,0.244
1311030005,1999,1311030,13,049,01,#,5.58,#,0.277
1311030007,1999,1311030,13,049,01,#,4.61,#,0.35
1311030010,1999,1311030,13,049,01,#,3.71,#,0.324
1311030014,1999,1311030,13,049,01,#,4.27,#,0.428
1311030016,1999,1311030,13,049,01,#,3.33,#,0.279
1311030019,1999,1311030,13,049,01,#,4.52,#,0.252
1311030022,1999,1311030,13,049,01,#,3.66,#,0.274
1311030025,1999,1311030,13,049,01,#,4.2,#,0.257
1311030028,1999,1311030,13,049,01,#,4.4,#,0.229
1311030031,1999,1311030,13,049,01,#,5.04,#,0.247
1311030034,1999,1311030,13,049,01,#,5.64,#,0.27
1311050001,1999,1311050,13,050,01,#,5.6,#,0.27
1311050004,1999,1311050,13,050,01,#,5.89,#,0.305
1311050007,1999,1311050,13,050,01,#,5.13,#,0.367
1311050010,1999,1311050,13,050,01,#,4.17,#,0.274
1311050013,1999,1311050,13,050,01,#,4.18,#,0.427
1311050016,1999,1311050,13,050,01,#,4.66,#,0.218
1311050019,1999,1311050,13,050,01,#,5.26,#,0.272
1311050022,1999,1311050,13,050,01,#,4.81,#,0.223
1311050025,1999,1311050,13,050,01,#,4.75,#,0.242
1311050028,1999,1311050,13,050,01,#,4.55,#,0.233
1311050031,1999,1311050,13,050,01,#,6.1,#,0.263
1311050034,1999,1311050,13,050,01,#,5.89,#,0.308
1311100001,1999,1311100,13,059,01,#,5.01,#,0.051
1311100004,1999,1311100,13,059,01,#,5.27,#,0.034
1311100007,1999,1311100,13,059,01,#,4.48,#,0.028
1311100010,1999,1311100,13,059,01,#,4.73,#,0.078
1311100013,1999,1311100,13,059,01,#,5.04,#,0.04
1311100027,1999,1311100,13,059,01,#,5.55,#,0.062
1311100030,1999,1311100,13,059,01,#,5.16,#,0.084
1311100033,1999,1311100,13,059,01,#,5.03,#,0.114
1311100036,1999,1311100,13,059,01,#,5.1,#,0.065
1311100039,1999,1311100,13,059,01,#,6.82,#,0.092
1311100042,1999,1311100,13,059,01,#,4.91,#,0.075
1311100056,1999,1311100,13,059,01,#,4.68,#,0.076
1311110001,1999,1311110,13,041,01,#,4.46,#,0.021
1311110004,1999,1311110,13,041,01,#,4.16,#,0.02
1311110007,1999,1311110,13,041,01,#,3.18,#,0.034
1311110010,1999,1311110,13,041,01,#,4.82,#,0.029
1311110013,1999,1311110,13,041,01,#,4.01,#,0.029
1311110016,1999,1311110,13,041,01,#,5.42,#,0.019
1311110019,1999,1311110,13,041,01,#,4.81,#,0.021
1311110022,1999,1311110,13,041,01,#,4.74,#,0.012
1311110025,1999,1311110,13,041,01,#,4.33,#,0.02
1311110028,1999,1311110,13,041,01,#,2.33,#,0.049
1311110031,1999,1311110,13,041,01,#,7.22,#,0.037
1311110034,1999,1311110,13,041,01,#,12.1,#,0.086
1311130001,1999,1311130,13,215,01,#,7.98,#,0.068
1311130004,1999,1311130,13,215,01,#,8.87,#,0.074
1311130007,1999,1311130,13,215,01,#,7.85,#,0.078
1311130010,1999,1311130,13,215,01,#,8.39,#,0.075
1311130013,1999,1311130,13,215,01,#,8.39,#,0.106
1311130016,1999,1311130,13,215,01,#,8.75,#,0.047
1311130019,1999,1311130,13,215,01,#,8.88,#,0.045
1311130022,1999,1311130,13,215,01,#,8.53,#,0.081
1311130025,1999,1311130,13,215,01,#,8.31,#,0.065
1311130028,1999,1311130,13,215,01,#,8.26,#,0.055
1311130031,1999,1311130,13,215,01,#,8.16,#,0.073
1311130034,1999,1311130,13,215,01,#,8.24,#,0.071
1311140001,1999,1311140,13,005,54,#,6.41,#,0.604
1311140004,1999,1311140,13,005,54,#,4.18,#,0.358
1311140007,1999,1311140,13,005,54,#,4.06,#,0.306
1311140010,1999,1311140,13,005,54,#,4.11,#,0.186
1311140013,1999,1311140,13,005,54,#,3.66,#,0.273
1311140016,1999,1311140,13,005,54,#,4.36,#,0.25
1311140019,1999,1311140,13,005,54,#,4.85,#,0.467
1311140022,1999,1311140,13,005,54,#,3.15,#,0.338
1311140025,1999,1311140,13,005,54,#,6.65,#,0.606
1311140028,1999,1311140,13,005,54,#,9.23,#,0.671
1311140032,1999,1311140,13,005,54,#,9.34,#,0.819
1311140034,1999,1311140,13,005,54,#,9.3,#,0.708
1311160001,1999,1311160,13,042,01,#,2.75,#,0.048
1311160004,1999,1311160,13,042,01,#,2.61,#,0.084
1311160007,1999,1311160,13,042,01,#,2.21,#,0.091
1311160010,1999,1311160,13,042,01,#,2.53,#,0.066
1311160013,1999,1311160,13,042,01,#,2.67,#,0.047
1311160016,1999,1311160,13,042,01,#,2.05,#,0.042
1311160019,1999,1311160,13,042,01,#,2.41,#,0.081
1311160022,1999,1311160,13,042,01,#,2.38,#,0.095
1311160025,1999,1311160,13,042,01,#,2.11,#,0.059
1311160028,1999,1311160,13,042,01,#,2.43,#,0.096
1311160031,1999,1311160,13,042,01,#,2.85,#,0.072
1311160034,1999,1311160,13,042,01,#,2.28,#,0.095
1311170001,1999,1311170,13,056,01,#,0.73,#,0.015
1311170004,1999,1311170,13,056,01,#,0.77,#,0.024
1311170007,1999,1311170,13,056,01,#,0.71,#,0.019
1311170010,1999,1311170,13,056,01,#,0.8,#,0.02
1311170013,1999,1311170,13,056,01,#,0.78,#,0.018
1311170016,1999,1311170,13,056,01,#,0.75,#,0.022
1311170019,1999,1311170,13,056,01,#,0.73,#,0.016
1311170022,1999,1311170,13,056,01,#,0.74,#,0.016
1311170025,1999,1311170,13,056,01,#,0.63,#,0.013
1311170028,1999,1311170,13,056,01,#,0.59,#,0.015
1311170031,1999,1311170,13,056,01,#,0.62,#,0.014
1311170034,1999,1311170,13,056,01,#,0.58,#,0.014
1311200002,1999,1311200,13,219,01,#,9.41,#,1.15
1311200004,1999,1311200,13,219,01,#,6.45,#,0.674
1311200007,1999,1311200,13,219,01,#,3.84,#,0.276
1311200010,1999,1311200,13,219,01,#,4.23,#,0.162
1311200013,1999,1311200,13,219,01,#,4.69,#,0.55
1311200016,1999,1311200,13,219,01,#,4.82,#,0.446
1311200019,1999,1311200,13,219,01,#,4.87,#,0.506
1311200022,1999,1311200,13,219,01,#,6.2,#,0.325
1311200025,1999,1311200,13,219,01,#,6.89,#,0.606
1311200028,1999,1311200,13,219,01,#,9.51,#,0.686
1311200032,1999,1311200,13,219,01,#,9.78,#,0.897
1311200034,1999,1311200,13,219,01,#,8.86,#,0.679
1311210001,1999,1311210,13,054,01,#,5.97,#,0.324
1311210004,1999,1311210,13,054,01,#,6.56,#,0.248
1311210007,1999,1311210,13,054,01,#,5.8,#,0.285
1311210010,1999,1311210,13,054,01,#,4.33,#,0.195
1311210013,1999,1311210,13,054,01,#,6.33,#,0.229
1311210016,1999,1311210,13,054,01,#,7.98,#,0.134
1311210019,1999,1311210,13,054,01,#,5.6,#,0.191
1311210022,1999,1311210,13,054,01,#,5.8,#,0.238
1311210025,1999,1311210,13,054,01,#,5.2,#,0.327
1311210028,1999,1311210,13,054,01,#,6.4,#,0.54
1311210031,1999,1311210,13,054,01,#,7.92,#,0.506
1311210034,1999,1311210,13,054,01,#,7.1,#,0.598
1311220001,1999,1311220,13,055,01,#,6.66,#,0.45
1311220004,1999,1311220,13,055,01,#,5.52,#,0.298
1311220007,1999,1311220,13,055,01,#,4.7,#,0.313
1311220010,1999,1311220,13,055,01,#,4.19,#,0.206
1311220013,1999,1311220,13,055,01,#,4.98,#,0.3
1311220016,1999,1311220,13,055,01,#,4.66,#,0.206
1311220019,1999,1311220,13,055,01,#,5.34,#,0.314
1311220022,1999,1311220,13,055,01,#,5.45,#,0.413
1311220025,1999,1311220,13,055,01,#,6,#,0.511
1311220028,1999,1311220,13,055,01,#,7.25,#,0.536
1311220031,1999,1311220,13,055,01,#,7.46,#,0.512
1311220034,1999,1311220,13,055,01,#,8.2,#,0.65
1311230001,1999,1311230,13,029,51,#,2.3,#,0.082
1311230002,1999,1311230,13,029,51,#,2.6,#,0.077
1311230003,1999,1311230,13,029,51,#,1.76,#,0.077
1311230004,1999,1311230,13,029,51,#,2.46,#,0.056
1311230005,1999,1311230,13,029,51,#,1.76,#,0.041
1311230006,1999,1311230,13,029,51,#,1.34,#,0.057
1311230007,1999,1311230,13,029,51,#,2.29,#,0.111
1311230008,1999,1311230,13,029,51,#,2.62,#,0.097
1311230009,1999,1311230,13,029,51,#,2.98,#,0.14
1311230010,1999,1311230,13,029,51,#,2.64,#,0.147
1311230011,1999,1311230,13,029,51,#,3.13,#,0.117
1311230012,1999,1311230,13,029,51,#,3.22,#,0.156
1311250001,1999,1311250,13,014,54,#,1.05,#,0.018
1311250006,1999,1311250,13,014,54,#,0.89,#,0.011
1311250011,1999,1311250,13,014,54,#,0.95,#,0.01
1311250016,1999,1311250,13,014,54,#,1.09,#,0.013
1311250021,1999,1311250,13,014,54,#,1.07,#,0.012
1311250026,1999,1311250,13,014,54,#,1.03,#,0.02
1311250031,1999,1311250,13,014,54,#,0.71,#,0.014
1311250036,1999,1311250,13,014,54,#,0.99,#,0.012
1311250041,1999,1311250,13,014,54,#,0.8,#,0.012
1311250046,1999,1311250,13,014,54,#,0.72,#,0.01
1311250051,1999,1311250,13,014,54,#,0.65,#,0.012
1311250056,1999,1311250,13,014,54,#,0.59,#,0.017
1311260001,1999,1311260,13,222,01,#,10.4,#,0.6
1311260004,1999,1311260,13,222,01,#,9.64,#,0.09
1311260007,1999,1311260,13,222,01,#,10.1,#,0.051
1311260010,1999,1311260,13,222,01,#,7.73,#,0.35
1311260013,1999,1311260,13,222,01,#,7.9,#,0.065
1311260016,1999,1311260,13,222,01,#,7.33,#,0.057
1311260019,1999,1311260,13,222,01,#,9.52,#,0.029
1311260022,1999,1311260,13,222,01,#,8.11,#,0.075
1311260025,1999,1311260,13,222,01,#,9.74,#,0.113
1311260028,1999,1311260,13,222,01,#,13.3,#,0.179
1311260031,1999,1311260,13,222,01,#,11.7,#,0.812
1311260034,1999,1311260,13,222,01,#,12.1,#,1.18
1311270001,1999,1311270,13,047,01,#,10.7,#,0.782
1311270004,1999,1311270,13,047,01,#,8.86,#,0.796
1311270007,1999,1311270,13,047,01,#,8.01,#,0.793
1311270010,1999,1311270,13,047,01,#,7.52,#,0.378
1311270013,1999,1311270,13,047,01,#,7.38,#,0.799
1311270016,1999,1311270,13,047,01,#,7,#,0.371
1311270019,1999,1311270,13,047,01,#,7.27,#,0.617
1311270022,1999,1311270,13,047,01,#,8.55,#,0.518
1311270025,1999,1311270,13,047,01,#,8.51,#,0.65
1311270028,1999,1311270,13,047,01,#,8.92,#,0.597
1311270031,1999,1311270,13,047,01,#,8.39,#,0.56
1311270034,1999,1311270,13,047,01,#,9.71,#,0.697
1311280001,1999,1311280,13,040,01,#,8.84,#,0.268
1311280004,1999,1311280,13,040,01,#,5.74,#,0.269
1311280007,1999,1311280,13,040,01,#,4.76,#,0.245
1311280010,1999,1311280,13,040,01,#,4.03,#,0.33
1311280013,1999,1311280,13,040,01,#,4.24,#,0.507
1311280016,1999,1311280,13,040,01,#,4.59,#,0.289
1311280019,1999,1311280,13,040,01,#,5.08,#,0.301
1311280022,1999,1311280,13,040,01,#,6.41,#,0.287
1311280025,1999,1311280,13,040,01,#,4.19,#,0.259
1311280028,1999,1311280,13,040,01,#,4.75,#,0.235
1311280031,1999,1311280,13,040,01,#,5.06,#,0.208
1311280034,1999,1311280,13,040,01,#,5.41,#,0.278
1311290001,1999,1311290,13,045,01,#,5.98,#,0.327
1311290004,1999,1311290,13,045,01,#,5.84,#,0.351
1311290007,1999,1311290,13,045,01,#,5.48,#,0.352
1311290010,1999,1311290,13,045,01,#,4.58,#,0.229
1311290013,1999,1311290,13,045,01,#,3.95,#,0.404
1311290016,1999,1311290,13,045,01,#,5.55,#,0.24
1311290019,1999,1311290,13,045,01,#,5.85,#,0.301
1311290022,1999,1311290,13,045,01,#,4.61,#,0.23
1311290025,1999,1311290,13,045,01,#,5.84,#,0.266
1311290028,1999,1311290,13,045,01,#,5.38,#,0.257
1311290031,1999,1311290,13,045,01,#,8.5,#,0.352
1311290034,1999,1311290,13,045,01,#,7.51,#,0.372
1311300001,1999,1311300,13,048,01,#,6.35,#,0.313
1311300004,1999,1311300,13,048,01,#,5.14,#,0.329
1311300007,1999,1311300,13,048,01,#,4.89,#,0.273
1311300010,1999,1311300,13,048,01,#,3.73,#,0.291
1311300013,1999,1311300,13,048,01,#,4.05,#,0.222
1311300016,1999,1311300,13,048,01,#,4.47,#,0.188
1311300019,1999,1311300,13,048,01,#,6.29,#,0.361
1311300022,1999,1311300,13,048,01,#,5.84,#,0.316
1311300025,1999,1311300,13,048,01,#,4.14,#,0.295
1311300028,1999,1311300,13,048,01,#,6.85,#,0.293
1311300031,1999,1311300,13,048,01,#,5.24,#,0.225
1311300034,1999,1311300,13,048,01,#,5.26,#,0.263
1311310001,1999,1311310,13,046,01,#,8.39,#,0.397
1311310004,1999,1311310,13,046,01,#,6.28,#,0.349
1311310007,1999,1311310,13,046,01,#,5.48,#,0.361
1311310010,1999,1311310,13,046,01,#,4.9,#,0.268
1311310013,1999,1311310,13,046,01,#,5.84,#,0.404
1311310016,1999,1311310,13,046,01,#,6.3,#,0.229
1311310019,1999,1311310,13,046,01,#,4.48,#,0.259
1311310022,1999,1311310,13,046,01,#,4.61,#,0.238
1311310025,1999,1311310,13,046,01,#,4.83,#,0.24
1311310028,1999,1311310,13,046,01,#,4.5,#,0.231
1311310031,1999,1311310,13,046,01,#,6.72,#,0.291
1311310034,1999,1311310,13,046,01,#,6.13,#,0.325
1311320001,1999,1311320,13,057,01,#,1.2,#,0.014
1311320004,1999,1311320,13,057,01,#,1.08,#,0.012
1311320007,1999,1311320,13,057,01,#,1.09,#,0.019
1311320010,1999,1311320,13,057,01,#,1.15,#,0.013
1311320013,1999,1311320,13,057,01,#,1.14,#,0.038
1311320016,1999,1311320,13,057,01,#,1.01,#,0.018
1311320019,1999,1311320,13,057,01,#,1.12,#,0.018
1311320022,1999,1311320,13,057,01,#,1.27,#,0.018
1311320025,1999,1311320,13,057,01,#,1,#,0.014
1311320028,1999,1311320,13,057,01,#,0.97,#,0.012
1311320031,1999,1311320,13,057,01,#,1.04,#,0.016
1311320034,1999,1311320,13,057,01,#,0.95,#,0.018
1311330001,1999,1311330,13,058,01,#,1.26,#,0.017
1311330004,1999,1311330,13,058,01,#,1.1,#,0.015
1311330007,1999,1311330,13,058,01,#,1.18,#,0.022
1311330010,1999,1311330,13,058,01,#,1.28,#,0.032
1311330013,1999,1311330,13,058,01,#,1.28,#,0.028
1311330016,1999,1311330,13,058,01,#,1.19,#,0.018
1311330019,1999,1311330,13,058,01,#,1.29,#,0.021
1311330022,1999,1311330,13,058,01,#,1.39,#,0.022
1311330025,1999,1311330,13,058,01,#,1.18,#,0.015
1311330028,1999,1311330,13,058,01,#,0.94,#,0.01
1311330031,1999,1311330,13,058,01,#,1.14,#,0.015
1311330034,1999,1311330,13,058,01,#,1.04,#,0.016
1311340001,1999,1311340,13,053,01,#,6.74,#,0.464
1311340004,1999,1311340,13,053,01,#,6.26,#,0.469
1311340007,1999,1311340,13,053,01,#,5.56,#,0.44
1311340010,1999,1311340,13,053,01,#,4.95,#,0.329
1311340013,1999,1311340,13,053,01,#,4.73,#,0.292
1311340016,1999,1311340,13,053,01,#,5.43,#,0.33
1311340019,1999,1311340,13,053,01,#,5.47,#,0.379
1311340022,1999,1311340,13,053,01,#,5.75,#,0.472
1311340025,1999,1311340,13,053,01,#,7.45,#,0.561
1311340028,1999,1311340,13,053,01,#,8.4,#,0.776
1311340031,1999,1311340,13,053,01,#,8.73,#,0.628
1311340034,1999,1311340,13,053,01,#,9.45,#,0.81
1311350001,1999,1311350,13,051,01,#,2.42,#,0.075
1311350003,1999,1311350,13,051,01,#,2.03,#,0.055
1311350005,1999,1311350,13,051,01,#,2.16,#,0.051
1311350007,1999,1311350,13,051,01,#,1.95,#,0.034
1311350009,1999,1311350,13,051,01,#,2.03,#,0.041
1311350011,1999,1311350,13,051,01,#,2,#,0.038
1311350013,1999,1311350,13,051,01,#,2.48,#,0.041
1311350015,1999,1311350,13,051,01,#,2.18,#,0.052
1311350017,1999,1311350,13,051,01,#,2.66,#,0.061
1311350019,1999,1311350,13,051,01,#,2.84,#,0.093
1311350021,1999,1311350,13,051,01,#,2.91,#,0.046
1311350023,1999,1311350,13,051,01,#,2.54,#,0.069
1311360001,1999,1311360,13,052,01,#,3.8,#,0.227
1311360003,1999,1311360,13,052,01,#,4.48,#,0.245
1311360005,1999,1311360,13,052,01,#,3.08,#,0.297
1311360007,1999,1311360,13,052,01,#,3.11,#,0.145
1311360009,1999,1311360,13,052,01,#,3,#,0.131
1311360022,1999,1311360,13,052,01,#,2.71,#,0.164
1311360024,1999,1311360,13,052,01,#,2.58,#,0.2
1311360026,1999,1311360,13,052,01,#,3.23,#,0.212
1311360028,1999,1311360,13,052,01,#,3.48,#,0.312
1311360030,1999,1311360,13,052,01,#,4.13,#,0.138
1311360032,1999,1311360,13,052,01,#,4.3,#,0.254
1311360045,1999,1311360,13,052,01,#,4.44,#,0.333
1320010001,1999,1320010,13,501,51,#,0.51,#,0.013
1320010002,1999,1320010,13,501,51,#,0.56,#,0.008
1320010003,1999,1320010,13,501,51,#,0.61,#,0.007
1320010004,1999,1320010,13,501,51,#,0.55,#,0.006
1320010005,1999,1320010,13,501,51,#,0.46,#,0.008
1320010006,1999,1320010,13,501,51,#,0.66,#,0.007
1320010007,1999,1320010,13,501,51,#,0.45,#,0.01
1320010008,1999,1320010,13,501,51,#,0.6,#,0.007
1320010009,1999,1320010,13,501,51,#,0.44,#,0.007
1320010010,1999,1320010,13,501,51,#,0.67,#,0.007
1320010011,1999,1320010,13,501,51,#,0.68,#,0.034
1320010012,1999,1320010,13,501,51,#,0.53,#,0.015
1320010013,1999,1320010,13,501,51,#,0.58,#,0.008
1320010014,1999,1320010,13,501,51,#,0.56,#,0.009
1320010015,1999,1320010,13,501,51,#,0.51,#,0.006
1320010016,1999,1320010,13,501,51,#,0.56,#,0.013
1320010017,1999,1320010,13,501,51,#,0.51,#,0.005
1320010018,1999,1320010,13,501,51,#,0.56,#,0.008
1320010019,1999,1320010,13,501,51,#,0.46,#,0.018
1320010020,1999,1320010,13,501,51,#,0.54,#,0.009
1320010021,1999,1320010,13,501,51,#,0.49,#,0.007
1320010022,1999,1320010,13,501,51,#,0.46,#,0.009
1320010023,1999,1320010,13,501,51,#,0.45,#,0.005
1320010024,1999,1320010,13,501,51,#,0.48,#,0.013
1320020001,1999,1320020,13,501,01,#,0.49,#,0.007
1320020002,1999,1320020,13,501,01,#,0.52,#,0.005
1320020003,1999,1320020,13,501,01,#,0.54,#,0.005
1320020004,1999,1320020,13,501,01,#,0.52,#,0.004
1320020005,1999,1320020,13,501,01,#,0.49,#,0.003
1320020006,1999,1320020,13,501,01,#,0.5,#,0.006
1320020007,1999,1320020,13,501,01,#,0.46,#,0.005
1320020008,1999,1320020,13,501,01,#,0.53,#,0.005
1320020009,1999,1320020,13,501,01,#,0.41,#,0.006
1320020010,1999,1320020,13,501,01,#,0.46,#,0.009
1320020011,1999,1320020,13,501,01,#,0.52,<,0.003
1320020012,1999,1320020,13,501,01,#,0.43,#,0.006
1320020013,1999,1320020,13,501,01,#,0.39,#,0.004
1320020014,1999,1320020,13,501,01,#,0.51,#,0.003
1320020015,1999,1320020,13,501,01,#,0.43,#,0.006
1320020016,1999,1320020,13,501,01,#,0.54,#,0.012
1320020017,1999,1320020,13,501,01,#,0.49,#,0.003
1320020018,1999,1320020,13,501,01,#,0.34,#,0.007
1320020019,1999,1320020,13,501,01,#,0.45,#,0.007
1320020020,1999,1320020,13,501,01,#,0.49,#,0.007
1320020021,1999,1320020,13,501,01,#,0.3,#,0.007
1320020022,1999,1320020,13,501,01,#,0.53,#,0.009
1320020023,1999,1320020,13,501,01,#,0.52,#,0.004
1320020024,1999,1320020,13,501,01,#,0.38,#,0.007
1320020025,1999,1320020,13,501,01,#,0.48,#,0.004
1320020026,1999,1320020,13,501,01,#,0.49,#,0.003
1320020027,1999,1320020,13,501,01,#,0.39,#,0.011
1320020028,1999,1320020,13,501,01,#,0.46,#,0.009
1320020029,1999,1320020,13,501,01,#,0.49,#,0.003
1320020030,1999,1320020,13,501,01,#,0.33,#,0.009
1320020031,1999,1320020,13,501,01,#,0.47,#,0.005
1320020032,1999,1320020,13,501,01,#,0.5,#,0.004
1320020033,1999,1320020,13,501,01,#,0.35,#,0.009
1320020034,1999,1320020,13,501,01,#,0.43,#,0.005
1320020035,1999,1320020,13,501,01,#,0.43,#,0.005
1320020036,1999,1320020,13,501,01,#,0.44,#,0.004
1330010001,1999,1330010,13,601,01,#,2.72,#,0.148
1330010002,1999,1330010,13,601,01,#,1.21,#,0.08
1330010003,1999,1330010,13,601,01,#,5.33,#,0.696
1330010004,1999,1330010,13,601,01,#,1.45,#,0.117
1330010005,1999,1330010,13,601,01,#,3.05,#,0.41
1330010006,1999,1330010,13,601,01,#,1.24,#,0.167
1330010007,1999,1330010,13,601,01,#,2.68,#,0.252
1330010008,1999,1330010,13,601,01,#,1.03,#,0.143
1330010009,1999,1330010,13,601,01,#,3.01,#,0.155
1330010010,1999,1330010,13,601,01,#,0.95,#,0.128
1330010011,1999,1330010,13,601,01,#,2.61,#,0.202
1330010012,1999,1330010,13,601,01,#,1.27,#,0.195
1330010013,1999,1330010,13,601,01,#,2.46,#,0.189
1330010014,1999,1330010,13,601,01,#,0.95,#,0.169
1330010015,1999,1330010,13,601,01,#,1.94,#,0.158
1330010016,1999,1330010,13,601,01,#,0.93,#,0.091
1330010017,1999,1330010,13,601,01,#,2.01,#,0.123
1330010018,1999,1330010,13,601,01,#,0.84,#,0.068
1330010019,1999,1330010,13,601,01,#,1.74,#,0.131
1330010020,1999,1330010,13,601,01,#,1.16,#,0.085
1330010021,1999,1330010,13,601,01,#,1.61,#,0.104
1330010022,1999,1330010,13,601,01,#,1.48,#,0.099
1330010023,1999,1330010,13,601,01,#,1.96,#,0.111
1330010024,1999,1330010,13,601,01,#,1.11,#,0.065
1330020001,1999,1330020,13,601,02,#,2.16,#,0.132
1330020002,1999,1330020,13,601,02,#,1.24,#,0.09
1330020003,1999,1330020,13,601,02,#,2.77,#,0.275
1330020004,1999,1330020,13,601,02,#,1.41,#,0.128
1330020005,1999,1330020,13,601,02,#,2.63,#,0.32
1330020006,1999,1330020,13,601,02,#,1.05,#,0.121
1330020007,1999,1330020,13,601,02,#,2.17,#,0.23
1330020008,1999,1330020,13,601,02,#,0.78,#,0.157
1330020009,1999,1330020,13,601,02,#,2.42,#,0.159
1330020010,1999,1330020,13,601,02,#,0.83,#,0.127
1330020011,1999,1330020,13,601,02,#,2.32,#,0.181
1330020012,1999,1330020,13,601,02,#,1.01,#,0.189
1330020013,1999,1330020,13,601,02,#,2.16,#,0.215
1330020014,1999,1330020,13,601,02,#,0.88,#,0.177
1330020015,1999,1330020,13,601,02,#,1.71,#,0.159
1330020016,1999,1330020,13,601,02,#,0.81,#,0.091
1330020017,1999,1330020,13,601,02,#,1.53,#,0.107
1330020018,1999,1330020,13,601,02,#,0.78,#,0.065
1330020019,1999,1330020,13,601,02,#,1.34,#,0.106
1330020020,1999,1330020,13,601,02,#,0.99,#,0.076
1330020021,1999,1330020,13,601,02,#,1.63,#,0.102
1330020022,1999,1330020,13,601,02,#,1.35,#,0.093
1330020023,1999,1330020,13,601,02,#,1.53,#,0.093
1330020024,1999,1330020,13,601,02,#,0.96,#,0.067
1330030001,1999,1330030,13,601,03,#,2.87,#,0.16
1330030002,1999,1330030,13,601,03,#,1.03,#,0.079
1330030003,1999,1330030,13,601,03,#,4.23,#,0.397
1330030004,1999,1330030,13,601,03,#,1.33,#,0.158
1330030005,1999,1330030,13,601,03,#,3.29,#,0.428
1330030006,1999,1330030,13,601,03,#,0.86,#,0.139
1330030007,1999,1330030,13,601,03,#,2.68,#,0.25
1330030008,1999,1330030,13,601,03,#,0.71,#,0.126
1330030009,1999,1330030,13,601,03,#,2.12,#,0.129
1330030010,1999,1330030,13,601,03,#,0.73,#,0.212
1330030011,1999,1330030,13,601,03,#,2.26,#,0.198
1330030012,1999,1330030,13,601,03,#,0.69,#,0.175
1330030013,1999,1330030,13,601,03,#,2.51,#,0.196
1330030014,1999,1330030,13,601,03,#,0.59,#,0.141
1330030015,1999,1330030,13,601,03,#,2.07,#,0.19
1330030016,1999,1330030,13,601,03,#,0.67,#,0.081
1330030017,1999,1330030,13,601,03,#,2.09,#,0.127
1330030018,1999,1330030,13,601,03,#,0.53,#,0.059
1330030019,1999,1330030,13,601,03,#,1.57,#,0.12
1330030020,1999,1330030,13,601,03,#,0.85,#,0.066
1330030021,1999,1330030,13,601,03,#,1.6,#,0.107
1330030022,1999,1330030,13,601,03,#,1.17,#,0.078
1330030023,1999,1330030,13,601,03,#,1.73,#,0.109
1330030024,1999,1330030,13,601,03,#,0.87,#,0.056
1330040001,1999,1330040,13,601,04,#,4.56,#,0.274
1330040002,1999,1330040,13,601,04,#,1.69,#,0.101
1330040003,1999,1330040,13,601,04,#,4.3,#,0.333
1330040004,1999,1330040,13,601,04,#,1.98,#,0.191
1330040005,1999,1330040,13,601,04,#,6.76,#,0.672
1330040006,1999,1330040,13,601,04,#,4.73,#,0.244
1330040007,1999,1330040,13,601,04,#,3.27,#,0.292
1330040008,1999,1330040,13,601,04,#,1.51,#,0.15
1330040009,1999,1330040,13,601,04,#,3.03,#,0.268
1330040010,1999,1330040,13,601,04,#,1.34,#,0.135
1330040011,1999,1330040,13,601,04,#,2.04,#,0.233
1330040012,1999,1330040,13,601,04,#,1.82,#,0.12
1330040013,1999,1330040,13,601,04,#,3.2,#,0.241
1330040014,1999,1330040,13,601,04,#,1.41,#,0.141
1330040015,1999,1330040,13,601,04,#,5.76,#,0.511
1330040016,1999,1330040,13,601,04,#,1.81,#,0.189
1330040017,1999,1330040,13,601,04,#,2.64,#,0.167
1330040018,1999,1330040,13,601,04,#,1.85,#,0.123
1330040019,1999,1330040,13,601,04,#,7.95,#,0.635
1330040020,1999,1330040,13,601,04,#,1.97,#,0.139
1330040021,1999,1330040,13,601,04,#,1.77,#,0.113
1330040022,1999,1330040,13,601,04,#,1.68,#,0.108
1330040023,1999,1330040,13,601,04,#,1.65,#,0.109
1330040024,1999,1330040,13,601,04,#,1.45,#,0.1
1330050001,1999,1330050,13,601,51,#,3.9,#,0.326
1330050002,1999,1330050,13,601,51,#,2.47,#,0.325
1330050003,1999,1330050,13,601,51,#,3.66,#,0.209
1330050004,1999,1330050,13,601,51,#,3.21,#,0.201
1330060001,1999,1330060,13,601,52,#,3.61,#,0.336
1330060002,1999,1330060,13,601,52,#,0.96,#,0.173
1330060003,1999,1330060,13,601,52,#,2.47,#,0.12
1330060004,1999,1330060,13,601,52,#,1.22,#,0.077
1330070001,1999,1330070,13,601,53,#,1.78,#,0.209
1330070002,1999,1330070,13,601,53,#,1.23,#,0.188
1330070003,1999,1330070,13,601,53,#,1.78,#,0.118
1330070004,1999,1330070,13,601,53,#,1.51,#,0.104
1330080001,1999,1330080,13,601,54,#,3.22,#,0.224
1330080002,1999,1330080,13,601,54,#,1.16,#,0.154
1330080003,1999,1330080,13,601,54,#,2.58,#,0.162
1330080004,1999,1330080,13,601,54,#,2.24,#,0.153
1330090001,1999,1330090,13,601,55,#,2.18,#,0.2
1330090002,1999,1330090,13,601,55,#,0.69,#,0.127
1330090003,1999,1330090,13,601,55,#,1.22,#,0.08
1330090004,1999,1330090,13,601,55,#,1.49,#,0.094
1330110001,1999,1330110,13,601,57,#,3.38,#,0.269
1330110002,1999,1330110,13,601,57,#,3.31,#,0.267
1330110003,1999,1330110,13,601,57,#,3.8,#,0.183
1330110004,1999,1330110,13,601,57,#,3.08,#,0.172
1330120001,1999,1330120,13,601,58,#,6.59,#,0.776
1330120003,1999,1330120,13,601,58,#,4.63,#,0.359
1330130001,1999,1330130,13,601,59,#,7.53,#,0.724
1330130003,1999,1330130,13,601,59,#,9.75,#,0.853
1330130005,1999,1330130,13,601,59,#,8.91,#,0.752
1330130007,1999,1330130,13,601,59,#,5.7,#,0.606
1330130009,1999,1330130,13,601,59,#,7.44,#,0.813
1330130011,1999,1330130,13,601,59,#,9.19,#,1.13
1330130013,1999,1330130,13,601,59,#,9.88,#,0.776
1330130015,1999,1330130,13,601,59,#,8.76,#,0.515
1330130017,1999,1330130,13,601,59,#,11.5,#,1.26
1330130019,1999,1330130,13,601,59,#,6.49,#,0.542
1330130021,1999,1330130,13,601,59,#,5.76,#,0.497
1330130023,1999,1330130,13,601,59,#,8.24,#,0.778
1330150001,1999,1330150,13,601,61,#,6.87,#,0.689
1330150003,1999,1330150,13,601,61,#,6.57,#,0.636
1330150005,1999,1330150,13,601,61,#,7.37,#,0.756
1330150007,1999,1330150,13,601,61,#,7.4,#,0.88
1330150009,1999,1330150,13,601,61,#,5.27,#,0.577
1330150011,1999,1330150,13,601,61,#,8.87,#,1.16
1330150013,1999,1330150,13,601,61,#,7.77,#,0.7
1330150015,1999,1330150,13,601,61,#,6.03,#,0.333
1330150017,1999,1330150,13,601,61,#,6.25,#,0.6
1330150019,1999,1330150,13,601,61,#,4.45,#,0.343
1330150021,1999,1330150,13,601,61,#,3.41,#,0.281
1330150023,1999,1330150,13,601,61,#,4.44,#,0.296
1330170001,1999,1330170,13,601,63,#,5.36,#,0.315
1330170003,1999,1330170,13,601,63,#,3.99,#,0.189
1330180001,1999,1330180,13,601,64,#,5.36,#,0.38
1330180003,1999,1330180,13,601,64,#,6.37,#,0.604
1330180005,1999,1330180,13,601,64,#,5.88,#,0.634
1330180007,1999,1330180,13,601,64,#,4.85,#,0.438
1330180009,1999,1330180,13,601,64,#,4.77,#,0.357
1330180011,1999,1330180,13,601,64,#,8.94,#,0.377
1330180013,1999,1330180,13,601,64,#,3.58,#,0.339
1330180015,1999,1330180,13,601,64,#,3.79,#,0.21
1330180017,1999,1330180,13,601,64,#,4.33,#,0.207
1330180019,1999,1330180,13,601,64,#,3.1,#,0.178
1330180021,1999,1330180,13,601,64,#,2.89,#,0.167
1330180023,1999,1330180,13,601,64,#,3.73,#,0.206
1330190001,1999,1330190,13,601,65,#,5.22,#,0.643
1330190003,1999,1330190,13,601,65,#,3.1,#,0.184
1330210001,1999,1330210,13,601,67,#,5.42,#,0.287
1330210003,1999,1330210,13,601,67,#,2.84,#,0.146
1330220001,1999,1330220,13,601,68,#,5.09,#,0.283
1330220003,1999,1330220,13,601,68,#,3.75,#,0.169
1330230001,1999,1330230,13,601,69,#,5.07,#,0.262
1330230003,1999,1330230,13,601,69,#,5.84,#,0.426
1330230005,1999,1330230,13,601,69,#,4.79,#,0.341
1330230007,1999,1330230,13,601,69,#,4.71,#,0.229
1330230009,1999,1330230,13,601,69,#,5.53,#,0.268
1330230011,1999,1330230,13,601,69,#,5.03,#,0.333
1330230013,1999,1330230,13,601,69,#,2.5,#,0.246
1330230015,1999,1330230,13,601,69,#,3.1,#,0.161
1330230017,1999,1330230,13,601,69,#,5.94,#,0.27
1330230019,1999,1330230,13,601,69,#,3.89,#,0.177
1330230021,1999,1330230,13,601,69,#,2.72,#,0.151
1330230023,1999,1330230,13,601,69,#,4.34,#,0.217
1330240001,1999,1330240,13,601,70,#,5.07,#,0.388
1330240003,1999,1330240,13,601,70,#,5.57,#,0.614
1330240005,1999,1330240,13,601,70,#,5.68,#,0.589
1330240007,1999,1330240,13,601,70,#,5.08,#,0.593
1330240009,1999,1330240,13,601,70,#,4.74,#,0.34
1330240011,1999,1330240,13,601,70,#,4.67,#,0.349
1330240013,1999,1330240,13,601,70,#,2.75,#,0.299
1330240015,1999,1330240,13,601,70,#,4.28,#,0.252
1330240017,1999,1330240,13,601,70,#,2.32,#,0.133
1330240019,1999,1330240,13,601,70,#,2.28,#,0.137
1330240021,1999,1330240,13,601,70,#,2.16,#,0.111
1330240023,1999,1330240,13,601,70,#,2.56,#,0.152
1330250001,1999,1330250,13,601,71,#,4.76,#,0.311
1330250003,1999,1330250,13,601,71,#,1.71,#,0.112
1330260001,1999,1330260,13,601,72,#,2.72,#,0.19
1330260003,1999,1330260,13,601,72,#,11.9,#,0.402
1330260005,1999,1330260,13,601,72,#,2.74,#,0.282
1330260007,1999,1330260,13,601,72,#,2.59,#,0.201
1330260009,1999,1330260,13,601,72,#,3.68,#,0.27
1330260011,1999,1330260,13,601,72,#,4.57,#,0.32
1330260013,1999,1330260,13,601,72,#,1.57,#,0.201
1330260015,1999,1330260,13,601,72,#,2.05,#,0.126
1330260017,1999,1330260,13,601,72,#,2.91,#,0.149
1330260019,1999,1330260,13,601,72,#,1.93,#,0.095
1330260021,1999,1330260,13,601,72,#,2.13,#,0.106
1330260023,1999,1330260,13,601,72,#,1.99,#,0.124
1330280001,1999,1330280,13,601,74,#,10.2,#,1.46
1330280003,1999,1330280,13,601,74,#,12,#,2.01
1330280005,1999,1330280,13,601,74,#,10.4,#,0.815
1330280007,1999,1330280,13,601,74,#,9.57,#,0.737
1330280009,1999,1330280,13,601,74,#,12.1,#,0.724
1330280011,1999,1330280,13,601,74,#,9.76,#,0.852
1330280013,1999,1330280,13,601,74,#,10.2,#,0.654
1330280015,1999,1330280,13,601,74,#,9.92,#,0.595
1330280017,1999,1330280,13,601,74,#,13.9,#,0.393
1330280019,1999,1330280,13,601,74,#,11.3,#,0.695
1330280021,1999,1330280,13,601,74,#,15.7,#,1.02
1330280023,1999,1330280,13,601,74,#,9.94,#,0.358
1330290001,1999,1330290,13,601,75,#,4.45,#,0.375
1330290003,1999,1330290,13,601,75,#,8.69,#,0.745
1330290005,1999,1330290,13,601,75,#,4.36,#,0.482
1330290007,1999,1330290,13,601,75,#,5.06,#,0.531
1330290009,1999,1330290,13,601,75,#,6.72,#,0.427
1330290011,1999,1330290,13,601,75,#,4.91,#,0.379
1330290013,1999,1330290,13,601,75,#,4.47,#,0.288
1330290015,1999,1330290,13,601,75,#,5.43,#,0.277
1330290017,1999,1330290,13,601,75,#,4.57,#,0.193
1330290019,1999,1330290,13,601,75,#,3.15,#,0.207
1330290021,1999,1330290,13,601,75,#,5.05,#,0.297
1330290023,1999,1330290,13,601,75,#,3.91,#,0.188
1330300001,1999,1330300,13,601,76,#,10,#,1.09
1330300003,1999,1330300,13,601,76,#,12.8,#,0.727
1330300005,1999,1330300,13,601,76,#,9.52,#,0.868
1330300007,1999,1330300,13,601,76,#,8.58,#,0.47
1330300009,1999,1330300,13,601,76,#,7.23,#,0.481
1330300011,1999,1330300,13,601,76,#,12.2,#,0.839
1330300013,1999,1330300,13,601,76,#,11.5,#,0.371
1330300015,1999,1330300,13,601,76,#,12.1,#,0.362
1330300017,1999,1330300,13,601,76,#,13.3,#,0.407
1330300019,1999,1330300,13,601,76,#,12.7,#,0.692
1330300021,1999,1330300,13,601,76,#,13.8,#,0.889
1330300023,1999,1330300,13,601,76,#,9,#,0.434
1330320001,1999,1330320,13,601,78,#,5.19,#,0.415
1330320003,1999,1330320,13,601,78,#,4.32,#,0.404
1330320005,1999,1330320,13,601,78,#,3.2,#,0.366
1330320007,1999,1330320,13,601,78,#,3.59,#,0.313
1330320009,1999,1330320,13,601,78,#,4.22,#,0.337
1330320011,1999,1330320,13,601,78,#,3.26,#,0.331
1330320013,1999,1330320,13,601,78,#,2.86,#,0.261
1330320015,1999,1330320,13,601,78,#,2.33,#,0.195
1330320017,1999,1330320,13,601,78,#,4.02,#,0.29
1330320019,1999,1330320,13,601,78,#,2.46,#,0.166
1330320021,1999,1330320,13,601,78,#,2.87,#,0.174
1330320023,1999,1330320,13,601,78,#,4.82,#,0.304
1330330001,1999,1330330,13,601,79,#,2.71,#,0.27
1330330003,1999,1330330,13,601,79,#,2.91,#,0.222
1330340001,1999,1330340,13,601,80,#,8.34,#,0.343
1330340003,1999,1330340,13,601,80,#,6.42,#,0.424
1330340005,1999,1330340,13,601,80,#,4.76,#,0.347
1330340007,1999,1330340,13,601,80,#,5.62,#,0.457
1330340009,1999,1330340,13,601,80,#,6.03,#,0.546
1330340011,1999,1330340,13,601,80,#,4.35,#,0.388
1330340013,1999,1330340,13,601,80,#,3.79,#,0.345
1330340015,1999,1330340,13,601,80,#,6.46,#,0.346
1330340017,1999,1330340,13,601,80,#,8.36,#,0.68
1330340019,1999,1330340,13,601,80,#,5.37,#,0.336
1330340021,1999,1330340,13,601,80,#,8.28,#,0.631
1330340023,1999,1330340,13,601,80,#,10.9,#,0.673
1330350001,1999,1330350,13,601,81,#,7.43,#,0.541
1330350003,1999,1330350,13,601,81,#,6.65,#,0.604
1330350005,1999,1330350,13,601,81,#,2.95,#,0.301
1330350007,1999,1330350,13,601,81,#,4.82,#,0.414
1330350009,1999,1330350,13,601,81,#,3.69,#,0.257
1330350011,1999,1330350,13,601,81,#,6.38,#,0.725
1330350013,1999,1330350,13,601,81,#,7.66,#,0.679
1330350015,1999,1330350,13,601,81,#,6.74,#,0.569
1330350017,1999,1330350,13,601,81,#,7.96,#,0.766
1330350019,1999,1330350,13,601,81,#,11,#,0.903
1330350021,1999,1330350,13,601,81,#,8.26,#,0.741
1330350023,1999,1330350,13,601,81,#,8.58,#,0.784
1330370001,1999,1330370,13,602,01,#,2.81,#,0.167
1330370002,1999,1330370,13,602,01,#,1.4,#,0.077
1330370003,1999,1330370,13,602,01,#,3.04,#,0.2
1330370004,1999,1330370,13,602,01,#,1.4,#,0.095
1330370005,1999,1330370,13,602,01,#,2,#,0.234
1330370006,1999,1330370,13,602,01,#,1.23,#,0.168
1330370007,1999,1330370,13,602,01,#,2.33,#,0.138
1330370008,1999,1330370,13,602,01,#,1.04,#,0.154
1330370009,1999,1330370,13,602,01,#,2.18,#,0.171
1330370010,1999,1330370,13,602,01,#,1.09,#,0.094
1330370011,1999,1330370,13,602,01,#,2.52,#,0.156
1330370012,1999,1330370,13,602,01,#,1.3,#,0.081
1330370013,1999,1330370,13,602,01,#,2.47,#,0.141
1330370014,1999,1330370,13,602,01,#,0.91,#,0.098
1330370015,1999,1330370,13,602,01,#,3.02,#,0.222
1330370016,1999,1330370,13,602,01,#,0.97,#,0.092
1330370017,1999,1330370,13,602,01,#,2.41,#,0.156
1330370018,1999,1330370,13,602,01,#,0.89,#,0.075
1330370019,1999,1330370,13,602,01,#,1.38,#,0.107
1330370020,1999,1330370,13,602,01,#,1.25,#,0.099
1330370021,1999,1330370,13,602,01,#,1.86,#,0.115
1330370022,1999,1330370,13,602,01,#,1.12,#,0.096
1330370023,1999,1330370,13,602,01,#,1.99,#,0.158
1330370024,1999,1330370,13,602,01,#,0.79,#,0.05
1330380001,1999,1330380,13,602,51,#,1.46,#,0.133
1330380002,1999,1330380,13,602,51,#,0.88,#,0.111
1330380003,1999,1330380,13,602,51,#,1.51,#,0.094
1330380004,1999,1330380,13,602,51,#,1.02,#,0.073
1330390001,1999,1330390,13,602,52,#,1.05,#,0.115
1330390002,1999,1330390,13,602,52,#,0.74,#,0.101
1330390003,1999,1330390,13,602,52,#,1.17,#,0.086
1330390004,1999,1330390,13,602,52,#,1.1,#,0.082
1330400001,1999,1330400,13,602,53,#,2.08,#,0.192
1330400002,1999,1330400,13,602,53,#,1.44,#,0.142
1330400003,1999,1330400,13,602,53,#,1.54,#,0.104
1330400004,1999,1330400,13,602,53,#,1.37,#,0.082
1330410001,1999,1330410,13,602,55,#,2.47,#,0.228
1330410002,1999,1330410,13,602,55,#,0.51,#,0.09
1330410003,1999,1330410,13,602,55,#,1.53,#,0.087
1330410004,1999,1330410,13,602,55,#,1.31,#,0.079
1330420001,1999,1330420,13,602,56,#,2.32,#,0.194
1330420002,1999,1330420,13,602,56,#,0.74,#,0.127
1330420003,1999,1330420,13,602,56,#,1.84,#,0.118
1330420004,1999,1330420,13,602,56,#,0.65,#,0.05
1330440001,1999,1330440,13,603,01,#,1.41,#,0.074
1330440002,1999,1330440,13,603,01,#,0.94,#,0.065
1330440003,1999,1330440,13,603,01,#,1.46,#,0.075
1330440004,1999,1330440,13,603,01,#,1.02,#,0.073
1330440005,1999,1330440,13,603,01,#,1.42,#,0.11
1330440006,1999,1330440,13,603,01,#,0.9,#,0.106
1330440007,1999,1330440,13,603,01,#,1.28,#,0.113
1330440008,1999,1330440,13,603,01,#,0.56,#,0.104
1330440009,1999,1330440,13,603,01,#,1.59,#,0.108
1330440010,1999,1330440,13,603,01,#,0.62,#,0.104
1330440011,1999,1330440,13,603,01,#,1.09,#,0.064
1330440012,1999,1330440,13,603,01,#,0.77,#,0.059
1330440013,1999,1330440,13,603,01,#,0.97,#,0.084
1330440014,1999,1330440,13,603,01,#,0.83,#,0.201
1330440015,1999,1330440,13,603,01,#,1,#,0.073
1330440016,1999,1330440,13,603,01,#,0.67,#,0.061
1330440017,1999,1330440,13,603,01,#,0.9,#,0.069
1330440018,1999,1330440,13,603,01,#,0.64,#,0.058
1330440019,1999,1330440,13,603,01,#,1.02,#,0.065
1330440020,1999,1330440,13,603,01,#,0.61,#,0.05
1330440021,1999,1330440,13,603,01,#,1.23,#,0.073
1330440022,1999,1330440,13,603,01,#,0.91,#,0.056
1330440023,1999,1330440,13,603,01,#,1.1,#,0.078
1330440024,1999,1330440,13,603,01,#,0.75,#,0.049
1330450001,1999,1330450,13,603,02,#,2.09,#,0.12
1330450002,1999,1330450,13,603,02,#,0.91,#,0.073
1330450003,1999,1330450,13,603,02,#,1.68,#,0.11
1330450004,1999,1330450,13,603,02,#,1.1,#,0.146
1330450005,1999,1330450,13,603,02,#,4.88,#,0.212
1330450006,1999,1330450,13,603,02,#,0.86,#,0.116
1330450007,1999,1330450,13,603,02,#,2.08,#,0.161
1330450008,1999,1330450,13,603,02,#,0.6,#,0.097
1330450009,1999,1330450,13,603,02,#,1.84,#,0.101
1330450010,1999,1330450,13,603,02,#,0.59,#,0.161
1330450011,1999,1330450,13,603,02,#,1.62,#,0.106
1330450012,1999,1330450,13,603,02,#,0.92,#,0.151
1330450013,1999,1330450,13,603,02,#,2.47,#,0.165
1330450014,1999,1330450,13,603,02,#,0.67,#,0.14
1330450015,1999,1330450,13,603,02,#,1.8,#,0.14
1330450016,1999,1330450,13,603,02,#,0.63,#,0.072
1330450017,1999,1330450,13,603,02,#,1.77,#,0.113
1330450018,1999,1330450,13,603,02,#,0.57,#,0.052
1330450019,1999,1330450,13,603,02,#,1.59,#,0.098
1330450020,1999,1330450,13,603,02,#,0.69,#,0.051
1330450021,1999,1330450,13,603,02,#,1.55,#,0.095
1330450022,1999,1330450,13,603,02,#,0.95,#,0.063
1330450023,1999,1330450,13,603,02,#,1.46,#,0.087
1330450024,1999,1330450,13,603,02,#,0.71,#,0.053
1330460001,1999,1330460,13,603,51,#,2.01,#,0.145
1330460002,1999,1330460,13,603,51,#,0.67,#,0.086
1330460003,1999,1330460,13,603,51,#,1.81,#,0.094
1330460004,1999,1330460,13,603,51,#,1.06,#,0.056
1330470001,1999,1330470,13,603,52,#,1.4,#,0.124
1330470002,1999,1330470,13,603,52,#,0.73,#,0.128
1330470003,1999,1330470,13,603,52,#,1.5,#,0.098
1330470004,1999,1330470,13,603,52,#,0.85,#,0.058
1330480001,1999,1330480,13,603,53,#,1.33,#,0.123
1330480002,1999,1330480,13,603,53,#,0.66,#,0.129
1330480003,1999,1330480,13,603,53,#,1.33,#,0.089
1330480004,1999,1330480,13,603,53,#,0.83,#,0.064
1330500001,1999,1330500,13,603,55,#,1.62,#,0.128
1330500002,1999,1330500,13,603,55,#,0.63,#,0.092
1330500003,1999,1330500,13,603,55,#,1.35,#,0.074
1330500004,1999,1330500,13,603,55,#,0.81,#,0.056
1330510001,1999,1330510,13,603,56,#,1.44,#,0.122
1330510002,1999,1330510,13,603,56,#,0.68,#,0.091
1330510003,1999,1330510,13,603,56,#,1.32,#,0.087
1330510004,1999,1330510,13,603,56,#,0.75,#,0.052
1330520001,1999,1330520,13,603,57,#,2.78,#,0.233
1330520002,1999,1330520,13,603,57,#,1.33,#,0.155
1330520003,1999,1330520,13,603,57,#,2.04,#,0.111
1330520004,1999,1330520,13,603,57,#,1.2,#,0.078
1330530001,1999,1330530,13,603,58,#,1.71,#,0.15
1330530002,1999,1330530,13,603,58,#,0.62,#,0.092
1330530003,1999,1330530,13,603,58,#,1.18,#,0.07
1330530004,1999,1330530,13,603,58,#,0.97,#,0.056
1330540001,1999,1330540,13,603,59,#,1.07,#,0.103
1330540002,1999,1330540,13,603,59,#,0.55,#,0.094
1330540003,1999,1330540,13,603,59,#,1.23,#,0.074
1330540004,1999,1330540,13,603,59,#,0.68,#,0.051
1330560001,1999,1330560,13,603,61,#,1.72,#,0.143
1330560002,1999,1330560,13,603,61,#,0.59,#,0.107
1330560003,1999,1330560,13,603,61,#,1.31,#,0.078
1330560004,1999,1330560,13,603,61,#,0.68,#,0.05
1330570001,1999,1330570,13,603,62,#,1.17,#,0.112
1330570002,1999,1330570,13,603,62,#,0.49,#,0.083
1330570003,1999,1330570,13,603,62,#,1,#,0.06
1330570004,1999,1330570,13,603,62,#,0.7,#,0.051
1330580001,1999,1330580,13,603,63,#,1.73,#,0.162
1330580002,1999,1330580,13,603,63,#,0.69,#,0.077
1330580003,1999,1330580,13,603,63,#,1.35,#,0.088
1330580004,1999,1330580,13,603,63,#,0.52,#,0.044
1330590001,1999,1330590,13,603,64,#,0.93,#,0.096
1330590002,1999,1330590,13,603,64,#,0.55,#,0.085
1330590003,1999,1330590,13,603,64,#,0.97,#,0.059
1330590004,1999,1330590,13,603,64,#,0.69,#,0.047
1330600001,1999,1330600,13,604,01,#,1.51,#,0.088
1330600002,1999,1330600,13,604,01,#,0.7,#,0.049
1330600003,1999,1330600,13,604,01,#,2.62,#,0.055
1330600004,1999,1330600,13,604,01,#,0.98,#,0.097
1330600005,1999,1330600,13,604,01,#,1.07,#,0.085
1330600006,1999,1330600,13,604,01,#,0.64,#,0.076
1330600007,1999,1330600,13,604,01,#,0.86,#,0.099
1330600008,1999,1330600,13,604,01,#,0.65,#,0.078
1330600009,1999,1330600,13,604,01,#,1.12,#,0.067
1330600010,1999,1330600,13,604,01,#,0.5,#,0.085
1330600011,1999,1330600,13,604,01,#,0.96,#,0.068
1330600012,1999,1330600,13,604,01,#,0.62,#,0.14
1330600013,1999,1330600,13,604,01,#,0.9,#,0.072
1330600014,1999,1330600,13,604,01,#,0.35,#,0.065
1330600015,1999,1330600,13,604,01,#,0.82,#,0.065
1330600016,1999,1330600,13,604,01,#,0.5,#,0.06
1330600017,1999,1330600,13,604,01,#,0.87,#,0.067
1330600018,1999,1330600,13,604,01,#,0.46,#,0.04
1330600019,1999,1330600,13,604,01,#,0.89,#,0.059
1330600020,1999,1330600,13,604,01,#,0.55,#,0.048
1330600021,1999,1330600,13,604,01,#,1.11,#,0.057
1330600022,1999,1330600,13,604,01,#,0.8,#,0.054
1330600023,1999,1330600,13,604,01,#,0.92,#,0.06
1330600024,1999,1330600,13,604,01,#,0.76,#,0.043
