レコードID,測定年度,絶対番号,都道府県コード,水域コード,地点コード,全窒素_C,全窒素(mg/l),全燐_C,全燐(mg/l)
1310010001,1991,1310010,13,001,01,#,2,#,0.12
1310010004,1991,1310010,13,001,01,#,2.6,#,0.18
1310010007,1991,1310010,13,001,01,#,2.2,#,0.16
1310010010,1991,1310010,13,001,01,#,3.1,#,0.33
1310010017,1991,1310010,13,001,01,#,2.3,#,0.16
1310010020,1991,1310010,13,001,01,#,3.1,#,0.11
1310010023,1991,1310010,13,001,01,#,3.8,#,0.1
1310010026,1991,1310010,13,001,01,#,3.6,#,0.1
1310010029,1991,1310010,13,001,01,#,2.8,#,0.11
1310010036,1991,1310010,13,001,01,#,3.8,#,0.16
1310010039,1991,1310010,13,001,01,#,3.8,#,0.2
1310010042,1991,1310010,13,001,01,#,3,#,0.22
1310020001,1991,1310020,13,001,51,#,2.2,#,0.079
1310020002,1991,1310020,13,001,51,#,2.2,#,0.11
1310020003,1991,1310020,13,001,51,#,2.5,#,0.15
1310020004,1991,1310020,13,001,51,#,2.3,#,0.1
1310020005,1991,1310020,13,001,51,#,2.6,#,0.13
1310020006,1991,1310020,13,001,51,#,3.2,#,0.091
1310020007,1991,1310020,13,001,51,#,4.6,#,0.078
1310020008,1991,1310020,13,001,51,#,4.3,#,0.068
1310020009,1991,1310020,13,001,51,#,3.6,#,0.099
1310020010,1991,1310020,13,001,51,#,4.3,#,0.13
1310020011,1991,1310020,13,001,51,#,4.5,#,0.17
1310020012,1991,1310020,13,001,51,#,3.1,#,0.16
1310030001,1991,1310030,13,002,01,#,2.1,#,0.18
1310030004,1991,1310030,13,002,01,#,2.6,#,0.17
1310030007,1991,1310030,13,002,01,#,2.5,#,0.19
1310030010,1991,1310030,13,002,01,#,3.2,#,0.22
1310030017,1991,1310030,13,002,01,#,2.6,#,0.17
1310030020,1991,1310030,13,002,01,#,3.1,#,0.092
1310030023,1991,1310030,13,002,01,#,3.8,#,0.12
1310030026,1991,1310030,13,002,01,#,3.7,#,0.11
1310030029,1991,1310030,13,002,01,#,3.3,#,0.12
1310030036,1991,1310030,13,002,01,#,3.8,#,0.17
1310030039,1991,1310030,13,002,01,#,4,#,0.28
1310030042,1991,1310030,13,002,01,#,3.8,#,0.23
1310040001,1991,1310040,13,002,51,#,2,#,0.12
1310040003,1991,1310040,13,002,51,#,2.6,#,0.14
1310040005,1991,1310040,13,002,51,#,2.6,#,0.17
1310040007,1991,1310040,13,002,51,#,2.9,#,0.25
1310040009,1991,1310040,13,002,51,#,2.5,#,0.19
1310040011,1991,1310040,13,002,51,#,3.2,#,0.1
1310040013,1991,1310040,13,002,51,#,3.8,#,0.1
1310040015,1991,1310040,13,002,51,#,3.7,#,0.1
1310040017,1991,1310040,13,002,51,#,2.9,#,0.1
1310040019,1991,1310040,13,002,51,#,3.4,#,0.12
1310040021,1991,1310040,13,002,51,#,3.6,#,0.23
1310040023,1991,1310040,13,002,51,#,3.8,#,0.25
1310060001,1991,1310060,13,003,01,#,2.8,#,0.14
1310060005,1991,1310060,13,003,01,#,3.1,#,0.18
1310060009,1991,1310060,13,003,01,#,3.5,#,0.2
1310060013,1991,1310060,13,003,01,#,3.2,#,0.23
1310060017,1991,1310060,13,003,01,#,2.9,#,0.15
1310060021,1991,1310060,13,003,01,#,3.9,#,0.09
1310060025,1991,1310060,13,003,01,#,5.2,#,0.12
1310060029,1991,1310060,13,003,01,#,4.6,#,0.12
1310060033,1991,1310060,13,003,01,#,3.7,#,0.16
1310060037,1991,1310060,13,003,01,#,5.5,#,0.14
1310060041,1991,1310060,13,003,01,#,5.4,#,0.29
1310060045,1991,1310060,13,003,01,#,5.3,#,0.22
1310090002,1991,1310090,13,004,01,#,5.8,#,0.28
1310090005,1991,1310090,13,004,01,#,2.6,#,0.21
1310090008,1991,1310090,13,004,01,#,2.7,#,0.18
1310090011,1991,1310090,13,004,01,#,2.6,#,0.2
1310090018,1991,1310090,13,004,01,#,2.4,#,0.25
1310090021,1991,1310090,13,004,01,#,3,#,0.14
1310090024,1991,1310090,13,004,01,#,2.8,#,0.24
1310090027,1991,1310090,13,004,01,#,6.2,#,0.25
1310090030,1991,1310090,13,004,01,#,6.4,#,0.29
1310090033,1991,1310090,13,004,01,#,8.9,#,0.51
1310090040,1991,1310090,13,004,01,#,8.7,#,0.59
1310090043,1991,1310090,13,004,01,#,8.5,#,0.5
1310100001,1991,1310100,13,004,02,#,6,#,0.6
1310100005,1991,1310100,13,004,02,#,3.5,#,0.28
1310100009,1991,1310100,13,004,02,#,3.3,#,0.24
1310100013,1991,1310100,13,004,02,#,2.7,#,0.25
1310100017,1991,1310100,13,004,02,#,3.7,#,0.43
1310100021,1991,1310100,13,004,02,#,3.4,#,0.14
1310100025,1991,1310100,13,004,02,#,4.6,#,0.13
1310100029,1991,1310100,13,004,02,#,4.8,#,0.15
1310100033,1991,1310100,13,004,02,#,3.3,#,0.2
1310100037,1991,1310100,13,004,02,#,5,#,0.23
1310100041,1991,1310100,13,004,02,#,6.6,#,0.32
1310100045,1991,1310100,13,004,02,#,6.3,#,0.32
1310110002,1991,1310110,13,004,51,#,5.6,#,0.29
1310110004,1991,1310110,13,004,51,#,2.7,#,0.22
1310110006,1991,1310110,13,004,51,#,2.5,#,0.19
1310110008,1991,1310110,13,004,51,#,2.7,#,0.2
1310110010,1991,1310110,13,004,51,#,2.1,#,0.15
1310110012,1991,1310110,13,004,51,#,2.8,#,0.13
1310110014,1991,1310110,13,004,51,#,2.7,#,0.23
1310110016,1991,1310110,13,004,51,#,6.1,#,0.26
1310110018,1991,1310110,13,004,51,#,5.9,#,0.29
1310110020,1991,1310110,13,004,51,#,8.5,#,0.49
1310110022,1991,1310110,13,004,51,#,8,#,0.49
1310110024,1991,1310110,13,004,51,#,8.4,#,0.54
1310140002,1991,1310140,13,005,01,#,8.5,#,0.95
1310140004,1991,1310140,13,005,01,#,6,#,0.65
1310140006,1991,1310140,13,005,01,#,4.3,#,0.31
1310140008,1991,1310140,13,005,01,#,4.3,#,0.57
1310140021,1991,1310140,13,005,01,#,4.4,#,0.67
1310140023,1991,1310140,13,005,01,#,5.1,#,0.48
1310140025,1991,1310140,13,005,01,#,5.3,#,0.29
1310140027,1991,1310140,13,005,01,#,6.3,#,0.68
1310140029,1991,1310140,13,005,01,#,8.7,#,0.83
1310140031,1991,1310140,13,005,01,#,11,#,1.1
1310140044,1991,1310140,13,005,01,#,11,#,1.1
1310140046,1991,1310140,13,005,01,#,11,#,1.1
1310160001,1991,1310160,13,005,52,#,8.1,#,1
1310160003,1991,1310160,13,005,52,#,7.1,#,0.94
1310160005,1991,1310160,13,005,52,#,5.5,#,0.72
1310160007,1991,1310160,13,005,52,#,4.4,#,0.7
1310160009,1991,1310160,13,005,52,#,5.4,#,0.97
1310160011,1991,1310160,13,005,52,#,3.6,#,0.2
1310160013,1991,1310160,13,005,52,#,5.7,#,0.81
1310160015,1991,1310160,13,005,52,#,5.2,#,0.62
1310160018,1991,1310160,13,005,52,#,7.4,#,0.68
1310160020,1991,1310160,13,005,52,#,12,#,1.6
1310160021,1991,1310160,13,005,52,#,11,#,1.1
1310160023,1991,1310160,13,005,52,#,9.9,#,0.95
1310180001,1991,1310180,13,006,01,#,6.5,#,0.36
1310180004,1991,1310180,13,006,01,#,8.1,#,0.55
1310180007,1991,1310180,13,006,01,#,3.4,#,0.32
1310180010,1991,1310180,13,006,01,#,5.1,#,0.31
1310180013,1991,1310180,13,006,01,#,6.6,#,0.61
1310180021,1991,1310180,13,006,01,#,2.9,#,0.24
1310180024,1991,1310180,13,006,01,#,3.1,#,0.18
1310180027,1991,1310180,13,006,01,#,5.7,#,0.27
1310180030,1991,1310180,13,006,01,#,7.1,#,0.37
1310180033,1991,1310180,13,006,01,#,9.2,#,0.51
1310180036,1991,1310180,13,006,01,#,7.7,#,0.45
1310180044,1991,1310180,13,006,01,#,9.3,#,0.51
1310190001,1991,1310190,13,006,02,#,2.9,#,0.17
1310190004,1991,1310190,13,006,02,#,4.7,#,0.35
1310190007,1991,1310190,13,006,02,#,3.4,#,0.25
1310190010,1991,1310190,13,006,02,#,4.5,#,0.31
1310190013,1991,1310190,13,006,02,#,3.9,#,0.41
1310190021,1991,1310190,13,006,02,#,2.6,#,0.16
1310190024,1991,1310190,13,006,02,#,2.9,#,0.16
1310190027,1991,1310190,13,006,02,#,2.2,#,0.13
1310190030,1991,1310190,13,006,02,#,2.8,#,0.15
1310190033,1991,1310190,13,006,02,#,2.1,#,0.099
1310190036,1991,1310190,13,006,02,#,4.1,#,0.22
1310190044,1991,1310190,13,006,02,#,7.5,#,0.4
1310200001,1991,1310200,13,006,51,#,5.8,#,0.3
1310200003,1991,1310200,13,006,51,#,8.8,#,0.65
1310200005,1991,1310200,13,006,51,#,3,#,0.23
1310200007,1991,1310200,13,006,51,#,3.5,#,0.2
1310200009,1991,1310200,13,006,51,#,5.3,#,0.28
1310200011,1991,1310200,13,006,51,#,2.7,#,0.2
1310200013,1991,1310200,13,006,51,#,2.7,#,0.18
1310200015,1991,1310200,13,006,51,#,6.3,#,0.21
1310200017,1991,1310200,13,006,51,#,7.6,#,0.36
1310200019,1991,1310200,13,006,51,#,8.3,#,0.55
1310200021,1991,1310200,13,006,51,#,8.1,#,0.57
1310200023,1991,1310200,13,006,51,#,8.9,#,0.5
1310210001,1991,1310210,13,006,52,#,6.9,#,0.44
1310210003,1991,1310210,13,006,52,#,9.9,#,0.89
1310210005,1991,1310210,13,006,52,#,3.4,#,0.28
1310210007,1991,1310210,13,006,52,#,5.9,#,0.43
1310210009,1991,1310210,13,006,52,#,4.8,#,0.32
1310210011,1991,1310210,13,006,52,#,2.7,#,0.25
1310210013,1991,1310210,13,006,52,#,2.7,#,0.2
1310210015,1991,1310210,13,006,52,#,6.8,#,0.27
1310210017,1991,1310210,13,006,52,#,8.3,#,0.39
1310210019,1991,1310210,13,006,52,#,9.3,#,0.75
1310210021,1991,1310210,13,006,52,#,8.1,#,0.63
1310210023,1991,1310210,13,006,52,#,9.8,#,0.66
1310220001,1991,1310220,13,006,53,#,2.2,#,0.18
1310220003,1991,1310220,13,006,53,#,5,#,0.35
1310220005,1991,1310220,13,006,53,#,3,#,0.24
1310220007,1991,1310220,13,006,53,#,3.6,#,0.33
1310220009,1991,1310220,13,006,53,#,5.4,#,0.45
1310220011,1991,1310220,13,006,53,#,2.4,#,0.17
1310220013,1991,1310220,13,006,53,#,2.9,#,0.15
1310220015,1991,1310220,13,006,53,#,1.4,#,0.14
1310220017,1991,1310220,13,006,53,#,2.2,#,0.15
1310220019,1991,1310220,13,006,53,#,3.5,#,0.094
1310220021,1991,1310220,13,006,53,#,5.8,#,0.3
1310220023,1991,1310220,13,006,53,#,8.4,#,0.48
1310230001,1991,1310230,13,007,01,#,10,#,0.76
1310230005,1991,1310230,13,007,01,#,12,#,0.84
1310230009,1991,1310230,13,007,01,#,12,#,0.83
1310230013,1991,1310230,13,007,01,#,7.9,#,0.53
1310230017,1991,1310230,13,007,01,#,7.7,#,0.52
1310230021,1991,1310230,13,007,01,#,6.5,#,0.37
1310230025,1991,1310230,13,007,01,#,10,#,0.42
1310230029,1991,1310230,13,007,01,#,9.3,#,0.42
1310230033,1991,1310230,13,007,01,#,8.1,#,0.41
1310230037,1991,1310230,13,007,01,#,10,#,0.51
1310230041,1991,1310230,13,007,01,#,10,#,1.7
1310230045,1991,1310230,13,007,01,#,11,#,0.57
1310240001,1991,1310240,13,007,02,#,11,#,0.76
1310240005,1991,1310240,13,007,02,#,12,#,0.92
1310240009,1991,1310240,13,007,02,#,15,#,1
1310240013,1991,1310240,13,007,02,#,8.5,#,0.47
1310240017,1991,1310240,13,007,02,#,7.2,#,0.48
1310240021,1991,1310240,13,007,02,#,7.3,#,0.32
1310240025,1991,1310240,13,007,02,#,11,#,0.42
1310240029,1991,1310240,13,007,02,#,10,#,0.47
1310240033,1991,1310240,13,007,02,#,14,#,0.85
1310240037,1991,1310240,13,007,02,#,15,#,0.98
1310240041,1991,1310240,13,007,02,#,12,#,0.98
1310240045,1991,1310240,13,007,02,#,16,#,1.2
1310250001,1991,1310250,13,007,51,#,8.9,#,0.68
1310250003,1991,1310250,13,007,51,#,9.7,#,0.79
1310250005,1991,1310250,13,007,51,#,2.9,#,0.23
1310250007,1991,1310250,13,007,51,#,6.6,#,0.47
1310250009,1991,1310250,13,007,51,#,7.2,#,0.57
1310250011,1991,1310250,13,007,51,#,2.2,#,0.15
1310250013,1991,1310250,13,007,51,#,2.6,#,0.14
1310250015,1991,1310250,13,007,51,#,7.7,#,0.32
1310250017,1991,1310250,13,007,51,#,11,#,0.48
1310250019,1991,1310250,13,007,51,#,15,#,0.88
1310250021,1991,1310250,13,007,51,#,9.9,#,0.77
1310250023,1991,1310250,13,007,51,#,13,#,0.74
1310260001,1991,1310260,13,007,53,#,11,#,0.85
1310260003,1991,1310260,13,007,53,#,13,#,1.1
1310260005,1991,1310260,13,007,53,#,14,#,1
1310260007,1991,1310260,13,007,53,#,8,#,0.55
1310260009,1991,1310260,13,007,53,#,7.5,#,0.47
1310260011,1991,1310260,13,007,53,#,6.1,#,0.32
1310260013,1991,1310260,13,007,53,#,11,#,0.53
1310260015,1991,1310260,13,007,53,#,10,#,0.58
1310260017,1991,1310260,13,007,53,#,11,#,0.61
1310260019,1991,1310260,13,007,53,#,10,#,0.67
1310260021,1991,1310260,13,007,53,#,12,#,0.76
1310260023,1991,1310260,13,007,53,#,15,#,0.97
1310290001,1991,1310290,13,008,01,#,4.4,#,0.4
1310290003,1991,1310290,13,008,01,#,4.2,#,0.3
1310290005,1991,1310290,13,008,01,#,8.7,#,1.2
1310290007,1991,1310290,13,008,01,#,5.8,#,0.51
1310290009,1991,1310290,13,008,01,#,3.4,#,0.24
1310290011,1991,1310290,13,008,01,#,7,#,0.67
1310290013,1991,1310290,13,008,01,#,3.2,#,0.32
1310290015,1991,1310290,13,008,01,#,3.4,#,0.16
1310290017,1991,1310290,13,008,01,#,3.8,#,0.25
1310290019,1991,1310290,13,008,01,#,5.9,#,0.68
1310290021,1991,1310290,13,008,01,#,7.8,#,0.22
1310290023,1991,1310290,13,008,01,#,7.8,#,0.55
1310300001,1991,1310300,13,009,01,#,6.5,#,0.61
1310300003,1991,1310300,13,009,01,#,5.3,#,0.49
1310300005,1991,1310300,13,009,01,#,6.1,#,0.71
1310300007,1991,1310300,13,009,01,#,9.1,#,1
1310300009,1991,1310300,13,009,01,#,5.2,#,0.5
1310300011,1991,1310300,13,009,01,#,5.5,#,0.46
1310300013,1991,1310300,13,009,01,#,7.9,#,0.61
1310300015,1991,1310300,13,009,01,#,3.5,#,0.27
1310300017,1991,1310300,13,009,01,#,3.6,#,0.23
1310300019,1991,1310300,13,009,01,#,10,#,0.63
1310300021,1991,1310300,13,009,01,#,8.9,#,0.36
1310300023,1991,1310300,13,009,01,#,2.9,#,0.15
1310310001,1991,1310310,13,010,01,#,6.1,#,0.55
1310310002,1991,1310310,13,010,01,#,5,#,0.43
1310310003,1991,1310310,13,010,01,#,4.7,#,0.44
1310310004,1991,1310310,13,010,01,#,14,#,1.6
1310310005,1991,1310310,13,010,01,#,5.1,#,0.3
1310310006,1991,1310310,13,010,01,#,4.8,#,0.69
1310310007,1991,1310310,13,010,01,#,3.4,#,0.24
1310310008,1991,1310310,13,010,01,#,2.5,#,0.24
1310310009,1991,1310310,13,010,01,#,3.1,#,0.25
1310310010,1991,1310310,13,010,01,#,7.8,#,0.45
1310310011,1991,1310310,13,010,01,#,4.1,#,0.2
1310310012,1991,1310310,13,010,01,#,7.6,#,0.33
1310320001,1991,1310320,13,011,01,#,7.1,#,0.48
1310320003,1991,1310320,13,011,01,#,4.4,#,0.3
1310320005,1991,1310320,13,011,01,#,4.2,#,0.31
1310320007,1991,1310320,13,011,01,#,6.7,#,0.68
1310320009,1991,1310320,13,011,01,#,6.2,#,0.7
1310320011,1991,1310320,13,011,01,#,3.8,#,0.84
1310320013,1991,1310320,13,011,01,#,2.9,#,0.47
1310320015,1991,1310320,13,011,01,#,3.7,#,0.65
1310320017,1991,1310320,13,011,01,#,7.9,#,0.4
1310320019,1991,1310320,13,011,01,#,8.4,#,0.55
1310320021,1991,1310320,13,011,01,#,6.1,#,0.36
1310320023,1991,1310320,13,011,01,#,7.8,#,0.42
1310330001,1991,1310330,13,012,01,#,5.9,#,0.56
1310330003,1991,1310330,13,012,01,#,6.3,#,0.69
1310330005,1991,1310330,13,012,01,#,7.6,#,1.7
1310330007,1991,1310330,13,012,01,#,4.8,#,0.73
1310330009,1991,1310330,13,012,01,#,4,#,0.3
1310330011,1991,1310330,13,012,01,#,3.7,#,0.32
1310330013,1991,1310330,13,012,01,#,3.1,#,0.33
1310330015,1991,1310330,13,012,01,#,3.5,#,0.42
1310330017,1991,1310330,13,012,01,#,7.2,#,0.51
1310330019,1991,1310330,13,012,01,#,8.6,#,0.54
1310330021,1991,1310330,13,012,01,#,6.5,#,0.45
1310330023,1991,1310330,13,012,01,#,5.7,#,0.47
1310340001,1991,1310340,13,013,01,#,0.57,#,0.013
1310340005,1991,1310340,13,013,01,#,0.49,<,0.003
1310340009,1991,1310340,13,013,01,#,0.53,#,0.03
1310340013,1991,1310340,13,013,01,#,0.71,<,0.003
1310340017,1991,1310340,13,013,01,#,0.59,<,0.003
1310340021,1991,1310340,13,013,01,#,0.77,#,0.025
1310340025,1991,1310340,13,013,01,#,0.8,#,0.022
1310340029,1991,1310340,13,013,01,#,0.58,#,0.012
1310340033,1991,1310340,13,013,01,#,0.53,#,0.014
1310340037,1991,1310340,13,013,01,#,0.49,#,0.012
1310340041,1991,1310340,13,013,01,#,0.55,#,0.017
1310340045,1991,1310340,13,013,01,#,0.53,#,0.013
1310370001,1991,1310370,13,014,01,#,2,#,0.045
1310370005,1991,1310370,13,014,01,#,1.7,#,0.046
1310370009,1991,1310370,13,014,01,#,1.4,#,0.058
1310370013,1991,1310370,13,014,01,#,1.7,#,0.055
1310370017,1991,1310370,13,014,01,#,0.82,#,0.032
1310370025,1991,1310370,13,014,01,#,1.1,#,0.021
1310370029,1991,1310370,13,014,01,#,1.9,#,0.048
1310370033,1991,1310370,13,014,01,#,1.8,#,0.02
1310370037,1991,1310370,13,014,01,#,2,#,0.083
1310370041,1991,1310370,13,014,01,#,1.8,#,0.035
1310370045,1991,1310370,13,014,01,#,2.6,#,0.056
1310370053,1991,1310370,13,014,01,#,3.7,#,0.099
1310380001,1991,1310380,13,014,51,#,1,E,99999
1310380003,1991,1310380,13,014,51,#,0.68,E,99999
1310380005,1991,1310380,13,014,51,#,0.84,E,99999
1310380007,1991,1310380,13,014,51,#,0.97,E,99999
1310380009,1991,1310380,13,014,51,#,0.49,E,99999
1310380011,1991,1310380,13,014,51,#,0.7,E,99999
1310380013,1991,1310380,13,014,51,#,0.74,E,99999
1310380015,1991,1310380,13,014,51,#,0.65,E,99999
1310380017,1991,1310380,13,014,51,#,0.75,E,99999
1310380019,1991,1310380,13,014,51,#,1,E,99999
1310380021,1991,1310380,13,014,51,#,0.72,E,99999
1310380023,1991,1310380,13,014,51,#,0.63,E,99999
1310390001,1991,1310390,13,014,52,#,0.62,#,0.012
1310390002,1991,1310390,13,014,52,#,0.51,<,0.003
1310390003,1991,1310390,13,014,52,#,0.56,<,0.003
1310390004,1991,1310390,13,014,52,#,0.81,<,0.003
1310390005,1991,1310390,13,014,52,#,0.64,<,0.003
1310390006,1991,1310390,13,014,52,#,0.83,#,0.025
1310390007,1991,1310390,13,014,52,#,0.86,#,0.025
1310390008,1991,1310390,13,014,52,#,0.62,#,0.013
1310390009,1991,1310390,13,014,52,#,0.61,#,0.016
1310390010,1991,1310390,13,014,52,#,0.49,#,0.015
1310390011,1991,1310390,13,014,52,#,0.54,#,0.018
1310390012,1991,1310390,13,014,52,#,0.49,#,0.014
1310400001,1991,1310400,13,014,53,#,3,#,0.052
1310400002,1991,1310400,13,014,53,#,2.6,#,0.058
1310400003,1991,1310400,13,014,53,#,1.2,#,0.058
1310400004,1991,1310400,13,014,53,#,2,#,0.04
1310400005,1991,1310400,13,014,53,#,1.8,#,0.036
1310400006,1991,1310400,13,014,53,#,2.5,#,0.029
1310400007,1991,1310400,13,014,53,#,1.5,#,0.031
1310400008,1991,1310400,13,014,53,#,2.9,#,0.034
1310400009,1991,1310400,13,014,53,#,2.1,#,0.041
1310400010,1991,1310400,13,014,53,#,2.3,#,0.056
1310400011,1991,1310400,13,014,53,#,2.8,#,0.063
1310400012,1991,1310400,13,014,53,#,3.4,#,0.1
1310410001,1991,1310410,13,015,01,#,6.7,#,0.49
1310410005,1991,1310410,13,015,01,#,7.1,#,0.75
1310410009,1991,1310410,13,015,01,#,6.8,#,0.51
1310410013,1991,1310410,13,015,01,#,4,#,0.3
1310410017,1991,1310410,13,015,01,#,4.5,#,0.46
1310410021,1991,1310410,13,015,01,#,3.2,#,0.21
1310410025,1991,1310410,13,015,01,#,4.4,#,0.17
1310410029,1991,1310410,13,015,01,#,5.5,#,0.3
1310410033,1991,1310410,13,015,01,#,7.2,#,0.41
1310410037,1991,1310410,13,015,01,#,7.5,#,0.51
1310410041,1991,1310410,13,015,01,#,9.6,#,0.49
1310410045,1991,1310410,13,015,01,#,11,#,0.92
1310420001,1991,1310420,13,015,02,#,4.8,#,0.36
1310420005,1991,1310420,13,015,02,#,6.9,#,0.56
1310420009,1991,1310420,13,015,02,#,5.5,#,0.42
1310420013,1991,1310420,13,015,02,#,5.3,#,0.35
1310420017,1991,1310420,13,015,02,#,3,#,0.33
1310420025,1991,1310420,13,015,02,#,3.1,#,0.16
1310420029,1991,1310420,13,015,02,#,5.6,#,0.2
1310420033,1991,1310420,13,015,02,#,5.9,#,0.25
1310420037,1991,1310420,13,015,02,#,7.4,#,0.34
1310420041,1991,1310420,13,015,02,#,8.9,#,0.47
1310420045,1991,1310420,13,015,02,#,7.4,#,0.36
1310420053,1991,1310420,13,015,02,#,9,#,0.71
1310430001,1991,1310430,13,015,51,#,3.6,E,99999
1310430005,1991,1310430,13,015,51,#,4.4,E,99999
1310430009,1991,1310430,13,015,51,#,3,E,99999
1310430013,1991,1310430,13,015,51,#,2.5,E,99999
1310430017,1991,1310430,13,015,51,#,1.5,E,99999
1310430021,1991,1310430,13,015,51,#,1.4,E,99999
1310430025,1991,1310430,13,015,51,#,2.9,E,99999
1310430029,1991,1310430,13,015,51,#,3.1,E,99999
1310430033,1991,1310430,13,015,51,#,4.1,E,99999
1310430037,1991,1310430,13,015,51,#,4,E,99999
1310430041,1991,1310430,13,015,51,#,6.9,E,99999
1310430045,1991,1310430,13,015,51,#,8.5,E,99999
1310450001,1991,1310450,13,015,53,#,5.4,E,99999
1310450003,1991,1310450,13,015,53,#,6.7,E,99999
1310450005,1991,1310450,13,015,53,#,7.1,E,99999
1310450007,1991,1310450,13,015,53,#,4.6,E,99999
1310450009,1991,1310450,13,015,53,#,2.8,E,99999
1310450011,1991,1310450,13,015,53,#,2.6,E,99999
1310450013,1991,1310450,13,015,53,#,4.2,E,99999
1310450015,1991,1310450,13,015,53,#,4.5,E,99999
1310450017,1991,1310450,13,015,53,#,6.6,E,99999
1310450019,1991,1310450,13,015,53,#,7.4,E,99999
1310450021,1991,1310450,13,015,53,#,7.4,E,99999
1310450023,1991,1310450,13,015,53,#,9.5,E,99999
1310460001,1991,1310460,13,015,54,#,4.5,#,0.35
1310460005,1991,1310460,13,015,54,#,5.2,#,0.54
1310460009,1991,1310460,13,015,54,#,4.4,#,0.32
1310460013,1991,1310460,13,015,54,#,4.4,#,0.27
1310460017,1991,1310460,13,015,54,#,3.2,#,0.35
1310460021,1991,1310460,13,015,54,#,2.4,#,0.17
1310460025,1991,1310460,13,015,54,#,4.7,#,0.2
1310460029,1991,1310460,13,015,54,#,5.5,#,0.26
1310460033,1991,1310460,13,015,54,#,7.1,#,0.44
1310460037,1991,1310460,13,015,54,#,7.9,#,0.53
1310460041,1991,1310460,13,015,54,#,9,#,0.41
1310460045,1991,1310460,13,015,54,#,10,#,0.78
1310470001,1991,1310470,13,015,55,#,3.4,#,0.2
1310470002,1991,1310470,13,015,55,#,7.4,#,0.71
1310470003,1991,1310470,13,015,55,#,5.4,#,0.58
1310470004,1991,1310470,13,015,55,#,4,#,0.26
1310470005,1991,1310470,13,015,55,#,3.6,#,0.31
1310470006,1991,1310470,13,015,55,#,2.9,#,0.17
1310470007,1991,1310470,13,015,55,#,5.7,#,0.26
1310470008,1991,1310470,13,015,55,#,5.1,#,0.28
1310470009,1991,1310470,13,015,55,#,6.3,#,0.54
1310470010,1991,1310470,13,015,55,#,6.9,#,0.42
1310470011,1991,1310470,13,015,55,#,7.9,#,0.49
1310470012,1991,1310470,13,015,55,#,9.2,#,0.87
1310480001,1991,1310480,13,015,56,#,6.3,#,0.43
1310480005,1991,1310480,13,015,56,#,7.3,#,0.58
1310480009,1991,1310480,13,015,56,#,5.4,#,0.42
1310480013,1991,1310480,13,015,56,#,5.3,#,0.34
1310480017,1991,1310480,13,015,56,#,3.2,#,0.32
1310480021,1991,1310480,13,015,56,#,3,#,0.16
1310480025,1991,1310480,13,015,56,#,5.1,#,0.2
1310480029,1991,1310480,13,015,56,#,6.2,#,0.25
1310480033,1991,1310480,13,015,56,#,8.3,#,0.39
1310480037,1991,1310480,13,015,56,#,9.8,#,0.6
1310480041,1991,1310480,13,015,56,#,9.1,#,0.36
1310480045,1991,1310480,13,015,56,#,9.4,#,0.71
1310490001,1991,1310490,13,015,57,#,3.4,#,0.21
1310490002,1991,1310490,13,015,57,#,6.5,#,0.62
1310490003,1991,1310490,13,015,57,#,5.6,#,0.48
1310490004,1991,1310490,13,015,57,#,5,#,0.28
1310490005,1991,1310490,13,015,57,#,3.9,#,0.28
1310490006,1991,1310490,13,015,57,#,3.2,#,0.19
1310490007,1991,1310490,13,015,57,#,6,#,0.25
1310490008,1991,1310490,13,015,57,#,5.3,#,0.26
1310490009,1991,1310490,13,015,57,#,7.1,#,0.44
1310490010,1991,1310490,13,015,57,#,6.9,#,0.43
1310490011,1991,1310490,13,015,57,#,8.1,#,0.41
1310490012,1991,1310490,13,015,57,#,9.8,#,0.86
1310530001,1991,1310530,13,016,01,#,6,#,0.19
1310530005,1991,1310530,13,016,01,#,7.2,#,0.41
1310530009,1991,1310530,13,016,01,#,6.8,#,0.28
1310530013,1991,1310530,13,016,01,#,6.1,#,0.33
1310530017,1991,1310530,13,016,01,#,4.4,#,0.36
1310530021,1991,1310530,13,016,01,#,2.6,#,0.16
1310530025,1991,1310530,13,016,01,#,5.4,#,0.19
1310530029,1991,1310530,13,016,01,#,6.5,#,0.2
1310530033,1991,1310530,13,016,01,#,7.1,#,0.25
1310530037,1991,1310530,13,016,01,#,8,#,0.39
1310530041,1991,1310530,13,016,01,#,6.8,#,0.21
1310530045,1991,1310530,13,016,01,#,7.6,#,0.56
1310540001,1991,1310540,13,016,51,#,6.4,#,0.19
1310540005,1991,1310540,13,016,51,#,6.8,#,0.46
1310540009,1991,1310540,13,016,51,#,6.4,#,0.29
1310540013,1991,1310540,13,016,51,#,6.4,#,0.3
1310540017,1991,1310540,13,016,51,#,4.6,#,0.36
1310540021,1991,1310540,13,016,51,#,3,#,0.17
1310540025,1991,1310540,13,016,51,#,5.4,#,0.21
1310540029,1991,1310540,13,016,51,#,5.9,#,0.22
1310540033,1991,1310540,13,016,51,#,6.5,#,0.33
1310540037,1991,1310540,13,016,51,#,7.9,#,0.49
1310540041,1991,1310540,13,016,51,#,7.2,#,0.39
1310540045,1991,1310540,13,016,51,#,8.1,#,0.61
1310550001,1991,1310550,13,017,01,#,9.8,#,0.7
1310550005,1991,1310550,13,017,01,#,12,#,1.2
1310550009,1991,1310550,13,017,01,#,16,#,1.2
1310550013,1991,1310550,13,017,01,#,7.3,#,0.55
1310550017,1991,1310550,13,017,01,#,6.2,#,0.45
1310550021,1991,1310550,13,017,01,#,8.7,#,0.5
1310550025,1991,1310550,13,017,01,#,12,#,0.46
1310550029,1991,1310550,13,017,01,#,10,#,0.45
1310550033,1991,1310550,13,017,01,#,13,#,0.7
1310550037,1991,1310550,13,017,01,#,15,#,0.92
1310550041,1991,1310550,13,017,01,#,12,#,0.62
1310550045,1991,1310550,13,017,01,#,15,#,0.88
1310560001,1991,1310560,13,017,51,#,6.9,#,0.46
1310560003,1991,1310560,13,017,51,#,10,#,0.75
1310560005,1991,1310560,13,017,51,#,12,#,1.1
1310560007,1991,1310560,13,017,51,#,4.7,#,0.4
1310560009,1991,1310560,13,017,51,#,5.4,#,0.38
1310560011,1991,1310560,13,017,51,#,7,#,0.44
1310560013,1991,1310560,13,017,51,#,9.9,#,0.32
1310560015,1991,1310560,13,017,51,#,8.7,#,0.32
1310560017,1991,1310560,13,017,51,#,10,#,0.51
1310560019,1991,1310560,13,017,51,#,13,#,0.76
1310560021,1991,1310560,13,017,51,#,10,#,0.59
1310560023,1991,1310560,13,017,51,#,15,#,0.84
1310570001,1991,1310570,13,017,52,#,8.7,#,0.53
1310570003,1991,1310570,13,017,52,#,12,#,1
1310570005,1991,1310570,13,017,52,#,16,#,1
1310570007,1991,1310570,13,017,52,#,8.5,#,0.55
1310570009,1991,1310570,13,017,52,#,6.7,#,0.56
1310570011,1991,1310570,13,017,52,#,8.7,#,0.42
1310570013,1991,1310570,13,017,52,#,11,#,0.37
1310570015,1991,1310570,13,017,52,#,10,#,0.38
1310570017,1991,1310570,13,017,52,#,14,#,0.68
1310570019,1991,1310570,13,017,52,#,19,#,0.88
1310570021,1991,1310570,13,017,52,#,12,#,0.51
1310570023,1991,1310570,13,017,52,#,17,#,0.89
1310580001,1991,1310580,13,018,01,#,10,#,0.48
1310580003,1991,1310580,13,018,01,#,9.5,#,0.5
1310580005,1991,1310580,13,018,01,#,7.2,#,0.52
1310580007,1991,1310580,13,018,01,#,5.6,#,0.39
1310580009,1991,1310580,13,018,01,#,5.6,#,0.35
1310580022,1991,1310580,13,018,01,#,10,#,0.23
1310580024,1991,1310580,13,018,01,#,10,#,0.19
1310580026,1991,1310580,13,018,01,#,9.8,#,0.23
1310580028,1991,1310580,13,018,01,#,10,#,0.61
1310580030,1991,1310580,13,018,01,#,11,#,0.55
1310580032,1991,1310580,13,018,01,#,10,#,0.56
1310580045,1991,1310580,13,018,01,#,11,#,0.56
1310600001,1991,1310600,13,019,01,#,7.8,#,0.27
1310600003,1991,1310600,13,019,01,#,6,#,0.17
1310600005,1991,1310600,13,019,01,#,7.2,#,0.33
1310600007,1991,1310600,13,019,01,#,7.5,#,0.47
1310600009,1991,1310600,13,019,01,#,6.6,#,0.4
1310600011,1991,1310600,13,019,01,#,8.6,#,0.37
1310600013,1991,1310600,13,019,01,#,9,#,0.063
1310600015,1991,1310600,13,019,01,#,8.7,#,0.1
1310600017,1991,1310600,13,019,01,#,11,#,0.43
1310600019,1991,1310600,13,019,01,#,9.4,#,0.12
1310600021,1991,1310600,13,019,01,#,9.3,#,0.28
1310600023,1991,1310600,13,019,01,#,9.2,#,0.17
1310630001,1991,1310630,13,020,01,#,11,#,0.83
1310630003,1991,1310630,13,020,01,#,12,#,0.56
1310630005,1991,1310630,13,020,01,#,14,#,0.58
1310630007,1991,1310630,13,020,01,#,8,#,0.61
1310630009,1991,1310630,13,020,01,#,7,#,0.59
1310630011,1991,1310630,13,020,01,#,6.8,#,0.43
1310630013,1991,1310630,13,020,01,#,9.6,#,0.34
1310630015,1991,1310630,13,020,01,#,10,#,0.4
1310630017,1991,1310630,13,020,01,#,11,#,0.47
1310630019,1991,1310630,13,020,01,#,15,#,0.64
1310630021,1991,1310630,13,020,01,#,12,#,0.63
1310630023,1991,1310630,13,020,01,#,15,#,0.52
1310650001,1991,1310650,13,020,52,#,13,#,0.96
1310650003,1991,1310650,13,020,52,#,14,#,0.89
1310650005,1991,1310650,13,020,52,#,14,#,0.68
1310650007,1991,1310650,13,020,52,#,8,#,0.61
1310650009,1991,1310650,13,020,52,#,8.8,#,0.85
1310650011,1991,1310650,13,020,52,#,9.1,#,0.38
1310650013,1991,1310650,13,020,52,#,10,#,0.46
1310650015,1991,1310650,13,020,52,#,11,#,0.67
1310650017,1991,1310650,13,020,52,#,13,#,0.85
1310650019,1991,1310650,13,020,52,#,15,#,0.74
1310650021,1991,1310650,13,020,52,#,11,#,0.29
1310650023,1991,1310650,13,020,52,#,16,#,0.51
1310660001,1991,1310660,13,021,01,#,3.3,#,0.038
1310660003,1991,1310660,13,021,01,#,3.4,#,0.026
1310660005,1991,1310660,13,021,01,#,2.7,#,0.035
1310660007,1991,1310660,13,021,01,#,3.9,#,0.062
1310660009,1991,1310660,13,021,01,#,2.7,#,0.04
1310660011,1991,1310660,13,021,01,#,3.2,#,0.042
1310660013,1991,1310660,13,021,01,#,4.2,#,0.035
1310660015,1991,1310660,13,021,01,#,4.2,#,0.024
1310660017,1991,1310660,13,021,01,#,3.2,#,0.037
1310660019,1991,1310660,13,021,01,#,2.8,#,0.048
1310660021,1991,1310660,13,021,01,#,3.6,#,0.071
1310660023,1991,1310660,13,021,01,#,4.8,#,0.12
1310670001,1991,1310670,13,022,01,#,1.1,#,0.024
1310670003,1991,1310670,13,022,01,#,1,<,0.003
1310670005,1991,1310670,13,022,01,#,1.1,#,0.025
1310670007,1991,1310670,13,022,01,#,1.7,#,0.012
1310670009,1991,1310670,13,022,01,#,1.4,#,0.012
1310670011,1991,1310670,13,022,01,#,1.5,#,0.027
1310670013,1991,1310670,13,022,01,#,1.4,#,0.022
1310670015,1991,1310670,13,022,01,#,1,<,0.003
1310670017,1991,1310670,13,022,01,#,1,#,0.01
1310670019,1991,1310670,13,022,01,#,1,#,0.012
1310670021,1991,1310670,13,022,01,#,1.2,<,0.003
1310670023,1991,1310670,13,022,01,#,1.1,#,0.021
1310690001,1991,1310690,13,023,01,#,6.9,#,1
1310690002,1991,1310690,13,023,01,#,6.4,#,0.92
1310690003,1991,1310690,13,023,01,#,8.6,#,1.2
1310690004,1991,1310690,13,023,01,#,8.2,#,1.4
1310690005,1991,1310690,13,023,01,#,4.2,#,1
1310690006,1991,1310690,13,023,01,#,4.8,#,1.1
1310690007,1991,1310690,13,023,01,#,4.4,#,0.89
1310690008,1991,1310690,13,023,01,#,4.1,#,0.68
1310690009,1991,1310690,13,023,01,#,5,#,0.23
1310690010,1991,1310690,13,023,01,#,5,#,0.21
1310690011,1991,1310690,13,023,01,#,5,#,0.55
1310690012,1991,1310690,13,023,01,#,5.6,#,0.51
1310690013,1991,1310690,13,023,01,#,5.9,#,0.47
1310690014,1991,1310690,13,023,01,#,6,#,0.38
1310690015,1991,1310690,13,023,01,#,6.4,#,0.6
1310690016,1991,1310690,13,023,01,#,7,#,0.63
1310690017,1991,1310690,13,023,01,#,7.9,#,0.78
1310690018,1991,1310690,13,023,01,#,9,#,1
1310690019,1991,1310690,13,023,01,#,12,#,0.65
1310690020,1991,1310690,13,023,01,#,10,#,0.85
1310690021,1991,1310690,13,023,01,#,7,#,0.85
1310690022,1991,1310690,13,023,01,#,7.2,#,0.56
1310690023,1991,1310690,13,023,01,#,7.7,#,1.2
1310690024,1991,1310690,13,023,01,#,6.5,#,0.89
1310700001,1991,1310700,13,024,01,#,5.3,#,0.84
1310700005,1991,1310700,13,024,01,#,5.7,#,0.64
1310700009,1991,1310700,13,024,01,#,1.9,#,0.092
1310700013,1991,1310700,13,024,01,#,3.6,#,0.13
1310700017,1991,1310700,13,024,01,#,5.3,#,0.22
1310700021,1991,1310700,13,024,01,#,6.1,#,0.42
1310700025,1991,1310700,13,024,01,#,7.3,#,0.21
1310700029,1991,1310700,13,024,01,#,6.4,#,0.12
1310700033,1991,1310700,13,024,01,#,6.8,#,0.12
1310700037,1991,1310700,13,024,01,#,4.3,#,0.1
1310700041,1991,1310700,13,024,01,#,4.6,#,1.1
1310700045,1991,1310700,13,024,01,#,7.9,#,0.68
1310730001,1991,1310730,13,025,01,#,2.5,#,0.11
1310730002,1991,1310730,13,025,01,#,3.3,#,0.29
1310730003,1991,1310730,13,025,01,#,2.9,#,0.16
1310730004,1991,1310730,13,025,01,#,2.8,#,0.14
1310730005,1991,1310730,13,025,01,#,2.7,#,0.14
1310730006,1991,1310730,13,025,01,#,2.3,#,0.17
1310730007,1991,1310730,13,025,01,#,3.4,#,0.093
1310730008,1991,1310730,13,025,01,#,3,#,0.084
1310730009,1991,1310730,13,025,01,#,2.5,#,0.066
1310730010,1991,1310730,13,025,01,#,2.7,#,0.064
1310730011,1991,1310730,13,025,01,#,2.6,#,0.065
1310730012,1991,1310730,13,025,01,#,3.2,#,0.11
1310730013,1991,1310730,13,025,01,#,2.7,#,0.036
1310730014,1991,1310730,13,025,01,#,2.8,#,0.034
1310730015,1991,1310730,13,025,01,#,2.5,#,0.063
1310730016,1991,1310730,13,025,01,#,2.6,#,0.04
1310730017,1991,1310730,13,025,01,#,2.7,#,0.11
1310730018,1991,1310730,13,025,01,#,2.5,#,0.1
1310730019,1991,1310730,13,025,01,#,4.5,#,0.16
1310730020,1991,1310730,13,025,01,#,3.6,#,0.1
1310730021,1991,1310730,13,025,01,#,4,#,0.12
1310730022,1991,1310730,13,025,01,#,4.2,#,0.11
1310730023,1991,1310730,13,025,01,#,5.9,#,0.23
1310730024,1991,1310730,13,025,01,#,3.2,#,0.2
1310740001,1991,1310740,13,026,01,#,7.5,#,0.32
1310740005,1991,1310740,13,026,01,#,7,#,0.7
1310740009,1991,1310740,13,026,01,#,10,#,0.55
1310740013,1991,1310740,13,026,01,#,7.7,#,0.36
1310740017,1991,1310740,13,026,01,#,4.4,#,0.47
1310740021,1991,1310740,13,026,01,#,4.3,#,0.25
1310740025,1991,1310740,13,026,01,#,6.6,#,0.24
1310740029,1991,1310740,13,026,01,#,6.4,#,0.25
1310740033,1991,1310740,13,026,01,#,9.6,#,0.51
1310740037,1991,1310740,13,026,01,#,9.9,#,0.5
1310740041,1991,1310740,13,026,01,#,9.6,#,0.5
1310740045,1991,1310740,13,026,01,#,12,#,0.77
1310750001,1991,1310750,13,026,51,#,7.2,#,0.46
1310750002,1991,1310750,13,026,51,#,10,#,0.62
1310750003,1991,1310750,13,026,51,#,8.2,#,0.83
1310750004,1991,1310750,13,026,51,#,6.6,#,0.48
1310750005,1991,1310750,13,026,51,#,5.6,#,0.35
1310750006,1991,1310750,13,026,51,#,5.3,#,0.34
1310750007,1991,1310750,13,026,51,#,5.8,#,0.29
1310750008,1991,1310750,13,026,51,#,7.8,#,0.45
1310750009,1991,1310750,13,026,51,#,8.9,#,0.61
1310750010,1991,1310750,13,026,51,#,12,#,0.62
1310750011,1991,1310750,13,026,51,#,9.4,#,0.58
1310750012,1991,1310750,13,026,51,#,8.4,#,0.58
1310780001,1991,1310780,13,027,01,#,4.7,#,0.29
1310780002,1991,1310780,13,027,01,#,4.9,#,0.2
1310780003,1991,1310780,13,027,01,#,32,#,1.5
1310780004,1991,1310780,13,027,01,#,7.9,#,0.35
1310780005,1991,1310780,13,027,01,#,5.6,#,0.51
1310780006,1991,1310780,13,027,01,#,5.3,#,0.47
1310780007,1991,1310780,13,027,01,#,9.7,#,0.2
1310780008,1991,1310780,13,027,01,#,33,#,0.17
1310780009,1991,1310780,13,027,01,#,3.8,#,0.16
1310780010,1991,1310780,13,027,01,#,3.8,#,0.16
1310780011,1991,1310780,13,027,01,#,7.6,#,0.076
1310780012,1991,1310780,13,027,01,#,3.9,#,0.11
1310780013,1991,1310780,13,027,01,#,4.4,#,0.081
1310780014,1991,1310780,13,027,01,#,2.8,#,0.082
1310780015,1991,1310780,13,027,01,#,12,#,0.19
1310780016,1991,1310780,13,027,01,#,5.2,#,0.14
1310780017,1991,1310780,13,027,01,#,9,#,0.34
1310780018,1991,1310780,13,027,01,#,21,#,0.31
1310780019,1991,1310780,13,027,01,#,10,#,0.35
1310780020,1991,1310780,13,027,01,#,10,#,0.34
1310780021,1991,1310780,13,027,01,#,5.3,#,0.26
1310780022,1991,1310780,13,027,01,#,5.1,#,0.27
1310780023,1991,1310780,13,027,01,#,44,#,0.28
1310780024,1991,1310780,13,027,01,#,28,#,0.35
1310790001,1991,1310790,13,028,01,#,5.3,#,0.37
1310790003,1991,1310790,13,028,01,#,8.8,#,0.56
1310790005,1991,1310790,13,028,01,#,5.9,#,0.6
1310790007,1991,1310790,13,028,01,#,5.3,#,0.41
1310790009,1991,1310790,13,028,01,#,3.6,#,0.29
1310790011,1991,1310790,13,028,01,#,3.8,#,0.25
1310790013,1991,1310790,13,028,01,#,5,#,0.4
1310790015,1991,1310790,13,028,01,#,6.1,#,0.37
1310790017,1991,1310790,13,028,01,#,8,#,0.76
1310790019,1991,1310790,13,028,01,#,8.4,#,0.63
1310790021,1991,1310790,13,028,01,#,10,#,0.81
1310790023,1991,1310790,13,028,01,#,11,#,1.1
1310800001,1991,1310800,13,029,01,#,3.4,#,0.18
1310800003,1991,1310800,13,029,01,#,3,#,0.24
1310800005,1991,1310800,13,029,01,#,3.5,#,0.19
1310800007,1991,1310800,13,029,01,#,3.1,#,0.14
1310800009,1991,1310800,13,029,01,#,2,#,0.18
1310800011,1991,1310800,13,029,01,#,2.1,#,0.1
1310800013,1991,1310800,13,029,01,#,3.1,#,0.08
1310800015,1991,1310800,13,029,01,#,3,#,0.092
1310800017,1991,1310800,13,029,01,#,3.6,#,0.16
1310800019,1991,1310800,13,029,01,#,3.1,#,0.17
1310800021,1991,1310800,13,029,01,#,6,#,0.27
1310800023,1991,1310800,13,029,01,#,6.9,#,0.32
1310810001,1991,1310810,13,030,01,#,17,#,1.2
1310810005,1991,1310810,13,030,01,#,10,#,0.48
1310810009,1991,1310810,13,030,01,#,11,#,1
1310810013,1991,1310810,13,030,01,#,16,#,0.41
1310810017,1991,1310810,13,030,01,#,11,#,1.1
1310810021,1991,1310810,13,030,01,#,9.4,#,0.32
1310810025,1991,1310810,13,030,01,#,7.3,#,0.21
1310810029,1991,1310810,13,030,01,#,7.2,#,0.19
1310810033,1991,1310810,13,030,01,#,11,#,0.38
1310810037,1991,1310810,13,030,01,#,11,#,0.54
1310810041,1991,1310810,13,030,01,#,19,#,0.65
1310810045,1991,1310810,13,030,01,#,22,#,0.82
1310830001,1991,1310830,13,031,01,#,12,#,1
1310830003,1991,1310830,13,031,01,#,14,#,1.2
1310830005,1991,1310830,13,031,01,#,12,#,1
1310830007,1991,1310830,13,031,01,#,10,#,0.87
1310830009,1991,1310830,13,031,01,#,8.4,#,0.67
1310830011,1991,1310830,13,031,01,#,6.7,#,0.31
1310830013,1991,1310830,13,031,01,#,7.1,#,0.18
1310830015,1991,1310830,13,031,01,#,9,#,0.54
1310830017,1991,1310830,13,031,01,#,12,#,0.69
1310830019,1991,1310830,13,031,01,#,12,#,1.2
1310830021,1991,1310830,13,031,01,#,13,#,1.1
1310830023,1991,1310830,13,031,01,#,17,#,1.1
1310850001,1991,1310850,13,032,01,#,1.1,#,0.04
1310850003,1991,1310850,13,032,01,#,1,#,0.03
1310850005,1991,1310850,13,032,01,#,1.7,#,0.039
1310850007,1991,1310850,13,032,01,#,1.1,#,0.032
1310850009,1991,1310850,13,032,01,#,1.3,#,0.028
1310850011,1991,1310850,13,032,01,#,1.2,#,0.024
1310850013,1991,1310850,13,032,01,#,1.5,#,0.027
1310850015,1991,1310850,13,032,01,#,1,#,0.014
1310850017,1991,1310850,13,032,01,#,1.2,#,0.026
1310850019,1991,1310850,13,032,01,#,1.1,#,0.018
1310850021,1991,1310850,13,032,01,#,1.2,#,0.024
1310850023,1991,1310850,13,032,01,#,1.5,#,0.05
1310860001,1991,1310860,13,033,01,#,1.7,#,0.067
1310860003,1991,1310860,13,033,01,#,2.1,#,0.07
1310860005,1991,1310860,13,033,01,#,2.1,#,0.1
1310860007,1991,1310860,13,033,01,#,1.7,#,0.04
1310860009,1991,1310860,13,033,01,#,2.4,#,0.037
1310860011,1991,1310860,13,033,01,#,1.8,#,0.035
1310860013,1991,1310860,13,033,01,#,1.8,#,0.04
1310860015,1991,1310860,13,033,01,#,1.4,#,0.043
1310860017,1991,1310860,13,033,01,#,1.4,#,0.038
1310860019,1991,1310860,13,033,01,#,1.9,#,0.05
1310860021,1991,1310860,13,033,01,#,1.7,#,0.058
1310860023,1991,1310860,13,033,01,#,2,#,0.086
1310870001,1991,1310870,13,034,01,#,12,#,0.62
1310870005,1991,1310870,13,034,01,#,11,#,0.87
1310870009,1991,1310870,13,034,01,#,6.9,#,0.47
1310870013,1991,1310870,13,034,01,#,11,#,0.53
1310870017,1991,1310870,13,034,01,#,10,#,0.33
1310870021,1991,1310870,13,034,01,#,10,#,0.33
1310870025,1991,1310870,13,034,01,#,9.7,#,0.13
1310870029,1991,1310870,13,034,01,#,11,#,0.36
1310870033,1991,1310870,13,034,01,#,16,#,0.62
1310870037,1991,1310870,13,034,01,#,16,#,0.72
1310870041,1991,1310870,13,034,01,#,15,#,0.68
1310870045,1991,1310870,13,034,01,#,15,#,0.8
1310880001,1991,1310880,13,035,01,#,13,#,0.33
1310880003,1991,1310880,13,035,01,#,8.8,#,0.42
1310880005,1991,1310880,13,035,01,#,10,#,0.38
1310880007,1991,1310880,13,035,01,#,9,#,0.42
1310880009,1991,1310880,13,035,01,#,10,#,0.41
1310880011,1991,1310880,13,035,01,#,9.5,#,0.24
1310880013,1991,1310880,13,035,01,#,11,#,0.21
1310880015,1991,1310880,13,035,01,#,9.4,#,0.3
1310880017,1991,1310880,13,035,01,#,14,#,0.28
1310880019,1991,1310880,13,035,01,#,19,#,0.38
1310880021,1991,1310880,13,035,01,#,10,#,0.46
1310880023,1991,1310880,13,035,01,#,12,#,0.49
1310940001,1991,1310940,13,036,01,#,4.7,#,0.2
1310940003,1991,1310940,13,036,01,#,5.1,#,0.41
1310940005,1991,1310940,13,036,01,#,3.3,#,0.46
1310940007,1991,1310940,13,036,01,#,3.7,#,0.33
1310940009,1991,1310940,13,036,01,#,3.3,#,0.28
1310940022,1991,1310940,13,036,01,#,4,#,0.35
1310940024,1991,1310940,13,036,01,#,5.9,#,0.23
1310940026,1991,1310940,13,036,01,#,4.9,#,0.23
1310940028,1991,1310940,13,036,01,#,5.5,#,0.39
1310940030,1991,1310940,13,036,01,#,4.7,#,0.44
1310940032,1991,1310940,13,036,01,#,4.9,#,0.33
1310940045,1991,1310940,13,036,01,#,6.2,#,0.51
1310950001,1991,1310950,13,037,01,#,16,#,0.59
1310950003,1991,1310950,13,037,01,#,15,#,0.75
1310950005,1991,1310950,13,037,01,#,24,#,1.1
1310950007,1991,1310950,13,037,01,#,19,#,0.58
1310950009,1991,1310950,13,037,01,#,24,#,0.61
1310950011,1991,1310950,13,037,01,#,16,#,0.68
1310950013,1991,1310950,13,037,01,#,11,#,0.33
1310950015,1991,1310950,13,037,01,#,13,#,0.48
1310950017,1991,1310950,13,037,01,#,42,#,0.86
1310950019,1991,1310950,13,037,01,#,16,#,0.48
1310950021,1991,1310950,13,037,01,#,20,#,0.44
1310950023,1991,1310950,13,037,01,#,36,#,1.3
1310960001,1991,1310960,13,038,01,#,8.7,#,1
1310960003,1991,1310960,13,038,01,#,11,#,1.4
1310960005,1991,1310960,13,038,01,#,9.9,#,1.2
1310960007,1991,1310960,13,038,01,#,6.5,#,1.1
1310960009,1991,1310960,13,038,01,#,4.8,#,1.1
1310960022,1991,1310960,13,038,01,#,5.6,#,0.67
1310960024,1991,1310960,13,038,01,#,8.6,#,0.12
1310960026,1991,1310960,13,038,01,#,9.4,#,0.37
1310960028,1991,1310960,13,038,01,#,8.6,#,1
1310960030,1991,1310960,13,038,01,#,11,#,1.5
1310960032,1991,1310960,13,038,01,#,11,#,1.5
1310960045,1991,1310960,13,038,01,#,12,#,2.1
1310970002,1991,1310970,13,039,51,#,6.1,#,0.38
1310970004,1991,1310970,13,039,51,#,2.8,#,0.23
1310970006,1991,1310970,13,039,51,#,2.8,#,0.23
1310970008,1991,1310970,13,039,51,#,2.6,#,0.17
1310970010,1991,1310970,13,039,51,#,2.3,#,0.18
1310970012,1991,1310970,13,039,51,#,3.1,#,0.15
1310970014,1991,1310970,13,039,51,#,2.6,#,0.17
1310970016,1991,1310970,13,039,51,#,6.4,#,0.28
1310970018,1991,1310970,13,039,51,#,5.8,#,0.36
1310970020,1991,1310970,13,039,51,#,8.5,#,0.48
1310970022,1991,1310970,13,039,51,#,8.3,#,0.48
1310970024,1991,1310970,13,039,51,#,8,#,0.43
1310990001,1991,1310990,13,202,01,#,5.5,#,0.29
1310990003,1991,1310990,13,202,01,#,3.7,#,0.51
1310990005,1991,1310990,13,202,01,#,5.5,#,0.44
1310990007,1991,1310990,13,202,01,#,2.7,#,0.23
1310990009,1991,1310990,13,202,01,#,3.6,#,0.24
1310990011,1991,1310990,13,202,01,#,5.7,#,0.21
1310990013,1991,1310990,13,202,01,#,5.1,#,0.27
1310990015,1991,1310990,13,202,01,#,5.2,#,0.24
1310990017,1991,1310990,13,202,01,#,6.7,#,0.36
1310990019,1991,1310990,13,202,01,#,8.8,#,0.41
1310990021,1991,1310990,13,202,01,#,9.3,#,0.6
1310990023,1991,1310990,13,202,01,#,11,#,0.6
1311010001,1991,1311010,13,203,02,#,2.6,#,0.14
1311010003,1991,1311010,13,203,02,#,4.1,#,0.25
1311010005,1991,1311010,13,203,02,#,3.3,#,0.31
1311010007,1991,1311010,13,203,02,#,2.8,#,0.17
1311010009,1991,1311010,13,203,02,#,2.7,#,0.19
1311010011,1991,1311010,13,203,02,#,2.9,#,0.1
1311010013,1991,1311010,13,203,02,#,4.5,#,0.1
1311010015,1991,1311010,13,203,02,#,4.5,#,0.12
1311010017,1991,1311010,13,203,02,#,4.3,#,0.12
1311010019,1991,1311010,13,203,02,#,4.7,#,0.14
1311010021,1991,1311010,13,203,02,#,5.4,#,0.22
1311010023,1991,1311010,13,203,02,#,4.7,#,0.23
1311100001,1991,1311100,13,212,01,#,6.9,#,0.29
1311100003,1991,1311100,13,212,01,#,7.1,#,0.48
1311100005,1991,1311100,13,212,01,#,7.3,#,0.56
1311100007,1991,1311100,13,212,01,#,7.4,#,0.36
1311100009,1991,1311100,13,212,01,#,5.7,#,0.3
1311100022,1991,1311100,13,212,01,#,5.4,#,0.32
1311100024,1991,1311100,13,212,01,#,7.1,#,0.15
1311100026,1991,1311100,13,212,01,#,6.8,#,0.23
1311100028,1991,1311100,13,212,01,#,7.5,#,0.3
1311100030,1991,1311100,13,212,01,#,7.5,#,0.4
1311100032,1991,1311100,13,212,01,#,8,#,0.3
1311100045,1991,1311100,13,212,01,#,10,#,0.49
1311110001,1991,1311110,13,213,01,#,3.7,#,0.056
1311110003,1991,1311110,13,213,01,#,2.2,#,0.042
1311110005,1991,1311110,13,213,01,#,5.2,#,0.067
1311110007,1991,1311110,13,213,01,#,1.9,#,0.06
1311110009,1991,1311110,13,213,01,#,5.2,#,0.038
1311110011,1991,1311110,13,213,01,#,4.9,#,0.023
1311110013,1991,1311110,13,213,01,#,4.8,#,0.034
1311110015,1991,1311110,13,213,01,#,8.6,#,0.018
1311110017,1991,1311110,13,213,01,#,5.3,#,0.016
1311110019,1991,1311110,13,213,01,#,4,#,0.034
1311110021,1991,1311110,13,213,01,#,4,#,0.041
1311110023,1991,1311110,13,213,01,#,2.7,#,0.044
1311130001,1991,1311130,13,215,01,#,12,#,0.19
1311130003,1991,1311130,13,215,01,#,9.7,#,0.2
1311130005,1991,1311130,13,215,01,#,9.7,#,0.19
1311130007,1991,1311130,13,215,01,#,9.2,#,0.16
1311130009,1991,1311130,13,215,01,#,10,#,0.092
1311130011,1991,1311130,13,215,01,#,10,#,0.086
1311130013,1991,1311130,13,215,01,#,12,#,0.085
1311130015,1991,1311130,13,215,01,#,12,#,0.16
1311130017,1991,1311130,13,215,01,#,10,#,0.1
1311130019,1991,1311130,13,215,01,#,9,#,0.18
1311130021,1991,1311130,13,215,01,#,10,#,0.17
1311130023,1991,1311130,13,215,01,#,10,#,0.22
1311140001,1991,1311140,13,005,54,#,10,#,0.95
1311140003,1991,1311140,13,005,54,#,5.1,#,0.42
1311140005,1991,1311140,13,005,54,#,4.6,#,0.48
1311140007,1991,1311140,13,005,54,#,3.7,#,0.35
1311140009,1991,1311140,13,005,54,#,3.9,#,0.32
1311140022,1991,1311140,13,005,54,#,5.7,#,0.31
1311140024,1991,1311140,13,005,54,#,7.6,#,0.31
1311140026,1991,1311140,13,005,54,#,6.8,#,0.53
1311140028,1991,1311140,13,005,54,#,9.2,#,0.84
1311140030,1991,1311140,13,005,54,#,11,#,0.95
1311140032,1991,1311140,13,005,54,#,12,#,0.64
1311140045,1991,1311140,13,005,54,#,13,#,1.2
1311160001,1991,1311160,13,216,01,#,1.4,#,0.05
1311160003,1991,1311160,13,216,01,#,1.5,#,0.068
1311160005,1991,1311160,13,216,01,#,2.2,#,0.1
1311160007,1991,1311160,13,216,01,#,1.5,#,0.064
1311160009,1991,1311160,13,216,01,#,2.4,#,0.042
1311160011,1991,1311160,13,216,01,#,2.1,#,0.043
1311160013,1991,1311160,13,216,01,#,1.8,#,0.057
1311160015,1991,1311160,13,216,01,#,1.7,#,0.065
1311160017,1991,1311160,13,216,01,#,2.5,#,0.06
1311160019,1991,1311160,13,216,01,#,2,#,0.065
1311160021,1991,1311160,13,216,01,#,2.1,#,0.078
1311160023,1991,1311160,13,216,01,#,1.9,#,0.086
1311170001,1991,1311170,13,218,01,#,0.47,#,0.02
1311170003,1991,1311170,13,218,01,#,0.32,#,0.015
1311170005,1991,1311170,13,218,01,#,0.62,#,0.018
1311170007,1991,1311170,13,218,01,#,0.64,#,0.012
1311170009,1991,1311170,13,218,01,#,0.71,#,0.012
1311170011,1991,1311170,13,218,01,#,1.2,#,0.04
1311170013,1991,1311170,13,218,01,#,0.59,#,0.029
1311170015,1991,1311170,13,218,01,#,0.57,#,0.012
1311170017,1991,1311170,13,218,01,#,0.52,#,0.013
1311170019,1991,1311170,13,218,01,#,0.46,#,0.013
1311170021,1991,1311170,13,218,01,#,0.45,#,0.017
1311170023,1991,1311170,13,218,01,#,0.56,#,0.016
1311200001,1991,1311200,13,219,01,#,9.9,#,1.5
1311200003,1991,1311200,13,219,01,#,4.8,#,0.74
1311200005,1991,1311200,13,219,01,#,11,#,2.1
1311200007,1991,1311200,13,219,01,#,3.5,#,1
1311200009,1991,1311200,13,219,01,#,4.3,#,1.2
1311200011,1991,1311200,13,219,01,#,5.4,#,0.41
1311200013,1991,1311200,13,219,01,#,6.9,#,0.41
1311200015,1991,1311200,13,219,01,#,6.8,#,0.54
1311200017,1991,1311200,13,219,01,#,8.6,#,0.99
1311200019,1991,1311200,13,219,01,#,11,#,1
1311200021,1991,1311200,13,219,01,#,12,#,0.97
1311200023,1991,1311200,13,219,01,#,12,#,1.5
1311210001,1991,1311210,13,220,01,#,4.8,#,0.3
1311210002,1991,1311210,13,220,01,#,5.6,#,0.84
1311210003,1991,1311210,13,220,01,#,3.2,#,0.54
1311210004,1991,1311210,13,220,01,#,5.8,#,0.41
1311210005,1991,1311210,13,220,01,#,3.4,#,0.14
1311210006,1991,1311210,13,220,01,#,5,#,0.45
1311210007,1991,1311210,13,220,01,#,7,#,0.48
1311210008,1991,1311210,13,220,01,#,7.2,#,0.78
1311210009,1991,1311210,13,220,01,#,4.8,#,0.55
1311210010,1991,1311210,13,220,01,#,7.5,#,0.84
1311210011,1991,1311210,13,220,01,#,8.8,#,0.44
1311210012,1991,1311210,13,220,01,#,7.4,#,0.65
1311220001,1991,1311220,13,221,01,#,5.5,#,0.54
1311220002,1991,1311220,13,221,01,#,7,#,0.68
1311220003,1991,1311220,13,221,01,#,4.3,#,0.7
1311220004,1991,1311220,13,221,01,#,3.6,#,0.47
1311220005,1991,1311220,13,221,01,#,4.4,#,0.41
1311220006,1991,1311220,13,221,01,#,3.7,#,0.29
1311220007,1991,1311220,13,221,01,#,5.4,#,0.25
1311220008,1991,1311220,13,221,01,#,5.5,#,0.31
1311220009,1991,1311220,13,221,01,#,7.3,#,0.45
1311220010,1991,1311220,13,221,01,#,11,#,0.66
1311220011,1991,1311220,13,221,01,#,6.9,#,0.54
1311220012,1991,1311220,13,221,01,#,6.5,#,0.58
1311230001,1991,1311230,13,029,51,#,2.1,#,0.1
1311230002,1991,1311230,13,029,51,#,2.1,#,0.16
1311230003,1991,1311230,13,029,51,#,1.2,#,0.13
1311230004,1991,1311230,13,029,51,#,1.9,#,0.1
1311230005,1991,1311230,13,029,51,#,2.1,#,0.11
1311230006,1991,1311230,13,029,51,#,1.9,#,0.11
1311230007,1991,1311230,13,029,51,#,5.7,#,0.11
1311230008,1991,1311230,13,029,51,#,2.4,#,0.1
1311230009,1991,1311230,13,029,51,#,2.5,#,0.11
1311230010,1991,1311230,13,029,51,#,4.6,#,0.21
1311230011,1991,1311230,13,029,51,#,2.9,#,0.15
1311230012,1991,1311230,13,029,51,#,3.5,#,0.18
1320010001,1991,1320010,13,401,01,#,0.48,#,0.007
1320010002,1991,1320010,13,401,01,#,0.39,#,0.017
1320010003,1991,1320010,13,401,01,#,0.44,#,0.006
1320010004,1991,1320010,13,401,01,#,0.53,#,0.005
1320010005,1991,1320010,13,401,01,#,0.4,#,0.007
1320010006,1991,1320010,13,401,01,#,0.42,#,0.003
1320010007,1991,1320010,13,401,01,#,0.4,<,0.003
1320010008,1991,1320010,13,401,01,#,0.67,#,0.004
1320010009,1991,1320010,13,401,01,#,0.39,#,0.006
1320010010,1991,1320010,13,401,01,#,0.6,#,0.004
1320010011,1991,1320010,13,401,01,#,0.45,#,0.017
1320010012,1991,1320010,13,401,01,#,0.8,#,0.11
1320010013,1991,1320010,13,401,01,#,0.48,#,0.014
1320010014,1991,1320010,13,401,01,#,0.41,#,0.046
1320010015,1991,1320010,13,401,01,#,0.45,#,0.009
1320010016,1991,1320010,13,401,01,#,0.55,#,0.024
1320010017,1991,1320010,13,401,01,#,0.43,#,0.014
1320010018,1991,1320010,13,401,01,#,0.45,#,0.017
1320010019,1991,1320010,13,401,01,#,0.42,#,0.012
1320010020,1991,1320010,13,401,01,#,0.44,#,0.013
1320010021,1991,1320010,13,401,01,#,0.47,#,0.012
1320010022,1991,1320010,13,401,01,#,0.42,#,0.012
1320010023,1991,1320010,13,401,01,#,0.43,#,0.01
1320010024,1991,1320010,13,401,01,#,0.41,#,0.012
1320020001,1991,1320020,13,401,02,#,0.39,#,0.003
1320020002,1991,1320020,13,401,02,#,0.42,#,0.003
1320020003,1991,1320020,13,401,02,#,0.46,#,0.009
1320020004,1991,1320020,13,401,02,#,0.43,#,0.003
1320020005,1991,1320020,13,401,02,#,0.47,#,0.003
1320020006,1991,1320020,13,401,02,#,0.5,#,0.005
1320020007,1991,1320020,13,401,02,#,0.33,#,0.012
1320020008,1991,1320020,13,401,02,#,0.43,<,0.003
1320020009,1991,1320020,13,401,02,#,0.44,<,0.003
1320020010,1991,1320020,13,401,02,#,0.42,<,0.003
1320020011,1991,1320020,13,401,02,#,0.45,<,0.003
1320020012,1991,1320020,13,401,02,#,0.79,#,0.012
1320020013,1991,1320020,13,401,02,#,0.37,#,0.003
1320020014,1991,1320020,13,401,02,#,0.45,<,0.003
1320020015,1991,1320020,13,401,02,#,0.6,#,0.023
1320020016,1991,1320020,13,401,02,#,0.49,#,0.011
1320020017,1991,1320020,13,401,02,#,0.54,#,0.018
1320020018,1991,1320020,13,401,02,#,2,#,0.2
1320020019,1991,1320020,13,401,02,#,0.51,#,0.025
1320020020,1991,1320020,13,401,02,#,0.51,#,0.08
1320020021,1991,1320020,13,401,02,#,0.56,#,0.032
1320020022,1991,1320020,13,401,02,#,0.45,#,0.018
1320020023,1991,1320020,13,401,02,#,0.39,#,0.018
1320020024,1991,1320020,13,401,02,#,0.6,#,0.075
1320020025,1991,1320020,13,401,02,#,0.41,#,0.013
1320020026,1991,1320020,13,401,02,#,0.41,#,0.015
1320020027,1991,1320020,13,401,02,#,0.5,#,0.021
1320020028,1991,1320020,13,401,02,#,0.42,#,0.013
1320020029,1991,1320020,13,401,02,#,0.44,#,0.015
1320020030,1991,1320020,13,401,02,#,0.48,#,0.013
1320020031,1991,1320020,13,401,02,#,0.44,#,0.01
1320020032,1991,1320020,13,401,02,#,0.44,#,0.01
1320020033,1991,1320020,13,401,02,#,0.46,#,0.03
1320020034,1991,1320020,13,401,02,#,0.44,#,0.011
1320020035,1991,1320020,13,401,02,#,0.41,#,0.011
1320020036,1991,1320020,13,401,02,#,0.44,#,0.049
1330010001,1991,1330010,13,601,01,#,4.6,#,0.29
1330010002,1991,1330010,13,601,01,#,1.3,#,0.083
1330010004,1991,1330010,13,601,01,#,2.8,#,0.24
1330010005,1991,1330010,13,601,01,#,1,#,0.16
1330010006,1991,1330010,13,601,01,#,4.4,#,0.5
1330010007,1991,1330010,13,601,01,#,0.89,#,0.15
1330010009,1991,1330010,13,601,01,#,3.7,#,0.3
1330010010,1991,1330010,13,601,01,#,0.93,#,0.18
1330010011,1991,1330010,13,601,01,#,2.8,#,0.33
1330010012,1991,1330010,13,601,01,#,0.36,#,0.16
1330010014,1991,1330010,13,601,01,#,3.7,#,0.21
1330010015,1991,1330010,13,601,01,#,1.3,#,0.12
1330010016,1991,1330010,13,601,01,#,3.5,#,0.19
1330010017,1991,1330010,13,601,01,#,0.94,#,0.12
1330010019,1991,1330010,13,601,01,#,3,#,0.16
1330010020,1991,1330010,13,601,01,#,0.91,#,0.089
1330010021,1991,1330010,13,601,01,#,2.6,#,0.18
1330010022,1991,1330010,13,601,01,#,0.93,#,0.068
1330010024,1991,1330010,13,601,01,#,2.1,#,0.12
1330010025,1991,1330010,13,601,01,#,1,#,0.068
1330010026,1991,1330010,13,601,01,#,2.7,#,0.15
1330010027,1991,1330010,13,601,01,#,1.5,#,0.088
1330010029,1991,1330010,13,601,01,#,2.7,#,0.14
1330010030,1991,1330010,13,601,01,#,1.5,#,0.088
1330020001,1991,1330020,13,601,02,#,4.3,#,0.26
1330020002,1991,1330020,13,601,02,#,1,#,0.098
1330020004,1991,1330020,13,601,02,#,1.8,#,0.15
1330020005,1991,1330020,13,601,02,#,0.94,#,0.15
1330020006,1991,1330020,13,601,02,#,3.4,#,0.34
1330020007,1991,1330020,13,601,02,#,0.85,#,0.15
1330020009,1991,1330020,13,601,02,#,3.1,#,0.34
1330020010,1991,1330020,13,601,02,#,0.63,#,0.17
1330020011,1991,1330020,13,601,02,#,2.1,#,0.22
1330020012,1991,1330020,13,601,02,#,0.84,#,0.19
1330020014,1991,1330020,13,601,02,#,3.3,#,0.19
1330020015,1991,1330020,13,601,02,#,1.2,#,0.16
1330020016,1991,1330020,13,601,02,#,2.5,#,0.15
1330020017,1991,1330020,13,601,02,#,0.72,#,0.11
1330020019,1991,1330020,13,601,02,#,2.1,#,0.13
1330020020,1991,1330020,13,601,02,#,0.61,#,0.077
1330020021,1991,1330020,13,601,02,#,2.1,#,0.12
1330020022,1991,1330020,13,601,02,#,0.85,#,0.066
1330020024,1991,1330020,13,601,02,#,1.7,#,0.1
1330020025,1991,1330020,13,601,02,#,1.1,#,0.063
1330020026,1991,1330020,13,601,02,#,2,#,0.1
1330020027,1991,1330020,13,601,02,#,1.2,#,0.071
1330020029,1991,1330020,13,601,02,#,2.3,#,0.11
1330020030,1991,1330020,13,601,02,#,1.5,#,0.088
1330030001,1991,1330030,13,601,03,#,4.9,#,0.36
1330030002,1991,1330030,13,601,03,#,0.98,#,0.13
1330030004,1991,1330030,13,601,03,#,1.9,#,0.16
1330030005,1991,1330030,13,601,03,#,0.85,#,0.14
1330030006,1991,1330030,13,601,03,#,4.2,#,0.4
1330030007,1991,1330030,13,601,03,#,0.79,#,0.14
1330030009,1991,1330030,13,601,03,#,2.6,#,0.24
1330030010,1991,1330030,13,601,03,#,0.62,#,0.16
1330030011,1991,1330030,13,601,03,#,2.8,#,0.36
1330030012,1991,1330030,13,601,03,#,0.53,#,0.14
1330030014,1991,1330030,13,601,03,#,3.2,#,0.21
1330030015,1991,1330030,13,601,03,#,1.1,#,0.15
1330030016,1991,1330030,13,601,03,#,3.6,#,0.2
1330030017,1991,1330030,13,601,03,#,0.71,#,0.086
1330030019,1991,1330030,13,601,03,#,2.5,#,0.15
1330030020,1991,1330030,13,601,03,#,0.58,#,0.064
1330030021,1991,1330030,13,601,03,#,2.4,#,0.14
1330030022,1991,1330030,13,601,03,#,0.88,#,0.056
1330030024,1991,1330030,13,601,03,#,1.9,#,0.11
1330030025,1991,1330030,13,601,03,#,1,#,0.061
1330030026,1991,1330030,13,601,03,#,2.5,#,0.15
1330030027,1991,1330030,13,601,03,#,1.2,#,0.073
1330030029,1991,1330030,13,601,03,#,2.5,#,0.13
1330030030,1991,1330030,13,601,03,#,1.4,#,0.081
1330040001,1991,1330040,13,601,04,#,4.7,#,0.29
1330040002,1991,1330040,13,601,04,#,1.7,#,0.12
1330040004,1991,1330040,13,601,04,#,3.7,#,0.25
1330040005,1991,1330040,13,601,04,#,1.1,#,0.095
1330040006,1991,1330040,13,601,04,#,5.8,#,0.44
1330040007,1991,1330040,13,601,04,#,1.6,#,0.18
1330040009,1991,1330040,13,601,04,#,3.8,#,0.34
1330040010,1991,1330040,13,601,04,#,1.3,#,0.16
1330040011,1991,1330040,13,601,04,#,3.2,#,0.25
1330040012,1991,1330040,13,601,04,#,1,#,0.13
1330040014,1991,1330040,13,601,04,#,3.3,#,0.21
1330040015,1991,1330040,13,601,04,#,1.5,#,0.13
1330040016,1991,1330040,13,601,04,#,4,#,0.26
1330040017,1991,1330040,13,601,04,#,1.1,#,0.11
1330040019,1991,1330040,13,601,04,#,3.4,#,0.25
1330040020,1991,1330040,13,601,04,#,0.85,#,0.074
1330040021,1991,1330040,13,601,04,#,2.1,#,0.13
1330040022,1991,1330040,13,601,04,#,1,#,0.072
1330040024,1991,1330040,13,601,04,#,2.5,#,0.14
1330040025,1991,1330040,13,601,04,#,1.3,#,0.076
1330040026,1991,1330040,13,601,04,#,2.4,#,0.2
1330040027,1991,1330040,13,601,04,#,0.84,#,0.056
1330040029,1991,1330040,13,601,04,#,3.9,#,0.21
1330040030,1991,1330040,13,601,04,#,2.3,#,0.13
1330130001,1991,1330130,13,601,59,#,8.6,#,0.42
1330130003,1991,1330130,13,601,59,#,15,#,0.8
1330130005,1991,1330130,13,601,59,#,14,#,0.54
1330130007,1991,1330130,13,601,59,#,11,#,0.54
1330130009,1991,1330130,13,601,59,#,7.6,#,0.59
1330130011,1991,1330130,13,601,59,#,10,#,0.51
1330130013,1991,1330130,13,601,59,#,10,#,0.42
1330130015,1991,1330130,13,601,59,#,14,#,0.73
1330130017,1991,1330130,13,601,59,#,10,#,0.5
1330130019,1991,1330130,13,601,59,#,9.8,#,0.31
1330130021,1991,1330130,13,601,59,#,15,#,0.7
1330130023,1991,1330130,13,601,59,#,12,#,0.37
1330150001,1991,1330150,13,601,61,#,5,#,0.29
1330150003,1991,1330150,13,601,61,#,15,#,0.84
1330150005,1991,1330150,13,601,61,#,9.7,#,0.42
1330150007,1991,1330150,13,601,61,#,10,#,0.48
1330150009,1991,1330150,13,601,61,#,7,#,0.53
1330150011,1991,1330150,13,601,61,#,8.2,#,0.43
1330150013,1991,1330150,13,601,61,#,8.1,#,0.32
1330150015,1991,1330150,13,601,61,#,6.7,#,0.29
1330150017,1991,1330150,13,601,61,#,10,#,0.44
1330150019,1991,1330150,13,601,61,#,9.5,#,0.34
1330150021,1991,1330150,13,601,61,#,12,#,0.5
1330150023,1991,1330150,13,601,61,#,8.2,#,0.31
1330180001,1991,1330180,13,601,64,#,6.5,#,0.34
1330180003,1991,1330180,13,601,64,#,5.9,#,0.41
1330180005,1991,1330180,13,601,64,#,7.6,#,0.44
1330180007,1991,1330180,13,601,64,#,7.1,#,0.43
1330180009,1991,1330180,13,601,64,#,4.8,#,0.44
1330180011,1991,1330180,13,601,64,#,5.9,#,0.2
1330180013,1991,1330180,13,601,64,#,5,#,0.21
1330180015,1991,1330180,13,601,64,#,3.9,#,0.22
1330180017,1991,1330180,13,601,64,#,4.2,#,0.2
1330180019,1991,1330180,13,601,64,#,3.9,#,0.22
1330180021,1991,1330180,13,601,64,#,6.6,#,0.24
1330180023,1991,1330180,13,601,64,#,4.8,#,0.22
1330230001,1991,1330230,13,601,69,#,5.1,#,0.32
1330230003,1991,1330230,13,601,69,#,5,#,0.44
1330230005,1991,1330230,13,601,69,#,6.1,#,0.4
1330230007,1991,1330230,13,601,69,#,5.7,#,0.41
1330230009,1991,1330230,13,601,69,#,3.7,#,0.25
1330230011,1991,1330230,13,601,69,#,5.6,#,0.22
1330230013,1991,1330230,13,601,69,#,3.7,#,0.16
1330230015,1991,1330230,13,601,69,#,3.3,#,0.18
1330230017,1991,1330230,13,601,69,#,3.3,#,0.17
1330230019,1991,1330230,13,601,69,#,2.9,#,0.18
1330230021,1991,1330230,13,601,69,#,4,#,0.17
1330230023,1991,1330230,13,601,69,#,4.2,#,0.2
1330240001,1991,1330240,13,601,70,#,6.3,#,0.33
1330240003,1991,1330240,13,601,70,#,5.9,#,0.41
1330240005,1991,1330240,13,601,70,#,7,#,0.38
1330240007,1991,1330240,13,601,70,#,7.6,#,0.42
1330240009,1991,1330240,13,601,70,#,4.9,#,0.41
1330240011,1991,1330240,13,601,70,#,5.6,#,0.23
1330240013,1991,1330240,13,601,70,#,5.5,#,0.21
1330240015,1991,1330240,13,601,70,#,4.9,#,0.23
1330240017,1991,1330240,13,601,70,#,4.3,#,0.19
1330240019,1991,1330240,13,601,70,#,2.7,#,0.15
1330240021,1991,1330240,13,601,70,#,5.4,#,0.2
1330240023,1991,1330240,13,601,70,#,5.5,#,0.2
1330260001,1991,1330260,13,601,72,#,3,#,0.19
1330260003,1991,1330260,13,601,72,#,4.1,#,0.3
1330260005,1991,1330260,13,601,72,#,4.3,#,0.3
1330260007,1991,1330260,13,601,72,#,3.8,#,0.33
1330260009,1991,1330260,13,601,72,#,4,#,0.35
1330260011,1991,1330260,13,601,72,#,4,#,0.16
1330260013,1991,1330260,13,601,72,#,3.1,#,0.14
1330260015,1991,1330260,13,601,72,#,2.1,#,0.13
1330260017,1991,1330260,13,601,72,#,2.1,#,0.1
1330260019,1991,1330260,13,601,72,#,2.3,#,0.14
1330260021,1991,1330260,13,601,72,#,2.4,#,0.1
1330260023,1991,1330260,13,601,72,#,3.4,#,0.13
1330280001,1991,1330280,13,601,74,#,16,#,1.6
1330280003,1991,1330280,13,601,74,#,13,#,1.5
1330280005,1991,1330280,13,601,74,#,9.7,#,1.2
1330280007,1991,1330280,13,601,74,#,9.4,#,1.7
1330280009,1991,1330280,13,601,74,#,3.6,#,0.21
1330280011,1991,1330280,13,601,74,#,8.3,#,1.5
1330280013,1991,1330280,13,601,74,#,7,#,0.67
1330280015,1991,1330280,13,601,74,#,7.2,#,0.39
1330280017,1991,1330280,13,601,74,#,13,#,0.75
1330280019,1991,1330280,13,601,74,#,7.9,#,0.59
1330280021,1991,1330280,13,601,74,#,11,#,1
1330280023,1991,1330280,13,601,74,#,13,#,1.6
1330290001,1991,1330290,13,601,75,#,10,#,0.74
1330290003,1991,1330290,13,601,75,#,8.8,#,0.63
1330290005,1991,1330290,13,601,75,#,8.4,#,0.74
1330290007,1991,1330290,13,601,75,#,7.5,#,0.8
1330290009,1991,1330290,13,601,75,#,3.5,#,0.19
1330290011,1991,1330290,13,601,75,#,5.3,#,0.68
1330290013,1991,1330290,13,601,75,#,5.6,#,0.5
1330290015,1991,1330290,13,601,75,#,3.7,#,0.21
1330290017,1991,1330290,13,601,75,#,3.9,#,0.19
1330290019,1991,1330290,13,601,75,#,7.5,#,0.33
1330290021,1991,1330290,13,601,75,#,4.8,#,0.36
1330290023,1991,1330290,13,601,75,#,7.6,#,0.59
1330300001,1991,1330300,13,601,76,#,17,#,1
1330300003,1991,1330300,13,601,76,#,16,#,0.86
1330300005,1991,1330300,13,601,76,#,15,#,0.76
1330300007,1991,1330300,13,601,76,#,15,#,1.1
1330300009,1991,1330300,13,601,76,#,13,#,0.69
1330300011,1991,1330300,13,601,76,#,14,#,0.71
1330300013,1991,1330300,13,601,76,#,10,#,0.64
1330300015,1991,1330300,13,601,76,#,7.9,#,0.68
1330300017,1991,1330300,13,601,76,#,12,#,0.47
1330300019,1991,1330300,13,601,76,#,9.3,#,1.3
1330300021,1991,1330300,13,601,76,#,11,#,0.8
1330300023,1991,1330300,13,601,76,#,14,#,1.4
1330320001,1991,1330320,13,601,78,#,5.8,#,0.37
1330320003,1991,1330320,13,601,78,#,9.2,#,0.41
1330320005,1991,1330320,13,601,78,#,5.9,#,0.43
1330320007,1991,1330320,13,601,78,#,5.5,#,0.44
1330320009,1991,1330320,13,601,78,#,6.4,#,0.67
1330320011,1991,1330320,13,601,78,#,5.5,#,0.68
1330320013,1991,1330320,13,601,78,#,4.9,#,0.26
1330320015,1991,1330320,13,601,78,#,3.6,#,0.25
1330320017,1991,1330320,13,601,78,#,3.3,#,0.18
1330320019,1991,1330320,13,601,78,#,4.8,#,0.29
1330320021,1991,1330320,13,601,78,#,3.4,#,0.16
1330320023,1991,1330320,13,601,78,#,5.1,#,0.35
1330340001,1991,1330340,13,601,80,#,8.9,#,0.46
1330340003,1991,1330340,13,601,80,#,13,#,0.45
1330340005,1991,1330340,13,601,80,#,11,#,0.41
1330340007,1991,1330340,13,601,80,#,9.4,#,0.7
1330340009,1991,1330340,13,601,80,#,6,#,0.44
1330340011,1991,1330340,13,601,80,#,7.8,#,0.63
1330340013,1991,1330340,13,601,80,#,8.5,#,0.35
1330340015,1991,1330340,13,601,80,#,8.2,#,0.4
1330340017,1991,1330340,13,601,80,#,6.7,#,0.47
1330340019,1991,1330340,13,601,80,#,8.4,#,0.43
1330340021,1991,1330340,13,601,80,#,9.6,#,0.3
1330340023,1991,1330340,13,601,80,#,10,#,0.55
1330350001,1991,1330350,13,601,81,#,6.3,#,0.43
1330350003,1991,1330350,13,601,81,#,8.9,#,0.68
1330350005,1991,1330350,13,601,81,#,8.8,#,0.72
1330350007,1991,1330350,13,601,81,#,7.1,#,0.64
1330350009,1991,1330350,13,601,81,#,1.9,#,0.27
1330350011,1991,1330350,13,601,81,#,3,#,0.21
1330350013,1991,1330350,13,601,81,#,5.1,#,0.28
1330350015,1991,1330350,13,601,81,#,7.6,#,0.55
1330350017,1991,1330350,13,601,81,#,7.4,#,0.6
1330350019,1991,1330350,13,601,81,#,9,#,0.58
1330350021,1991,1330350,13,601,81,#,8.4,#,0.64
1330350023,1991,1330350,13,601,81,#,8.5,#,0.55
1330370001,1991,1330370,13,602,01,#,4.2,#,0.29
1330370002,1991,1330370,13,602,01,#,1.5,#,0.097
1330370004,1991,1330370,13,602,01,#,1.7,#,0.11
1330370005,1991,1330370,13,602,01,#,0.81,#,0.048
1330370006,1991,1330370,13,602,01,#,3.5,#,0.23
1330370007,1991,1330370,13,602,01,#,0.87,#,0.1
1330370009,1991,1330370,13,602,01,#,3.1,#,0.22
1330370010,1991,1330370,13,602,01,#,0.9,#,0.11
1330370011,1991,1330370,13,602,01,#,2.5,#,0.27
1330370012,1991,1330370,13,602,01,#,0.9,#,0.19
1330370014,1991,1330370,13,602,01,#,2.5,#,0.19
1330370015,1991,1330370,13,602,01,#,1.1,#,0.095
1330370016,1991,1330370,13,602,01,#,2.7,#,0.16
1330370017,1991,1330370,13,602,01,#,0.64,#,0.067
1330370019,1991,1330370,13,602,01,#,2.3,#,0.14
1330370020,1991,1330370,13,602,01,#,0.7,#,0.1
1330370021,1991,1330370,13,602,01,#,2.4,#,0.15
1330370022,1991,1330370,13,602,01,#,0.8,#,0.066
1330370024,1991,1330370,13,602,01,#,2.1,#,0.13
1330370025,1991,1330370,13,602,01,#,1.3,#,0.081
1330370026,1991,1330370,13,602,01,#,1.7,#,0.099
1330370027,1991,1330370,13,602,01,#,1.5,#,0.087
1330370029,1991,1330370,13,602,01,#,2.4,#,0.13
1330370030,1991,1330370,13,602,01,#,1.8,#,0.12
1330440001,1991,1330440,13,603,01,#,1.5,#,0.083
1330440002,1991,1330440,13,603,01,#,0.97,#,0.069
1330440004,1991,1330440,13,603,01,#,0.89,#,0.041
1330440005,1991,1330440,13,603,01,#,0.83,#,0.12
1330440006,1991,1330440,13,603,01,#,2.3,#,0.2
1330440007,1991,1330440,13,603,01,#,0.55,#,0.075
1330440009,1991,1330440,13,603,01,#,1,#,0.064
1330440010,1991,1330440,13,603,01,#,0.95,#,0.095
1330440011,1991,1330440,13,603,01,#,1.5,#,0.16
1330440012,1991,1330440,13,603,01,#,0.51,#,0.14
1330440014,1991,1330440,13,603,01,#,0.95,#,0.075
1330440015,1991,1330440,13,603,01,#,0.85,#,0.093
1330440016,1991,1330440,13,603,01,#,1.5,#,0.1
1330440017,1991,1330440,13,603,01,#,0.47,#,0.08
1330440019,1991,1330440,13,603,01,#,1.2,#,0.059
1330440020,1991,1330440,13,603,01,#,0.42,#,0.055
1330440021,1991,1330440,13,603,01,#,1.1,#,0.08
1330440022,1991,1330440,13,603,01,#,0.68,#,0.049
1330440024,1991,1330440,13,603,01,#,1.4,#,0.078
1330440025,1991,1330440,13,603,01,#,0.8,#,0.052
1330440026,1991,1330440,13,603,01,#,1.1,#,0.056
1330440027,1991,1330440,13,603,01,#,0.93,#,0.055
1330440029,1991,1330440,13,603,01,#,1.1,#,0.038
1330440030,1991,1330440,13,603,01,#,0.96,#,0.053
1330450001,1991,1330450,13,603,02,#,3.7,#,0.21
1330450002,1991,1330450,13,603,02,#,0.56,#,0.067
1330450004,1991,1330450,13,603,02,#,2.2,#,0.15
1330450005,1991,1330450,13,603,02,#,0.7,#,0.1
1330450006,1991,1330450,13,603,02,#,3,#,0.25
1330450007,1991,1330450,13,603,02,#,0.67,#,0.12
1330450009,1991,1330450,13,603,02,#,1.2,#,0.1
1330450010,1991,1330450,13,603,02,#,0.47,#,0.12
1330450011,1991,1330450,13,603,02,#,1.7,#,0.18
1330450012,1991,1330450,13,603,02,#,0.44,#,0.13
1330450014,1991,1330450,13,603,02,#,2.2,#,0.1
1330450015,1991,1330450,13,603,02,#,0.85,#,0.14
1330450016,1991,1330450,13,603,02,#,2.6,#,0.15
1330450017,1991,1330450,13,603,02,#,0.39,#,0.074
1330450019,1991,1330450,13,603,02,#,2.1,#,0.13
1330450020,1991,1330450,13,603,02,#,0.37,#,0.045
1330450021,1991,1330450,13,603,02,#,2.2,#,0.13
1330450022,1991,1330450,13,603,02,#,0.48,#,0.041
1330450024,1991,1330450,13,603,02,#,1.8,#,0.095
1330450025,1991,1330450,13,603,02,#,0.73,#,0.057
1330450026,1991,1330450,13,603,02,#,1,#,0.059
1330450027,1991,1330450,13,603,02,#,0.91,#,0.056
1330450029,1991,1330450,13,603,02,#,1.6,#,0.082
1330450030,1991,1330450,13,603,02,#,1.1,#,0.05
1330600001,1991,1330600,13,604,01,#,2.1,#,0.12
1330600002,1991,1330600,13,604,01,#,0.36,#,0.047
1330600004,1991,1330600,13,604,01,#,0.89,#,0.039
1330600005,1991,1330600,13,604,01,#,0.49,#,0.075
1330600006,1991,1330600,13,604,01,#,1.5,#,0.13
1330600007,1991,1330600,13,604,01,#,0.43,#,0.062
1330600009,1991,1330600,13,604,01,#,0.84,#,0.06
1330600010,1991,1330600,13,604,01,#,0.55,#,0.1
1330600011,1991,1330600,13,604,01,#,0.72,#,0.073
1330600012,1991,1330600,13,604,01,#,0.42,#,0.11
1330600014,1991,1330600,13,604,01,#,2.2,#,0.088
1330600015,1991,1330600,13,604,01,#,0.74,#,0.11
1330600016,1991,1330600,13,604,01,#,1.8,#,0.11
1330600017,1991,1330600,13,604,01,#,0.35,#,0.049
1330600019,1991,1330600,13,604,01,#,0.85,#,0.051
1330600020,1991,1330600,13,604,01,#,0.3,#,0.036
1330600021,1991,1330600,13,604,01,#,1,#,0.066
1330600022,1991,1330600,13,604,01,#,0.31,#,0.033
1330600024,1991,1330600,13,604,01,#,1.1,#,0.054
1330600025,1991,1330600,13,604,01,#,0.64,#,0.052
1330600026,1991,1330600,13,604,01,#,1.8,#,0.043
1330600027,1991,1330600,13,604,01,#,0.91,#,0.042
1330600029,1991,1330600,13,604,01,#,0.98,#,0.038
1330600030,1991,1330600,13,604,01,#,0.57,#,0.051
