レコードID,測定年度,絶対番号,都道府県コード,水域コード,地点コード,全窒素_C,全窒素(mg/l),全燐_C,全燐(mg/l)
1310010001,1998,1310010,13,001,01,#,2.1,#,0.22
1310010004,1998,1310010,13,001,01,#,2.6,#,0.12
1310010007,1998,1310010,13,001,01,#,2.9,#,0.11
1310010010,1998,1310010,13,001,01,#,2.4,#,0.13
1310010017,1998,1310010,13,001,01,#,3.5,#,0.15
1310010020,1998,1310010,13,001,01,#,3.7,#,0.18
1310010023,1998,1310010,13,001,01,#,3.9,#,0.12
1310010026,1998,1310010,13,001,01,#,3.2,#,0.071
1310010029,1998,1310010,13,001,01,#,4,#,0.098
1310010036,1998,1310010,13,001,01,#,3.9,#,0.1
1310010039,1998,1310010,13,001,01,#,3.4,#,0.14
1310010042,1998,1310010,13,001,01,#,3.5,#,0.15
1310020001,1998,1310020,13,001,51,#,2.4,#,0.19
1310020002,1998,1310020,13,001,51,#,2.6,#,0.12
1310020003,1998,1310020,13,001,51,#,3.5,#,0.11
1310020004,1998,1310020,13,001,51,#,3,#,0.11
1310020005,1998,1310020,13,001,51,#,3.5,#,0.11
1310020006,1998,1310020,13,001,51,#,4.1,#,0.11
1310020007,1998,1310020,13,001,51,#,3.8,#,0.088
1310020008,1998,1310020,13,001,51,#,4.1,#,0.068
1310020009,1998,1310020,13,001,51,#,4.9,#,0.094
1310020010,1998,1310020,13,001,51,#,4.8,#,0.1
1310020011,1998,1310020,13,001,51,#,3.5,#,0.12
1310020012,1998,1310020,13,001,51,#,4.1,#,0.15
1310030001,1998,1310030,13,002,01,#,2,#,0.12
1310030004,1998,1310030,13,002,01,#,3.2,#,0.14
1310030007,1998,1310030,13,002,01,#,2.8,#,0.11
1310030010,1998,1310030,13,002,01,#,2.4,#,0.12
1310030017,1998,1310030,13,002,01,#,3.6,#,0.11
1310030020,1998,1310030,13,002,01,#,3.4,#,0.18
1310030023,1998,1310030,13,002,01,#,4,#,0.1
1310030026,1998,1310030,13,002,01,#,3.2,#,0.085
1310030029,1998,1310030,13,002,01,#,4.1,#,0.095
1310030036,1998,1310030,13,002,01,#,5,#,0.2
1310030039,1998,1310030,13,002,01,#,4.5,#,0.24
1310030042,1998,1310030,13,002,01,#,4.5,#,0.22
1310040001,1998,1310040,13,002,51,#,2,#,0.15
1310040003,1998,1310040,13,002,51,#,2.5,#,0.082
1310040005,1998,1310040,13,002,51,#,2.8,#,0.1
1310040007,1998,1310040,13,002,51,#,2.4,#,0.11
1310040009,1998,1310040,13,002,51,#,3.6,#,0.11
1310040011,1998,1310040,13,002,51,#,3.6,#,0.17
1310040013,1998,1310040,13,002,51,#,4,#,0.1
1310040015,1998,1310040,13,002,51,#,3.3,#,0.091
1310040017,1998,1310040,13,002,51,#,3.9,#,0.1
1310040019,1998,1310040,13,002,51,#,5.1,#,0.22
1310040021,1998,1310040,13,002,51,#,5.5,#,0.31
1310040023,1998,1310040,13,002,51,#,5.4,#,0.34
1310060001,1998,1310060,13,003,01,#,2.6,#,0.16
1310060005,1998,1310060,13,003,01,#,3.1,#,0.17
1310060009,1998,1310060,13,003,01,#,4.2,#,0.16
1310060013,1998,1310060,13,003,01,#,4.1,#,0.15
1310060017,1998,1310060,13,003,01,#,3.5,#,0.18
1310060021,1998,1310060,13,003,01,#,4.2,#,0.13
1310060025,1998,1310060,13,003,01,#,4.5,#,0.15
1310060029,1998,1310060,13,003,01,#,4.3,#,0.09
1310060033,1998,1310060,13,003,01,#,5.4,#,0.13
1310060037,1998,1310060,13,003,01,#,6.3,#,0.19
1310060041,1998,1310060,13,003,01,#,5.4,#,0.2
1310060045,1998,1310060,13,003,01,#,5.9,#,0.25
1310070001,1998,1310070,13,003,51,#,4.7,#,0.66
1310070002,1998,1310070,13,003,51,#,3.9,#,0.17
1310070003,1998,1310070,13,003,51,#,9.4,#,0.3
1310070004,1998,1310070,13,003,51,#,4.7,#,0.14
1310070005,1998,1310070,13,003,51,#,4.4,#,0.13
1310070006,1998,1310070,13,003,51,#,4.5,#,0.12
1310070007,1998,1310070,13,003,51,#,5.2,#,0.11
1310070008,1998,1310070,13,003,51,#,5.2,#,0.11
1310070009,1998,1310070,13,003,51,#,7.8,#,0.17
1310070010,1998,1310070,13,003,51,#,6.8,#,0.21
1310070011,1998,1310070,13,003,51,#,5.3,#,0.25
1310070012,1998,1310070,13,003,51,#,6.5,#,0.29
1310090002,1998,1310090,13,004,01,#,6.1,#,0.1
1310090005,1998,1310090,13,004,01,#,3.3,#,0.41
1310090008,1998,1310090,13,004,01,#,3.2,#,0.21
1310090011,1998,1310090,13,004,01,#,3.6,#,0.2
1310090018,1998,1310090,13,004,01,#,3.3,#,0.18
1310090021,1998,1310090,13,004,01,#,4.7,#,0.17
1310090024,1998,1310090,13,004,01,#,3.6,#,0.17
1310090027,1998,1310090,13,004,01,#,7.2,#,0.32
1310090030,1998,1310090,13,004,01,#,8.2,#,0.46
1310090033,1998,1310090,13,004,01,#,13,#,0.49
1310090040,1998,1310090,13,004,01,#,13,#,0.61
1310090043,1998,1310090,13,004,01,#,15,#,0.8
1310100001,1998,1310100,13,004,02,#,4.1,#,0.4
1310100005,1998,1310100,13,004,02,#,4.5,#,0.5
1310100009,1998,1310100,13,004,02,#,4.4,#,0.27
1310100013,1998,1310100,13,004,02,#,4.3,#,0.19
1310100017,1998,1310100,13,004,02,#,4.2,#,0.24
1310100021,1998,1310100,13,004,02,#,4.2,#,0.17
1310100025,1998,1310100,13,004,02,#,4.3,#,0.26
1310100029,1998,1310100,13,004,02,#,5.2,#,0.23
1310100033,1998,1310100,13,004,02,#,5.5,#,0.25
1310100037,1998,1310100,13,004,02,#,3.1,#,0.16
1310100041,1998,1310100,13,004,02,#,4.9,#,0.27
1310100045,1998,1310100,13,004,02,#,4.7,#,0.26
1310110002,1998,1310110,13,004,51,#,5,#,0.098
1310110004,1998,1310110,13,004,51,#,3.5,#,0.36
1310110006,1998,1310110,13,004,51,#,3.3,#,0.34
1310110008,1998,1310110,13,004,51,#,4,#,0.19
1310110010,1998,1310110,13,004,51,#,3.6,#,0.18
1310110012,1998,1310110,13,004,51,#,4.6,#,0.19
1310110014,1998,1310110,13,004,51,#,3.5,#,0.2
1310110016,1998,1310110,13,004,51,#,6.2,#,0.24
1310110018,1998,1310110,13,004,51,#,7.7,#,0.4
1310110020,1998,1310110,13,004,51,#,10,#,0.41
1310110022,1998,1310110,13,004,51,#,12,#,0.62
1310110024,1998,1310110,13,004,51,#,13,#,0.75
1310140002,1998,1310140,13,005,01,#,5.4,#,0.23
1310140004,1998,1310140,13,005,01,#,3.7,#,0.56
1310140006,1998,1310140,13,005,01,#,4.1,#,0.38
1310140008,1998,1310140,13,005,01,#,4.2,#,0.34
1310140021,1998,1310140,13,005,01,#,4.1,#,0.34
1310140023,1998,1310140,13,005,01,#,4.3,#,0.29
1310140025,1998,1310140,13,005,01,#,4.9,#,0.27
1310140027,1998,1310140,13,005,01,#,4.4,#,0.45
1310140029,1998,1310140,13,005,01,#,5.2,#,0.46
1310140031,1998,1310140,13,005,01,#,8.4,#,0.89
1310140044,1998,1310140,13,005,01,#,9.6,#,1.2
1310140046,1998,1310140,13,005,01,#,8.4,#,0.76
1310160001,1998,1310160,13,005,52,#,5.4,#,0.27
1310160003,1998,1310160,13,005,52,#,5.4,#,0.35
1310160005,1998,1310160,13,005,52,#,5.3,#,0.72
1310160008,1998,1310160,13,005,52,#,4.2,#,0.37
1310160009,1998,1310160,13,005,52,#,4.9,#,0.33
1310160012,1998,1310160,13,005,52,#,4.8,#,0.32
1310160013,1998,1310160,13,005,52,#,6,#,0.89
1310160015,1998,1310160,13,005,52,#,7.3,#,0.31
1310160017,1998,1310160,13,005,52,#,7.1,#,0.8
1310160020,1998,1310160,13,005,52,#,9,#,0.33
1310160021,1998,1310160,13,005,52,#,9,#,0.45
1310160023,1998,1310160,13,005,52,#,8.8,#,0.52
1310180001,1998,1310180,13,006,01,#,4.8,#,0.24
1310180004,1998,1310180,13,006,01,#,6.3,#,0.57
1310180007,1998,1310180,13,006,01,#,4,#,0.22
1310180010,1998,1310180,13,006,01,#,6.7,#,0.27
1310180013,1998,1310180,13,006,01,#,5.8,#,0.24
1310180021,1998,1310180,13,006,01,#,3.7,#,0.23
1310180024,1998,1310180,13,006,01,#,3,#,0.23
1310180027,1998,1310180,13,006,01,#,6.6,#,0.26
1310180030,1998,1310180,13,006,01,#,7.2,#,0.34
1310180033,1998,1310180,13,006,01,#,12,#,0.69
1310180036,1998,1310180,13,006,01,#,8.9,#,0.52
1310180044,1998,1310180,13,006,01,#,13,#,0.74
1310190001,1998,1310190,13,006,02,#,4.1,#,0.22
1310190004,1998,1310190,13,006,02,#,4.1,#,0.25
1310190007,1998,1310190,13,006,02,#,3.7,#,0.2
1310190010,1998,1310190,13,006,02,#,4.2,#,0.28
1310190013,1998,1310190,13,006,02,#,4.4,#,0.24
1310190021,1998,1310190,13,006,02,#,4.5,#,0.21
1310190024,1998,1310190,13,006,02,#,2.7,#,0.2
1310190027,1998,1310190,13,006,02,#,3,#,0.17
1310190030,1998,1310190,13,006,02,#,0.99,#,0.11
1310190033,1998,1310190,13,006,02,#,1.6,#,0.14
1310190036,1998,1310190,13,006,02,#,1.8,#,0.16
1310190044,1998,1310190,13,006,02,#,8.9,#,0.46
1310200001,1998,1310200,13,006,51,#,3.4,#,0.11
1310200003,1998,1310200,13,006,51,#,6.7,#,0.3
1310200005,1998,1310200,13,006,51,#,3.4,#,0.18
1310200007,1998,1310200,13,006,51,#,6.1,#,0.21
1310200009,1998,1310200,13,006,51,#,4.1,#,0.15
1310200011,1998,1310200,13,006,51,#,3.5,#,0.28
1310200013,1998,1310200,13,006,51,#,3.2,#,0.13
1310200015,1998,1310200,13,006,51,#,7.9,#,0.25
1310200017,1998,1310200,13,006,51,#,7.5,#,0.32
1310200019,1998,1310200,13,006,51,#,13,#,0.59
1310200021,1998,1310200,13,006,51,#,12,#,0.69
1310200023,1998,1310200,13,006,51,#,13,#,0.74
1310210001,1998,1310210,13,006,52,#,4.2,#,0.2
1310210003,1998,1310210,13,006,52,#,7.4,#,0.51
1310210005,1998,1310210,13,006,52,#,3.6,#,0.22
1310210007,1998,1310210,13,006,52,#,7.7,#,0.44
1310210009,1998,1310210,13,006,52,#,5.3,#,0.22
1310210011,1998,1310210,13,006,52,#,3.7,#,0.22
1310210013,1998,1310210,13,006,52,#,3.1,#,0.2
1310210015,1998,1310210,13,006,52,#,7.4,#,0.26
1310210017,1998,1310210,13,006,52,#,8.2,#,0.5
1310210019,1998,1310210,13,006,52,#,13,#,0.65
1310210021,1998,1310210,13,006,52,#,11,#,0.68
1310210023,1998,1310210,13,006,52,#,14,#,0.83
1310220001,1998,1310220,13,006,53,#,3.8,#,0.21
1310220003,1998,1310220,13,006,53,#,4,#,0.27
1310220005,1998,1310220,13,006,53,#,3.8,#,0.23
1310220007,1998,1310220,13,006,53,#,5.4,#,0.29
1310220009,1998,1310220,13,006,53,#,4.9,#,0.22
1310220011,1998,1310220,13,006,53,#,4.6,#,0.19
1310220013,1998,1310220,13,006,53,#,2.8,#,0.2
1310220015,1998,1310220,13,006,53,#,5.7,#,0.23
1310220017,1998,1310220,13,006,53,#,6.1,#,0.28
1310220019,1998,1310220,13,006,53,#,8.9,#,0.44
1310220021,1998,1310220,13,006,53,#,8.3,#,0.47
1310220023,1998,1310220,13,006,53,#,9.1,#,0.48
1310230002,1998,1310230,13,007,01,#,7.1,#,0.5
1310230005,1998,1310230,13,007,01,#,8.5,#,0.55
1310230009,1998,1310230,13,007,01,#,7,#,0.42
1310230013,1998,1310230,13,007,01,#,6.1,#,0.49
1310230017,1998,1310230,13,007,01,#,7.1,#,0.4
1310230021,1998,1310230,13,007,01,#,7.9,#,0.29
1310230025,1998,1310230,13,007,01,#,8.3,#,0.29
1310230029,1998,1310230,13,007,01,#,9.7,#,0.36
1310230033,1998,1310230,13,007,01,#,10,#,0.48
1310230037,1998,1310230,13,007,01,#,6.8,#,0.38
1310230041,1998,1310230,13,007,01,#,6.6,#,0.37
1310230045,1998,1310230,13,007,01,#,8.4,#,0.46
1310240001,1998,1310240,13,007,02,#,8,#,0.43
1310240005,1998,1310240,13,007,02,#,10,#,0.63
1310240009,1998,1310240,13,007,02,#,7.5,#,0.41
1310240013,1998,1310240,13,007,02,#,9.4,#,0.55
1310240017,1998,1310240,13,007,02,#,9.3,#,0.46
1310240021,1998,1310240,13,007,02,#,8.1,#,0.41
1310240025,1998,1310240,13,007,02,#,8.5,#,0.37
1310240029,1998,1310240,13,007,02,#,11,#,0.58
1310240033,1998,1310240,13,007,02,#,11,#,0.62
1310240037,1998,1310240,13,007,02,#,16,#,0.7
1310240041,1998,1310240,13,007,02,#,16,#,0.88
1310240045,1998,1310240,13,007,02,#,16,#,1
1310250001,1998,1310250,13,007,51,#,7.9,#,0.43
1310250003,1998,1310250,13,007,51,#,10,#,0.52
1310250005,1998,1310250,13,007,51,#,4.3,#,0.25
1310250007,1998,1310250,13,007,51,#,7.9,#,0.34
1310250009,1998,1310250,13,007,51,#,6.3,#,0.26
1310250011,1998,1310250,13,007,51,#,3.7,#,0.22
1310250013,1998,1310250,13,007,51,#,4.8,#,0.22
1310250015,1998,1310250,13,007,51,#,8.6,#,0.26
1310250017,1998,1310250,13,007,51,#,10,#,0.67
1310250019,1998,1310250,13,007,51,#,16,#,0.74
1310250021,1998,1310250,13,007,51,#,16,#,0.9
1310250023,1998,1310250,13,007,51,#,15,#,0.87
1310260002,1998,1310260,13,007,53,#,8.2,#,0.52
1310260003,1998,1310260,13,007,53,#,10,#,0.66
1310260005,1998,1310260,13,007,53,#,7.6,#,0.51
1310260007,1998,1310260,13,007,53,#,7.3,#,0.46
1310260009,1998,1310260,13,007,53,#,7.3,#,0.31
1310260011,1998,1310260,13,007,53,#,9,#,0.36
1310260013,1998,1310260,13,007,53,#,9.8,#,0.39
1310260015,1998,1310260,13,007,53,#,11,#,0.45
1310260017,1998,1310260,13,007,53,#,13,#,0.61
1310260019,1998,1310260,13,007,53,#,9.3,#,0.37
1310260021,1998,1310260,13,007,53,#,12,#,0.53
1310260023,1998,1310260,13,007,53,#,13,#,0.64
1310290001,1998,1310290,13,008,01,#,7.6,#,0.92
1310290003,1998,1310290,13,008,01,#,6.9,#,0.66
1310290005,1998,1310290,13,008,01,#,6.9,#,0.52
1310290007,1998,1310290,13,008,01,#,4.6,#,0.55
1310290009,1998,1310290,13,008,01,#,6.3,#,0.88
1310290011,1998,1310290,13,008,01,#,7.5,#,0.67
1310290013,1998,1310290,13,008,01,#,7,#,0.47
1310290015,1998,1310290,13,008,01,#,8.5,#,0.79
1310290017,1998,1310290,13,008,01,#,10,#,0.8
1310290019,1998,1310290,13,008,01,#,9.5,#,0.82
1310290021,1998,1310290,13,008,01,#,8,#,0.6
1310290023,1998,1310290,13,008,01,#,9.2,#,0.9
1310300001,1998,1310300,13,009,01,#,10,#,1.1
1310300003,1998,1310300,13,009,01,#,10,#,1.1
1310300005,1998,1310300,13,009,01,#,8.4,#,0.57
1310300007,1998,1310300,13,009,01,#,5.9,#,0.67
1310300009,1998,1310300,13,009,01,#,11,#,1.3
1310300011,1998,1310300,13,009,01,#,9.2,#,0.92
1310300013,1998,1310300,13,009,01,#,8.7,#,0.61
1310300015,1998,1310300,13,009,01,#,11,#,1.1
1310300017,1998,1310300,13,009,01,#,11,#,1
1310300019,1998,1310300,13,009,01,#,12,#,1
1310300021,1998,1310300,13,009,01,#,14,#,1.2
1310300023,1998,1310300,13,009,01,#,11,#,1.2
1310310001,1998,1310310,13,010,01,#,3.5,#,0.23
1310310002,1998,1310310,13,010,01,#,3.1,#,0.27
1310310003,1998,1310310,13,010,01,#,4.9,#,0.39
1310310004,1998,1310310,13,010,01,#,4.3,#,0.53
1310310005,1998,1310310,13,010,01,#,4.7,#,0.45
1310310006,1998,1310310,13,010,01,#,4,#,0.38
1310310007,1998,1310310,13,010,01,#,4.9,#,0.8
1310310008,1998,1310310,13,010,01,#,3.3,#,0.23
1310310009,1998,1310310,13,010,01,#,3.9,#,0.19
1310310010,1998,1310310,13,010,01,#,3.1,#,0.14
1310310011,1998,1310310,13,010,01,#,3.2,#,0.19
1310310012,1998,1310310,13,010,01,#,3.1,#,0.14
1310320001,1998,1310320,13,011,01,#,2.5,#,0.61
1310320003,1998,1310320,13,011,01,#,3.1,#,0.4
1310320005,1998,1310320,13,011,01,#,4.7,#,0.45
1310320007,1998,1310320,13,011,01,#,3.5,#,0.67
1310320009,1998,1310320,13,011,01,#,4.3,#,0.47
1310320011,1998,1310320,13,011,01,#,5.1,#,0.61
1310320013,1998,1310320,13,011,01,#,4.1,#,0.41
1310320015,1998,1310320,13,011,01,#,5,#,0.39
1310320017,1998,1310320,13,011,01,#,6.4,#,0.49
1310320019,1998,1310320,13,011,01,#,6.7,#,0.48
1310320021,1998,1310320,13,011,01,#,7.5,#,0.41
1310320023,1998,1310320,13,011,01,#,5.6,#,0.36
1310330001,1998,1310330,13,012,01,#,9.2,#,1
1310330003,1998,1310330,13,012,01,#,6.7,#,1
1310330005,1998,1310330,13,012,01,#,9.1,#,0.86
1310330007,1998,1310330,13,012,01,#,8.3,#,0.92
1310330009,1998,1310330,13,012,01,#,9.4,#,1.3
1310330011,1998,1310330,13,012,01,#,8.2,#,0.88
1310330013,1998,1310330,13,012,01,#,6.8,#,0.59
1310330015,1998,1310330,13,012,01,#,13,#,1
1310330017,1998,1310330,13,012,01,#,12,#,1.1
1310330019,1998,1310330,13,012,01,#,12,#,1.1
1310330021,1998,1310330,13,012,01,#,13,#,1.2
1310330023,1998,1310330,13,012,01,#,9.7,#,1.1
1310340001,1998,1310340,13,013,01,#,0.88,#,0.018
1310340005,1998,1310340,13,013,01,#,0.73,#,0.011
1310340009,1998,1310340,13,013,01,#,0.82,#,0.012
1310340013,1998,1310340,13,013,01,#,0.81,#,0.014
1310340017,1998,1310340,13,013,01,#,0.9,#,0.018
1310340021,1998,1310340,13,013,01,#,0.88,#,0.014
1310340025,1998,1310340,13,013,01,#,0.85,#,0.016
1310340029,1998,1310340,13,013,01,#,0.65,#,0.008
1310340033,1998,1310340,13,013,01,#,0.63,#,0.008
1310340037,1998,1310340,13,013,01,#,0.71,#,0.009
1310340041,1998,1310340,13,013,01,#,0.68,#,0.008
1310340045,1998,1310340,13,013,01,#,0.6,#,0.009
1310370001,1998,1310370,13,014,01,#,1.3,#,0.036
1310370005,1998,1310370,13,014,01,#,1.7,#,0.024
1310370009,1998,1310370,13,014,01,#,1.6,#,0.023
1310370013,1998,1310370,13,014,01,#,1.4,#,0.024
1310370017,1998,1310370,13,014,01,#,1.3,#,0.021
1310370025,1998,1310370,13,014,01,#,1.5,#,0.023
1310370029,1998,1310370,13,014,01,#,1.5,#,0.038
1310370033,1998,1310370,13,014,01,#,1.4,#,0.024
1310370037,1998,1310370,13,014,01,#,1.3,#,0.018
1310370041,1998,1310370,13,014,01,#,1.3,#,0.033
1310370045,1998,1310370,13,014,01,#,1.1,#,0.029
1310370053,1998,1310370,13,014,01,#,0.92,#,0.028
1310380001,1998,1310380,13,014,51,#,0.96,#,0.018
1310380003,1998,1310380,13,014,51,#,0.88,#,0.018
1310380005,1998,1310380,13,014,51,#,0.92,#,0.016
1310380007,1998,1310380,13,014,51,#,0.74,#,0.02
1310380009,1998,1310380,13,014,51,#,0.99,#,0.018
1310380011,1998,1310380,13,014,51,#,0.76,#,0.018
1310380013,1998,1310380,13,014,51,#,0.91,#,0.027
1310380015,1998,1310380,13,014,51,#,0.76,#,0.021
1310380017,1998,1310380,13,014,51,#,0.65,#,0.008
1310380019,1998,1310380,13,014,51,#,0.68,#,0.018
1310380021,1998,1310380,13,014,51,#,0.61,#,0.019
1310380023,1998,1310380,13,014,51,#,0.72,#,0.02
1310390001,1998,1310390,13,014,52,#,0.87,#,0.015
1310390002,1998,1310390,13,014,52,#,0.78,#,0.014
1310390003,1998,1310390,13,014,52,#,0.84,#,0.012
1310390004,1998,1310390,13,014,52,#,0.78,#,0.016
1310390005,1998,1310390,13,014,52,#,0.87,#,0.022
1310390006,1998,1310390,13,014,52,#,0.97,#,0.015
1310390007,1998,1310390,13,014,52,#,0.85,#,0.017
1310390008,1998,1310390,13,014,52,#,0.67,#,0.008
1310390009,1998,1310390,13,014,52,#,0.67,#,0.009
1310390010,1998,1310390,13,014,52,#,0.76,#,0.011
1310390011,1998,1310390,13,014,52,#,0.65,#,0.012
1310390012,1998,1310390,13,014,52,#,0.64,#,0.011
1310400001,1998,1310400,13,014,53,#,1.2,#,0.024
1310400002,1998,1310400,13,014,53,#,1.5,#,0.027
1310400003,1998,1310400,13,014,53,#,1.5,#,0.018
1310400004,1998,1310400,13,014,53,#,1.7,#,0.021
1310400005,1998,1310400,13,014,53,#,1.2,#,0.024
1310400006,1998,1310400,13,014,53,#,1.4,#,0.019
1310400007,1998,1310400,13,014,53,#,1.7,#,0.017
1310400008,1998,1310400,13,014,53,#,1.5,#,0.009
1310400009,1998,1310400,13,014,53,#,1.4,#,0.019
1310400010,1998,1310400,13,014,53,#,1.4,#,0.013
1310400011,1998,1310400,13,014,53,#,1.3,#,0.012
1310400012,1998,1310400,13,014,53,#,1.1,#,0.015
1310410001,1998,1310410,13,015,01,#,4.2,#,0.39
1310410005,1998,1310410,13,015,01,#,6.8,#,0.88
1310410009,1998,1310410,13,015,01,#,5.5,#,0.46
1310410013,1998,1310410,13,015,01,#,6.5,#,0.59
1310410017,1998,1310410,13,015,01,#,4.1,#,0.41
1310410021,1998,1310410,13,015,01,#,4.3,#,0.25
1310410025,1998,1310410,13,015,01,#,5,#,0.39
1310410029,1998,1310410,13,015,01,#,6.5,#,0.47
1310410033,1998,1310410,13,015,01,#,7.6,#,0.71
1310410037,1998,1310410,13,015,01,#,10,#,0.84
1310410041,1998,1310410,13,015,01,#,9.8,#,0.89
1310410045,1998,1310410,13,015,01,#,9.1,#,0.84
1310420001,1998,1310420,13,015,02,#,3.9,#,0.26
1310420005,1998,1310420,13,015,02,#,5.6,#,0.51
1310420009,1998,1310420,13,015,02,#,4.8,#,0.35
1310420013,1998,1310420,13,015,02,#,4.6,#,0.3
1310420017,1998,1310420,13,015,02,#,3.3,#,0.28
1310420025,1998,1310420,13,015,02,#,4.5,#,0.23
1310420029,1998,1310420,13,015,02,#,5.4,#,0.28
1310420033,1998,1310420,13,015,02,#,6.5,#,0.34
1310420037,1998,1310420,13,015,02,#,7,#,0.45
1310420041,1998,1310420,13,015,02,#,8.7,#,0.53
1310420045,1998,1310420,13,015,02,#,8.9,#,0.71
1310420053,1998,1310420,13,015,02,#,8,#,0.71
1310430001,1998,1310430,13,015,51,#,2.3,#,0.19
1310430005,1998,1310430,13,015,51,#,3.8,#,0.38
1310430009,1998,1310430,13,015,51,#,3.5,#,0.38
1310430013,1998,1310430,13,015,51,#,2.7,#,0.29
1310430017,1998,1310430,13,015,51,#,2.5,#,0.21
1310430021,1998,1310430,13,015,51,#,2.5,#,0.12
1310430025,1998,1310430,13,015,51,#,3.3,#,0.2
1310430029,1998,1310430,13,015,51,#,2.9,#,0.24
1310430033,1998,1310430,13,015,51,#,5.3,#,0.59
1310430037,1998,1310430,13,015,51,#,7.1,#,0.85
1310430041,1998,1310430,13,015,51,#,7.6,#,0.89
1310430045,1998,1310430,13,015,51,#,7.7,#,0.86
1310440001,1998,1310440,13,015,52,#,3.1,#,0.16
1310440005,1998,1310440,13,015,52,#,5.7,#,0.57
1310440009,1998,1310440,13,015,52,#,4,#,0.27
1310440013,1998,1310440,13,015,52,#,4.4,#,0.36
1310440017,1998,1310440,13,015,52,#,3.1,#,0.18
1310440021,1998,1310440,13,015,52,#,3.4,#,0.13
1310440025,1998,1310440,13,015,52,#,4,#,0.2
1310440029,1998,1310440,13,015,52,#,4.6,#,0.27
1310440033,1998,1310440,13,015,52,#,6,#,0.48
1310440037,1998,1310440,13,015,52,#,7.8,#,0.73
1310440041,1998,1310440,13,015,52,#,8.3,#,0.59
1310440045,1998,1310440,13,015,52,#,8.1,#,0.68
1310450001,1998,1310450,13,015,53,#,4,#,0.29
1310450005,1998,1310450,13,015,53,#,6.3,#,0.59
1310450009,1998,1310450,13,015,53,#,5.3,#,0.3
1310450013,1998,1310450,13,015,53,#,5.3,#,0.43
1310450017,1998,1310450,13,015,53,#,3.8,#,0.3
1310450021,1998,1310450,13,015,53,#,3.8,#,0.16
1310450025,1998,1310450,13,015,53,#,4.7,#,0.25
1310450029,1998,1310450,13,015,53,#,5.7,#,0.34
1310450033,1998,1310450,13,015,53,#,5.7,#,0.5
1310450037,1998,1310450,13,015,53,#,8.6,#,0.74
1310450041,1998,1310450,13,015,53,#,8.9,#,0.75
1310450045,1998,1310450,13,015,53,#,8.9,#,0.71
1310460001,1998,1310460,13,015,54,#,3.8,#,0.27
1310460005,1998,1310460,13,015,54,#,6.5,#,0.61
1310460009,1998,1310460,13,015,54,#,6.1,#,0.38
1310460013,1998,1310460,13,015,54,#,5.6,#,0.37
1310460017,1998,1310460,13,015,54,#,3.1,#,0.27
1310460021,1998,1310460,13,015,54,#,3.9,#,0.23
1310460025,1998,1310460,13,015,54,#,4.8,#,0.32
1310460029,1998,1310460,13,015,54,#,6.1,#,0.44
1310460033,1998,1310460,13,015,54,#,7.6,#,0.69
1310460037,1998,1310460,13,015,54,#,9.1,#,0.79
1310460041,1998,1310460,13,015,54,#,9.5,#,0.85
1310460045,1998,1310460,13,015,54,#,8.5,#,0.84
1310470001,1998,1310470,13,015,55,#,4,#,0.29
1310470002,1998,1310470,13,015,55,#,4.4,#,0.36
1310470003,1998,1310470,13,015,55,#,4.6,#,0.37
1310470004,1998,1310470,13,015,55,#,5.7,#,0.43
1310470005,1998,1310470,13,015,55,#,3.7,#,0.28
1310470006,1998,1310470,13,015,55,#,4.2,#,0.21
1310470007,1998,1310470,13,015,55,#,5,#,0.25
1310470008,1998,1310470,13,015,55,#,6.1,#,0.41
1310470009,1998,1310470,13,015,55,#,7.2,#,0.5
1310470010,1998,1310470,13,015,55,#,8.6,#,0.71
1310470011,1998,1310470,13,015,55,#,9,#,0.63
1310470012,1998,1310470,13,015,55,#,9.3,#,0.71
1310480001,1998,1310480,13,015,56,#,4,#,0.28
1310480005,1998,1310480,13,015,56,#,6,#,0.57
1310480009,1998,1310480,13,015,56,#,4.8,#,0.37
1310480013,1998,1310480,13,015,56,#,6.2,#,0.33
1310480017,1998,1310480,13,015,56,#,3.7,#,0.3
1310480021,1998,1310480,13,015,56,#,4.5,#,0.23
1310480025,1998,1310480,13,015,56,#,4.9,#,0.29
1310480029,1998,1310480,13,015,56,#,5.8,#,0.37
1310480033,1998,1310480,13,015,56,#,7.7,#,0.55
1310480037,1998,1310480,13,015,56,#,8.4,#,0.59
1310480041,1998,1310480,13,015,56,#,9.1,#,0.68
1310480045,1998,1310480,13,015,56,#,8.2,#,0.73
1310490001,1998,1310490,13,015,57,#,4.2,#,0.27
1310490002,1998,1310490,13,015,57,#,4.2,#,0.31
1310490003,1998,1310490,13,015,57,#,4.3,#,0.31
1310490004,1998,1310490,13,015,57,#,5.6,#,0.37
1310490005,1998,1310490,13,015,57,#,3.7,#,0.26
1310490006,1998,1310490,13,015,57,#,4.2,#,0.21
1310490007,1998,1310490,13,015,57,#,5,#,0.22
1310490008,1998,1310490,13,015,57,#,5.9,#,0.35
1310490009,1998,1310490,13,015,57,#,7.2,#,0.47
1310490010,1998,1310490,13,015,57,#,8.7,#,0.58
1310490011,1998,1310490,13,015,57,#,8.1,#,0.66
1310490012,1998,1310490,13,015,57,#,8.8,#,0.64
1310530001,1998,1310530,13,016,01,#,4.5,#,0.26
1310530005,1998,1310530,13,016,01,#,6.7,#,0.42
1310530009,1998,1310530,13,016,01,#,3.6,#,0.3
1310530013,1998,1310530,13,016,01,#,5.3,#,0.31
1310530017,1998,1310530,13,016,01,#,3.3,#,0.22
1310530021,1998,1310530,13,016,01,#,5.1,#,0.23
1310530025,1998,1310530,13,016,01,#,4.5,#,0.24
1310530029,1998,1310530,13,016,01,#,5.6,#,0.26
1310530033,1998,1310530,13,016,01,#,5,#,0.32
1310530037,1998,1310530,13,016,01,#,4.2,#,0.19
1310530041,1998,1310530,13,016,01,#,5.8,#,0.31
1310530045,1998,1310530,13,016,01,#,6.1,#,0.36
1310540001,1998,1310540,13,016,51,#,4.2,#,0.27
1310540005,1998,1310540,13,016,51,#,7.9,#,0.47
1310540009,1998,1310540,13,016,51,#,3.2,#,0.3
1310540013,1998,1310540,13,016,51,#,6.4,#,0.32
1310540017,1998,1310540,13,016,51,#,4.2,#,0.22
1310540021,1998,1310540,13,016,51,#,5.1,#,0.2
1310540025,1998,1310540,13,016,51,#,5.7,#,0.27
1310540029,1998,1310540,13,016,51,#,6.6,#,0.31
1310540033,1998,1310540,13,016,51,#,7.6,#,0.44
1310540037,1998,1310540,13,016,51,#,6.6,#,0.26
1310540041,1998,1310540,13,016,51,#,8.5,#,0.74
1310540045,1998,1310540,13,016,51,#,8.2,#,0.55
1310550001,1998,1310550,13,017,01,#,9.3,#,0.63
1310550005,1998,1310550,13,017,01,#,7.2,#,0.4
1310550009,1998,1310550,13,017,01,#,8.6,#,0.61
1310550013,1998,1310550,13,017,01,#,10,#,0.38
1310550017,1998,1310550,13,017,01,#,8.9,#,0.44
1310550021,1998,1310550,13,017,01,#,9.3,#,0.4
1310550025,1998,1310550,13,017,01,#,9.1,#,0.39
1310550029,1998,1310550,13,017,01,#,10,#,0.41
1310550033,1998,1310550,13,017,01,#,11,#,0.56
1310550037,1998,1310550,13,017,01,#,16,#,0.68
1310550041,1998,1310550,13,017,01,#,15,#,0.91
1310550045,1998,1310550,13,017,01,#,17,#,1
1310560001,1998,1310560,13,017,51,#,6.8,#,0.37
1310560003,1998,1310560,13,017,51,#,7.7,#,0.5
1310560005,1998,1310560,13,017,51,#,6.7,#,0.39
1310560007,1998,1310560,13,017,51,#,10,#,0.54
1310560009,1998,1310560,13,017,51,#,7.1,#,0.4
1310560022,1998,1310560,13,017,51,#,7.9,#,0.29
1310560024,1998,1310560,13,017,51,#,8.1,#,0.32
1310560026,1998,1310560,13,017,51,#,8.2,#,0.3
1310560028,1998,1310560,13,017,51,#,8.8,#,0.32
1310560030,1998,1310560,13,017,51,#,12,#,0.59
1310560032,1998,1310560,13,017,51,#,14,#,0.88
1310560045,1998,1310560,13,017,51,#,17,#,1
1310570001,1998,1310570,13,017,52,#,8.8,#,0.62
1310570003,1998,1310570,13,017,52,#,9.2,#,0.51
1310570005,1998,1310570,13,017,52,#,8.2,#,0.53
1310570007,1998,1310570,13,017,52,#,12,#,0.78
1310570009,1998,1310570,13,017,52,#,8.1,#,0.44
1310570011,1998,1310570,13,017,52,#,8.9,#,0.43
1310570013,1998,1310570,13,017,52,#,8.8,#,0.35
1310570015,1998,1310570,13,017,52,#,10,#,0.38
1310570017,1998,1310570,13,017,52,#,11,#,0.59
1310570019,1998,1310570,13,017,52,#,16,#,0.82
1310570021,1998,1310570,13,017,52,#,17,#,1
1310570023,1998,1310570,13,017,52,#,17,#,1.1
1310580002,1998,1310580,13,018,01,#,8.4,#,0.16
1310580003,1998,1310580,13,018,01,#,8.6,#,0.15
1310580005,1998,1310580,13,018,01,#,8.6,#,0.13
1310580007,1998,1310580,13,018,01,#,9.6,#,0.37
1310580009,1998,1310580,13,018,01,#,7.6,#,0.32
1310580011,1998,1310580,13,018,01,#,8.7,#,0.19
1310580013,1998,1310580,13,018,01,#,8.6,#,0.3
1310580015,1998,1310580,13,018,01,#,9.4,#,0.085
1310580017,1998,1310580,13,018,01,#,9.5,#,0.21
1310580019,1998,1310580,13,018,01,#,12,#,0.66
1310580021,1998,1310580,13,018,01,#,14,#,0.85
1310580023,1998,1310580,13,018,01,#,15,#,0.75
1310600001,1998,1310600,13,019,01,#,6.5,#,0.076
1310600003,1998,1310600,13,019,01,#,8.6,#,0.38
1310600005,1998,1310600,13,019,01,#,6.5,#,0.063
1310600007,1998,1310600,13,019,01,#,9.3,#,0.49
1310600009,1998,1310600,13,019,01,#,9,#,0.42
1310600011,1998,1310600,13,019,01,#,7.6,#,0.16
1310600013,1998,1310600,13,019,01,#,7.5,#,0.21
1310600015,1998,1310600,13,019,01,#,9.8,#,0.3
1310600017,1998,1310600,13,019,01,#,9.5,#,0.38
1310600019,1998,1310600,13,019,01,#,11,#,0.4
1310600021,1998,1310600,13,019,01,#,10,#,0.35
1310600023,1998,1310600,13,019,01,#,7.6,#,0.13
1310630001,1998,1310630,13,020,01,#,8.6,#,0.75
1310630003,1998,1310630,13,020,01,#,8,#,0.72
1310630005,1998,1310630,13,020,01,#,8,#,0.55
1310630007,1998,1310630,13,020,01,#,8.4,#,0.85
1310630009,1998,1310630,13,020,01,#,8,#,0.77
1310630011,1998,1310630,13,020,01,#,7.7,#,0.41
1310630013,1998,1310630,13,020,01,#,8.8,#,0.48
1310630015,1998,1310630,13,020,01,#,10,#,0.72
1310630017,1998,1310630,13,020,01,#,10,#,0.62
1310630019,1998,1310630,13,020,01,#,15,#,0.57
1310630021,1998,1310630,13,020,01,#,10,#,0.65
1310630023,1998,1310630,13,020,01,#,10,#,0.84
1310650001,1998,1310650,13,020,52,#,9.8,#,0.83
1310650003,1998,1310650,13,020,52,#,9.2,#,0.71
1310650005,1998,1310650,13,020,52,#,9.7,#,0.76
1310650007,1998,1310650,13,020,52,#,10,#,1
1310650009,1998,1310650,13,020,52,#,8.9,#,0.74
1310650011,1998,1310650,13,020,52,#,9.2,#,0.72
1310650013,1998,1310650,13,020,52,#,9.4,#,0.6
1310650015,1998,1310650,13,020,52,#,12,#,1
1310650017,1998,1310650,13,020,52,#,12,#,0.89
1310650019,1998,1310650,13,020,52,#,14,#,1.1
1310650021,1998,1310650,13,020,52,#,13,#,1.2
1310650023,1998,1310650,13,020,52,#,12,#,1.3
1310660001,1998,1310660,13,021,01,#,3.9,#,0.074
1310660003,1998,1310660,13,021,01,#,2.9,#,0.052
1310660005,1998,1310660,13,021,01,#,3.7,#,0.049
1310660007,1998,1310660,13,021,01,#,4.1,#,0.04
1310660009,1998,1310660,13,021,01,#,4,#,0.028
1310660011,1998,1310660,13,021,01,#,4.6,#,0.029
1310660013,1998,1310660,13,021,01,#,3.7,#,0.026
1310660015,1998,1310660,13,021,01,#,4.2,#,0.067
1310660017,1998,1310660,13,021,01,#,3.2,#,0.082
1310660019,1998,1310660,13,021,01,#,4.3,#,0.055
1310660021,1998,1310660,13,021,01,#,4.9,#,0.045
1310660023,1998,1310660,13,021,01,#,6.4,#,0.086
1310670001,1998,1310670,13,022,01,#,1.8,#,0.022
1310670003,1998,1310670,13,022,01,#,1.5,#,0.022
1310670005,1998,1310670,13,022,01,#,1.6,#,0.018
1310670007,1998,1310670,13,022,01,#,1.4,#,0.018
1310670009,1998,1310670,13,022,01,#,1.4,#,0.021
1310670011,1998,1310670,13,022,01,#,1.5,#,0.019
1310670013,1998,1310670,13,022,01,#,1.3,#,0.012
1310670015,1998,1310670,13,022,01,#,1.2,#,0.006
1310670017,1998,1310670,13,022,01,#,1.2,#,0.012
1310670019,1998,1310670,13,022,01,#,1.4,#,0.014
1310670021,1998,1310670,13,022,01,#,1.3,#,0.014
1310670023,1998,1310670,13,022,01,#,1.3,#,0.012
1310690001,1998,1310690,13,023,01,#,5.9,#,0.24
1310690003,1998,1310690,13,023,01,#,4.7,#,0.21
1310690005,1998,1310690,13,023,01,#,3.8,#,0.12
1310690007,1998,1310690,13,023,01,#,4.7,#,0.16
1310690009,1998,1310690,13,023,01,#,5.6,#,0.15
1310690011,1998,1310690,13,023,01,#,4.1,#,0.08
1310690013,1998,1310690,13,023,01,#,5.3,#,0.064
1310690015,1998,1310690,13,023,01,#,4.9,#,0.16
1310690017,1998,1310690,13,023,01,#,5.6,#,0.18
1310690019,1998,1310690,13,023,01,#,5.7,#,0.24
1310690021,1998,1310690,13,023,01,#,6.7,#,0.36
1310690023,1998,1310690,13,023,01,#,5.1,#,0.35
1310700001,1998,1310700,13,024,01,#,4.5,#,0.039
1310700003,1998,1310700,13,024,01,#,2.9,#,0.048
1310700005,1998,1310700,13,024,01,#,2.7,#,0.044
1310700007,1998,1310700,13,024,01,#,3.7,#,0.048
1310700009,1998,1310700,13,024,01,#,5,#,0.061
1310700011,1998,1310700,13,024,01,#,7.2,#,0.03
1310700013,1998,1310700,13,024,01,#,6.1,#,0.04
1310700015,1998,1310700,13,024,01,#,4.2,#,0.028
1310700017,1998,1310700,13,024,01,#,3.3,#,0.029
1310700019,1998,1310700,13,024,01,#,1.7,#,0.015
1310700021,1998,1310700,13,024,01,#,1.5,#,0.018
1310700023,1998,1310700,13,024,01,#,1.9,#,0.023
1310730001,1998,1310730,13,025,01,#,3.3,#,0.13
1310730003,1998,1310730,13,025,01,#,2.8,#,0.17
1310730005,1998,1310730,13,025,01,#,3.5,#,0.11
1310730007,1998,1310730,13,025,01,#,1.8,#,0.039
1310730009,1998,1310730,13,025,01,#,3,#,0.077
1310730011,1998,1310730,13,025,01,#,3.2,#,0.074
1310730013,1998,1310730,13,025,01,#,2.4,#,0.063
1310730015,1998,1310730,13,025,01,#,2.7,#,0.082
1310730017,1998,1310730,13,025,01,#,4.2,#,0.2
1310730019,1998,1310730,13,025,01,#,5,#,0.26
1310730021,1998,1310730,13,025,01,#,5.7,#,0.55
1310730023,1998,1310730,13,025,01,#,6,#,0.31
1310740001,1998,1310740,13,026,01,#,4.8,#,0.27
1310740005,1998,1310740,13,026,01,#,5.1,#,0.41
1310740009,1998,1310740,13,026,01,#,5.6,#,0.35
1310740013,1998,1310740,13,026,01,#,4,#,0.32
1310740017,1998,1310740,13,026,01,#,5.3,#,0.26
1310740021,1998,1310740,13,026,01,#,4.9,#,0.18
1310740025,1998,1310740,13,026,01,#,4.2,#,0.2
1310740029,1998,1310740,13,026,01,#,5.2,#,0.23
1310740033,1998,1310740,13,026,01,#,5.9,#,0.36
1310740037,1998,1310740,13,026,01,#,6.6,#,0.52
1310740041,1998,1310740,13,026,01,#,8.3,#,0.7
1310740045,1998,1310740,13,026,01,#,10,#,0.82
1310750001,1998,1310750,13,025,02,#,7.9,#,0.43
1310750003,1998,1310750,13,025,02,#,5.4,#,0.41
1310750005,1998,1310750,13,025,02,#,4,#,0.15
1310750007,1998,1310750,13,025,02,#,4.6,#,0.23
1310750009,1998,1310750,13,025,02,#,4,#,0.13
1310750011,1998,1310750,13,025,02,#,4.7,#,0.15
1310750013,1998,1310750,13,025,02,#,4.6,#,0.12
1310750015,1998,1310750,13,025,02,#,5.3,#,0.26
1310750017,1998,1310750,13,025,02,#,7.8,#,0.45
1310750019,1998,1310750,13,025,02,#,8.6,#,0.59
1310750021,1998,1310750,13,025,02,#,10,#,0.67
1310750023,1998,1310750,13,025,02,#,11,#,0.79
1310780001,1998,1310780,13,027,01,#,20,#,0.11
1310780003,1998,1310780,13,027,01,#,3.7,#,0.23
1310780005,1998,1310780,13,027,01,#,4,#,0.16
1310780007,1998,1310780,13,027,01,#,9.2,#,0.12
1310780009,1998,1310780,13,027,01,#,18,#,0.068
1310780011,1998,1310780,13,027,01,#,17,#,0.077
1310780013,1998,1310780,13,027,01,#,3.6,#,0.053
1310780015,1998,1310780,13,027,01,#,4,#,0.16
1310780017,1998,1310780,13,027,01,#,6.4,#,0.19
1310780019,1998,1310780,13,027,01,#,8,#,0.57
1310780021,1998,1310780,13,027,01,#,10,#,0.37
1310780023,1998,1310780,13,027,01,#,11,#,0.66
1310790001,1998,1310790,13,028,01,#,4,#,0.12
1310790003,1998,1310790,13,028,01,#,3.9,#,0.12
1310790005,1998,1310790,13,028,01,#,4.7,#,0.17
1310790007,1998,1310790,13,028,01,#,4.3,#,0.18
1310790009,1998,1310790,13,028,01,#,4,#,0.13
1310790011,1998,1310790,13,028,01,#,4.2,#,0.08
1310790013,1998,1310790,13,028,01,#,3.4,#,0.056
1310790015,1998,1310790,13,028,01,#,4.7,#,0.1
1310790017,1998,1310790,13,028,01,#,5.9,#,0.17
1310790019,1998,1310790,13,028,01,#,6.9,#,0.28
1310790021,1998,1310790,13,028,01,#,7,#,0.28
1310790023,1998,1310790,13,028,01,#,8,#,0.39
1310800001,1998,1310800,13,029,01,#,2.5,#,0.089
1310800005,1998,1310800,13,029,01,#,1.7,#,0.1
1310800009,1998,1310800,13,029,01,#,2,#,0.058
1310800013,1998,1310800,13,029,01,#,2.2,#,0.15
1310800017,1998,1310800,13,029,01,#,2.2,#,0.11
1310800021,1998,1310800,13,029,01,#,1.9,#,0.055
1310800025,1998,1310800,13,029,01,#,2.4,#,0.08
1310800029,1998,1310800,13,029,01,#,2.5,#,0.11
1310800033,1998,1310800,13,029,01,#,3.7,#,0.096
1310800037,1998,1310800,13,029,01,#,2.7,#,0.14
1310800041,1998,1310800,13,029,01,#,2.9,#,0.19
1310800045,1998,1310800,13,029,01,#,2.9,#,0.18
1310810001,1998,1310810,13,030,01,#,8.6,#,0.22
1310810005,1998,1310810,13,030,01,#,9.3,#,0.22
1310810009,1998,1310810,13,030,01,#,8.5,#,0.27
1310810013,1998,1310810,13,030,01,#,8.5,#,0.18
1310810017,1998,1310810,13,030,01,#,7.8,#,0.16
1310810021,1998,1310810,13,030,01,#,7,#,0.1
1310810025,1998,1310810,13,030,01,#,9.2,#,0.11
1310810029,1998,1310810,13,030,01,#,9.2,#,0.09
1310810033,1998,1310810,13,030,01,#,10,#,0.68
1310810037,1998,1310810,13,030,01,#,12,#,0.2
1310810041,1998,1310810,13,030,01,#,12,#,0.18
1310810045,1998,1310810,13,030,01,#,12,#,0.38
1310820001,1998,1310820,13,030,51,#,5.1,#,0.074
1310820002,1998,1310820,13,030,51,#,3.9,#,0.073
1310820003,1998,1310820,13,030,51,#,5.1,#,0.094
1310820004,1998,1310820,13,030,51,#,5.2,#,0.08
1310820005,1998,1310820,13,030,51,#,5.7,#,0.086
1310820006,1998,1310820,13,030,51,#,6.1,#,0.039
1310820007,1998,1310820,13,030,51,#,7.6,#,0.049
1310820008,1998,1310820,13,030,51,#,8.1,#,0.043
1310820009,1998,1310820,13,030,51,#,7.7,#,0.044
1310820010,1998,1310820,13,030,51,#,6.8,#,0.04
1310820011,1998,1310820,13,030,51,#,5.6,#,0.062
1310820012,1998,1310820,13,030,51,#,3.4,#,0.14
1310830001,1998,1310830,13,031,01,#,6.5,#,0.62
1310830003,1998,1310830,13,031,01,#,6.5,#,0.66
1310830005,1998,1310830,13,031,01,#,6.4,#,0.55
1310830007,1998,1310830,13,031,01,#,7.1,#,0.59
1310830009,1998,1310830,13,031,01,#,5.8,#,0.45
1310830022,1998,1310830,13,031,01,#,5.5,#,0.15
1310830024,1998,1310830,13,031,01,#,6.8,#,0.25
1310830026,1998,1310830,13,031,01,#,6.4,#,0.44
1310830028,1998,1310830,13,031,01,#,6.8,#,0.48
1310830030,1998,1310830,13,031,01,#,9.9,#,0.68
1310830032,1998,1310830,13,031,01,#,8.3,#,0.71
1310830045,1998,1310830,13,031,01,#,9.6,#,0.95
1310850001,1998,1310850,13,032,01,#,1.8,#,0.023
1310850003,1998,1310850,13,032,01,#,1.6,#,0.033
1310850005,1998,1310850,13,032,01,#,1.8,#,0.025
1310850007,1998,1310850,13,032,01,#,1.9,#,0.025
1310850009,1998,1310850,13,032,01,#,1.6,#,0.029
1310850011,1998,1310850,13,032,01,#,1.7,#,0.027
1310850013,1998,1310850,13,032,01,#,1.4,#,0.033
1310850015,1998,1310850,13,032,01,#,1.3,#,0.02
1310850017,1998,1310850,13,032,01,#,1.7,#,0.027
1310850019,1998,1310850,13,032,01,#,1.7,#,0.031
1310850021,1998,1310850,13,032,01,#,1.3,#,0.02
1310850023,1998,1310850,13,032,01,#,1.6,#,0.042
1310860001,1998,1310860,13,032,02,#,2,#,0.041
1310860003,1998,1310860,13,032,02,#,2,#,0.072
1310860005,1998,1310860,13,032,02,#,2.3,#,0.052
1310860007,1998,1310860,13,032,02,#,2.1,#,0.083
1310860009,1998,1310860,13,032,02,#,1.9,#,0.048
1310860011,1998,1310860,13,032,02,#,2.1,#,0.033
1310860013,1998,1310860,13,032,02,#,1.7,#,0.063
1310860015,1998,1310860,13,032,02,#,1.7,#,0.042
1310860017,1998,1310860,13,032,02,#,2,#,0.047
1310860019,1998,1310860,13,032,02,#,2.6,#,0.067
1310860021,1998,1310860,13,032,02,#,2.6,#,0.085
1310860023,1998,1310860,13,032,02,#,2.8,#,0.093
1310870001,1998,1310870,13,034,01,#,9.8,#,0.16
1310870005,1998,1310870,13,034,01,#,11,#,0.38
1310870009,1998,1310870,13,034,01,#,10,#,0.17
1310870013,1998,1310870,13,034,01,#,11,#,0.12
1310870017,1998,1310870,13,034,01,#,9.9,#,0.19
1310870021,1998,1310870,13,034,01,#,10,#,0.18
1310870025,1998,1310870,13,034,01,#,11,#,0.18
1310870029,1998,1310870,13,034,01,#,10,#,0.16
1310870033,1998,1310870,13,034,01,#,9.3,#,0.14
1310870037,1998,1310870,13,034,01,#,13,#,0.38
1310870041,1998,1310870,13,034,01,#,13,#,0.36
1310870045,1998,1310870,13,034,01,#,12,#,0.37
1310880001,1998,1310880,13,035,01,#,8.1,#,0.084
1310880003,1998,1310880,13,035,01,#,7.9,#,0.11
1310880005,1998,1310880,13,035,01,#,8.1,#,0.13
1310880007,1998,1310880,13,035,01,#,8.3,#,0.086
1310880009,1998,1310880,13,035,01,#,8.2,#,0.094
1310880011,1998,1310880,13,035,01,#,8.4,#,0.05
1310880013,1998,1310880,13,035,01,#,7.8,#,0.06
1310880015,1998,1310880,13,035,01,#,8.2,#,0.073
1310880017,1998,1310880,13,035,01,#,8.2,#,0.092
1310880019,1998,1310880,13,035,01,#,8.5,#,0.086
1310880021,1998,1310880,13,035,01,#,7.9,#,0.13
1310880023,1998,1310880,13,035,01,#,7.8,#,0.079
1310940001,1998,1310940,13,036,01,#,4.7,#,0.27
1310940003,1998,1310940,13,036,01,#,5.5,#,0.17
1310940005,1998,1310940,13,036,01,#,4.5,#,0.25
1310940007,1998,1310940,13,036,01,#,3.8,#,0.26
1310940009,1998,1310940,13,036,01,#,4.4,#,0.16
1310940011,1998,1310940,13,036,01,#,4.3,#,0.15
1310940013,1998,1310940,13,036,01,#,4.4,#,0.2
1310940015,1998,1310940,13,036,01,#,4.6,#,0.26
1310940017,1998,1310940,13,036,01,#,4.7,#,0.25
1310940019,1998,1310940,13,036,01,#,7.3,#,0.39
1310940021,1998,1310940,13,036,01,#,8,#,0.52
1310940023,1998,1310940,13,036,01,#,8,#,0.79
1310950001,1998,1310950,13,037,01,#,10,#,0.12
1310950005,1998,1310950,13,037,01,#,7.7,#,0.16
1310950009,1998,1310950,13,037,01,#,10,#,0.31
1310950013,1998,1310950,13,037,01,#,11,#,0.17
1310950017,1998,1310950,13,037,01,#,12,#,0.12
1310950021,1998,1310950,13,037,01,#,10,#,0.22
1310950025,1998,1310950,13,037,01,#,9.7,#,0.25
1310950029,1998,1310950,13,037,01,#,12,#,0.18
1310950033,1998,1310950,13,037,01,#,11,#,0.2
1310950037,1998,1310950,13,037,01,#,15,#,0.2
1310950041,1998,1310950,13,037,01,#,18,#,0.22
1310950045,1998,1310950,13,037,01,#,17,#,0.51
1310960001,1998,1310960,13,038,01,#,2.9,#,0.3
1310960003,1998,1310960,13,038,01,#,2.6,#,0.36
1310960005,1998,1310960,13,038,01,#,3.3,#,0.27
1310960007,1998,1310960,13,038,01,#,3.6,#,0.15
1310960009,1998,1310960,13,038,01,#,3.7,#,1.2
1310960011,1998,1310960,13,038,01,#,5.8,#,0.11
1310960013,1998,1310960,13,038,01,#,4.4,#,0.24
1310960015,1998,1310960,13,038,01,#,3.5,#,0.27
1310960017,1998,1310960,13,038,01,#,2.8,#,0.14
1310960019,1998,1310960,13,038,01,#,4.9,#,0.57
1310960021,1998,1310960,13,038,01,#,7.2,#,0.72
1310960023,1998,1310960,13,038,01,#,4.3,#,0.41
1310970002,1998,1310970,13,039,51,#,4.6,#,0.081
1310970004,1998,1310970,13,039,51,#,3.1,#,0.24
1310970006,1998,1310970,13,039,51,#,2.9,#,0.15
1310970008,1998,1310970,13,039,51,#,3.2,#,0.15
1310970010,1998,1310970,13,039,51,#,3,#,0.17
1310970012,1998,1310970,13,039,51,#,4.4,#,0.18
1310970014,1998,1310970,13,039,51,#,3.3,#,0.17
1310970016,1998,1310970,13,039,51,#,7.6,#,0.31
1310970018,1998,1310970,13,039,51,#,7.4,#,0.38
1310970020,1998,1310970,13,039,51,#,13,#,0.6
1310970022,1998,1310970,13,039,51,#,12,#,0.62
1310970024,1998,1310970,13,039,51,#,14,#,0.69
1310980001,1998,1310980,13,043,01,#,2.2,#,0.12
1310980003,1998,1310980,13,043,01,#,2.7,#,0.14
1310980005,1998,1310980,13,043,01,#,3.5,#,0.078
1310980007,1998,1310980,13,043,01,#,2.7,#,0.2
1310980009,1998,1310980,13,043,01,#,2.8,#,0.23
1310980011,1998,1310980,13,043,01,#,3.4,#,0.11
1310980013,1998,1310980,13,043,01,#,3.5,#,0.14
1310980015,1998,1310980,13,043,01,#,4.4,#,0.079
1310980017,1998,1310980,13,043,01,#,4.6,#,0.087
1310980019,1998,1310980,13,043,01,#,4.9,#,0.13
1310980021,1998,1310980,13,043,01,#,4.9,#,0.16
1310980023,1998,1310980,13,043,01,#,5,#,0.14
1310990002,1998,1310990,13,202,01,#,9.7,#,0.61
1310990003,1998,1310990,13,202,01,#,5,#,0.56
1310990005,1998,1310990,13,202,01,#,6.3,#,0.93
1310990007,1998,1310990,13,202,01,#,6.4,#,0.31
1310990009,1998,1310990,13,202,01,#,5.3,#,0.43
1310990011,1998,1310990,13,202,01,#,6.5,#,0.36
1310990013,1998,1310990,13,202,01,#,8.1,#,0.42
1310990015,1998,1310990,13,202,01,#,14,#,0.84
1310990017,1998,1310990,13,202,01,#,19,#,1.3
1310990020,1998,1310990,13,202,01,#,14,#,0.8
1310990021,1998,1310990,13,202,01,#,13,#,0.62
1310990023,1998,1310990,13,202,01,#,12,#,0.68
1311000002,1998,1311000,13,044,01,#,2.7,#,0.15
1311000003,1998,1311000,13,044,01,#,3.9,#,0.17
1311000005,1998,1311000,13,044,01,#,4.3,#,0.27
1311000007,1998,1311000,13,044,01,#,3.4,#,0.16
1311000009,1998,1311000,13,044,01,#,3.6,#,0.16
1311000011,1998,1311000,13,044,01,#,3.9,#,0.1
1311000013,1998,1311000,13,044,01,#,4.5,#,0.096
1311000015,1998,1311000,13,044,01,#,5.7,#,0.13
1311000017,1998,1311000,13,044,01,#,8.6,#,0.25
1311000020,1998,1311000,13,044,01,#,8,#,0.19
1311000021,1998,1311000,13,044,01,#,5,#,0.21
1311000023,1998,1311000,13,044,01,#,6.6,#,0.23
1311010001,1998,1311010,13,044,51,#,2.3,#,0.19
1311010003,1998,1311010,13,044,51,#,3.4,#,0.21
1311010005,1998,1311010,13,044,51,#,3.9,#,0.14
1311010007,1998,1311010,13,044,51,#,3,#,0.14
1311010009,1998,1311010,13,044,51,#,3.5,#,0.21
1311010011,1998,1311010,13,044,51,#,3.7,#,0.12
1311010013,1998,1311010,13,044,51,#,4,#,0.12
1311010015,1998,1311010,13,044,51,#,4.2,#,0.1
1311010017,1998,1311010,13,044,51,#,4.3,#,0.12
1311010019,1998,1311010,13,044,51,#,5.8,#,0.19
1311010021,1998,1311010,13,044,51,#,4.2,#,0.15
1311010023,1998,1311010,13,044,51,#,5,#,0.24
1311020001,1998,1311020,13,204,01,#,4.6,#,0.18
1311020002,1998,1311020,13,204,01,#,3.3,#,0.21
1311020003,1998,1311020,13,204,01,#,3.6,#,0.15
1311020004,1998,1311020,13,204,01,#,3.7,#,0.13
1311020005,1998,1311020,13,204,01,#,3.8,#,0.13
1311020006,1998,1311020,13,204,01,#,4,#,0.13
1311020007,1998,1311020,13,204,01,#,4.6,#,0.11
1311020008,1998,1311020,13,204,01,#,7.7,#,0.2
1311020009,1998,1311020,13,204,01,#,8.4,#,0.35
1311020010,1998,1311020,13,204,01,#,12,#,0.44
1311020011,1998,1311020,13,204,01,#,11,#,0.41
1311020012,1998,1311020,13,204,01,#,11,#,0.48
1311030001,1998,1311030,13,049,01,#,5.9,#,0.32
1311030003,1998,1311030,13,049,01,#,4.9,#,0.36
1311030005,1998,1311030,13,049,01,#,5.6,#,0.42
1311030007,1998,1311030,13,049,01,#,4.8,#,0.5
1311030009,1998,1311030,13,049,01,#,4.7,#,0.43
1311030011,1998,1311030,13,049,01,#,5.8,#,0.24
1311030013,1998,1311030,13,049,01,#,5,#,0.21
1311030015,1998,1311030,13,049,01,#,4.8,#,0.24
1311030017,1998,1311030,13,049,01,#,5,#,0.22
1311030019,1998,1311030,13,049,01,#,4.5,#,0.19
1311030021,1998,1311030,13,049,01,#,5.1,#,0.26
1311030023,1998,1311030,13,049,01,#,4.8,#,0.21
1311050001,1998,1311050,13,050,01,#,5.7,#,0.35
1311050003,1998,1311050,13,050,01,#,5.4,#,0.36
1311050005,1998,1311050,13,050,01,#,6.3,#,0.47
1311050007,1998,1311050,13,050,01,#,4.2,#,0.43
1311050009,1998,1311050,13,050,01,#,5.2,#,0.34
1311050011,1998,1311050,13,050,01,#,6.5,#,0.25
1311050013,1998,1311050,13,050,01,#,5.8,#,0.21
1311050015,1998,1311050,13,050,01,#,7.2,#,0.26
1311050017,1998,1311050,13,050,01,#,6.5,#,0.29
1311050019,1998,1311050,13,050,01,#,5.2,#,0.22
1311050021,1998,1311050,13,050,01,#,5.1,#,0.26
1311050023,1998,1311050,13,050,01,#,5.6,#,0.29
1311100001,1998,1311100,13,059,01,#,5,#,0.095
1311100003,1998,1311100,13,059,01,#,5.5,#,0.11
1311100005,1998,1311100,13,059,01,#,5,#,0.043
1311100007,1998,1311100,13,059,01,#,5,#,0.065
1311100009,1998,1311100,13,059,01,#,5.2,#,0.055
1311100011,1998,1311100,13,059,01,#,5.9,#,0.043
1311100013,1998,1311100,13,059,01,#,5.3,#,0.054
1311100015,1998,1311100,13,059,01,#,5.8,#,0.073
1311100017,1998,1311100,13,059,01,#,5.1,#,0.08
1311100019,1998,1311100,13,059,01,#,6.2,#,0.11
1311100021,1998,1311100,13,059,01,#,5,#,0.068
1311100023,1998,1311100,13,059,01,#,5.1,#,0.11
1311110001,1998,1311110,13,041,01,#,5.9,#,0.12
1311110003,1998,1311110,13,041,01,#,4,#,0.026
1311110005,1998,1311110,13,041,01,#,5,#,0.041
1311110007,1998,1311110,13,041,01,#,5.2,#,0.025
1311110009,1998,1311110,13,041,01,#,4.3,#,0.019
1311110011,1998,1311110,13,041,01,#,5.6,#,0.03
1311110013,1998,1311110,13,041,01,#,4.8,#,0.018
1311110015,1998,1311110,13,041,01,#,4.3,#,0.021
1311110017,1998,1311110,13,041,01,#,4.8,#,0.02
1311110019,1998,1311110,13,041,01,#,3.6,#,0.06
1311110021,1998,1311110,13,041,01,#,6.4,#,0.045
1311110023,1998,1311110,13,041,01,#,4.4,#,0.041
1311130001,1998,1311130,13,215,01,#,8.2,#,0.071
1311130003,1998,1311130,13,215,01,#,8.4,#,0.083
1311130005,1998,1311130,13,215,01,#,8,#,0.084
1311130007,1998,1311130,13,215,01,#,8.3,#,0.07
1311130009,1998,1311130,13,215,01,#,8.7,#,0.079
1311130022,1998,1311130,13,215,01,#,8.4,#,0.046
1311130024,1998,1311130,13,215,01,#,8.2,#,0.022
1311130026,1998,1311130,13,215,01,#,8.2,#,0.055
1311130028,1998,1311130,13,215,01,#,9.1,#,0.056
1311130030,1998,1311130,13,215,01,#,8.2,#,0.087
1311130032,1998,1311130,13,215,01,#,8.1,#,0.072
1311130045,1998,1311130,13,215,01,#,8.5,#,0.074
1311140001,1998,1311140,13,005,54,#,5.8,#,0.37
1311140003,1998,1311140,13,005,54,#,4.5,#,0.32
1311140005,1998,1311140,13,005,54,#,5.1,#,0.31
1311140007,1998,1311140,13,005,54,#,4.7,#,0.45
1311140009,1998,1311140,13,005,54,#,5,#,0.32
1311140022,1998,1311140,13,005,54,#,4.8,#,0.3
1311140024,1998,1311140,13,005,54,#,5.4,#,0.47
1311140026,1998,1311140,13,005,54,#,6.1,#,0.49
1311140028,1998,1311140,13,005,54,#,7.2,#,0.57
1311140031,1998,1311140,13,005,54,#,9.8,#,0.81
1311140032,1998,1311140,13,005,54,#,9.6,#,0.81
1311140045,1998,1311140,13,005,54,#,9.3,#,0.7
1311160001,1998,1311160,13,042,01,#,2.1,#,0.059
1311160003,1998,1311160,13,042,01,#,2.1,#,0.094
1311160005,1998,1311160,13,042,01,#,2.4,#,0.064
1311160007,1998,1311160,13,042,01,#,2.3,#,0.058
1311160009,1998,1311160,13,042,01,#,2.1,#,0.065
1311160022,1998,1311160,13,042,01,#,2.3,#,0.038
1311160024,1998,1311160,13,042,01,#,1.8,#,0.047
1311160026,1998,1311160,13,042,01,#,2.1,#,0.058
1311160028,1998,1311160,13,042,01,#,2.4,#,0.11
1311160030,1998,1311160,13,042,01,#,3.3,#,0.083
1311160032,1998,1311160,13,042,01,#,3.3,#,0.11
1311160045,1998,1311160,13,042,01,#,3.8,#,0.14
1311170001,1998,1311170,13,056,01,#,0.94,#,0.017
1311170003,1998,1311170,13,056,01,#,0.69,#,0.019
1311170005,1998,1311170,13,056,01,#,0.9,#,0.016
1311170007,1998,1311170,13,056,01,#,0.79,#,0.019
1311170009,1998,1311170,13,056,01,#,0.87,#,0.022
1311170022,1998,1311170,13,056,01,#,0.89,#,0.018
1311170024,1998,1311170,13,056,01,#,0.75,#,0.017
1311170026,1998,1311170,13,056,01,#,0.53,#,0.012
1311170028,1998,1311170,13,056,01,#,0.63,#,0.012
1311170030,1998,1311170,13,056,01,#,0.66,#,0.015
1311170032,1998,1311170,13,056,01,#,0.71,#,0.016
1311170045,1998,1311170,13,056,01,#,0.68,#,0.083
1311200002,1998,1311200,13,219,01,#,6.6,#,0.59
1311200003,1998,1311200,13,219,01,#,4.9,#,0.36
1311200005,1998,1311200,13,219,01,#,6.6,#,0.56
1311200007,1998,1311200,13,219,01,#,4.6,#,0.31
1311200009,1998,1311200,13,219,01,#,4.3,#,0.29
1311200011,1998,1311200,13,219,01,#,4.8,#,0.3
1311200013,1998,1311200,13,219,01,#,6.4,#,0.55
1311200015,1998,1311200,13,219,01,#,6.5,#,0.55
1311200017,1998,1311200,13,219,01,#,9,#,1.3
1311200020,1998,1311200,13,219,01,#,9.6,#,0.85
1311200021,1998,1311200,13,219,01,#,9.7,#,0.72
1311200023,1998,1311200,13,219,01,#,9.8,#,0.72
1311210001,1998,1311210,13,054,01,#,7,#,0.37
1311210003,1998,1311210,13,054,01,#,5.5,#,0.32
1311210005,1998,1311210,13,054,01,#,4,#,0.18
1311210007,1998,1311210,13,054,01,#,6.1,#,0.24
1311210009,1998,1311210,13,054,01,#,4.5,#,0.11
1311210011,1998,1311210,13,054,01,#,5.2,#,0.12
1311210013,1998,1311210,13,054,01,#,5.3,#,0.13
1311210015,1998,1311210,13,054,01,#,5.7,#,0.2
1311210017,1998,1311210,13,054,01,#,6.1,#,0.27
1311210019,1998,1311210,13,054,01,#,7.3,#,0.4
1311210021,1998,1311210,13,054,01,#,7.5,#,0.49
1311210023,1998,1311210,13,054,01,#,7.7,#,0.48
1311220001,1998,1311220,13,055,01,#,6.7,#,0.39
1311220003,1998,1311220,13,055,01,#,5.6,#,0.44
1311220005,1998,1311220,13,055,01,#,3.7,#,0.16
1311220007,1998,1311220,13,055,01,#,5.3,#,0.25
1311220009,1998,1311220,13,055,01,#,4.5,#,0.16
1311220011,1998,1311220,13,055,01,#,4.1,#,0.15
1311220013,1998,1311220,13,055,01,#,4.1,#,0.11
1311220015,1998,1311220,13,055,01,#,5,#,0.24
1311220017,1998,1311220,13,055,01,#,6,#,0.32
1311220019,1998,1311220,13,055,01,#,7.6,#,0.56
1311220021,1998,1311220,13,055,01,#,8.4,#,0.64
1311220023,1998,1311220,13,055,01,#,8.6,#,0.73
1311230001,1998,1311230,13,029,51,#,2.5,#,0.066
1311230002,1998,1311230,13,029,51,#,1.6,#,0.099
1311230003,1998,1311230,13,029,51,#,2.8,#,0.1
1311230004,1998,1311230,13,029,51,#,1.8,#,0.06
1311230005,1998,1311230,13,029,51,#,2.3,#,0.049
1311230006,1998,1311230,13,029,51,#,2.1,#,0.063
1311230007,1998,1311230,13,029,51,#,2.2,#,0.059
1311230008,1998,1311230,13,029,51,#,3,#,0.097
1311230009,1998,1311230,13,029,51,#,3.1,#,0.13
1311230010,1998,1311230,13,029,51,#,2.8,#,0.12
1311230011,1998,1311230,13,029,51,#,3.3,#,0.13
1311230012,1998,1311230,13,029,51,#,3,#,0.12
1311250001,1998,1311250,13,014,54,#,0.98,#,0.02
1311250005,1998,1311250,13,014,54,#,1,#,0.023
1311250009,1998,1311250,13,014,54,#,0.95,#,0.018
1311250013,1998,1311250,13,014,54,#,0.81,#,0.023
1311250017,1998,1311250,13,014,54,#,1.2,#,0.021
1311250021,1998,1311250,13,014,54,#,0.8,#,0.019
1311250025,1998,1311250,13,014,54,#,0.95,#,0.035
1311250029,1998,1311250,13,014,54,#,0.81,#,0.021
1311250033,1998,1311250,13,014,54,#,0.79,#,0.015
1311250037,1998,1311250,13,014,54,#,0.86,#,0.025
1311250041,1998,1311250,13,014,54,#,0.75,#,0.026
1311250045,1998,1311250,13,014,54,#,0.77,#,0.021
1311260001,1998,1311260,13,222,01,#,8.3,#,0.11
1311260003,1998,1311260,13,222,01,#,6.2,#,0.086
1311260005,1998,1311260,13,222,01,#,8.1,#,0.14
1311260007,1998,1311260,13,222,01,#,9.6,#,0.065
1311260009,1998,1311260,13,222,01,#,8.6,#,0.097
1311260011,1998,1311260,13,222,01,#,8.1,#,0.2
1311260013,1998,1311260,13,222,01,#,8.7,#,0.25
1311260015,1998,1311260,13,222,01,#,11,#,0.057
1311260017,1998,1311260,13,222,01,#,10,#,0.13
1311260019,1998,1311260,13,222,01,#,12,#,0.42
1311260021,1998,1311260,13,222,01,#,12,#,0.17
1311260023,1998,1311260,13,222,01,#,12,#,0.11
1311270002,1998,1311270,13,047,01,#,7.6,#,0.86
1311270003,1998,1311270,13,047,01,#,8,#,0.85
1311270005,1998,1311270,13,047,01,#,7.5,#,0.58
1311270007,1998,1311270,13,047,01,#,6.3,#,0.75
1311270009,1998,1311270,13,047,01,#,7.1,#,0.74
1311270011,1998,1311270,13,047,01,#,8.1,#,0.72
1311270013,1998,1311270,13,047,01,#,8.6,#,0.55
1311270015,1998,1311270,13,047,01,#,9.3,#,0.72
1311270017,1998,1311270,13,047,01,#,9.5,#,0.63
1311270019,1998,1311270,13,047,01,#,7.5,#,0.45
1311270021,1998,1311270,13,047,01,#,8.6,#,0.59
1311270023,1998,1311270,13,047,01,#,9,#,0.76
1311280001,1998,1311280,13,040,01,#,5.1,#,0.32
1311280003,1998,1311280,13,040,01,#,6.5,#,0.43
1311280005,1998,1311280,13,040,01,#,6.8,#,0.45
1311280007,1998,1311280,13,040,01,#,4.7,#,0.44
1311280009,1998,1311280,13,040,01,#,5.5,#,0.4
1311280011,1998,1311280,13,040,01,#,6.7,#,0.19
1311280013,1998,1311280,13,040,01,#,5.8,#,0.21
1311280015,1998,1311280,13,040,01,#,6.6,#,0.29
1311280017,1998,1311280,13,040,01,#,6.5,#,0.24
1311280019,1998,1311280,13,040,01,#,6.5,#,0.24
1311280021,1998,1311280,13,040,01,#,5.9,#,0.27
1311280023,1998,1311280,13,040,01,#,4.6,#,0.23
1311290002,1998,1311290,13,045,01,#,6.3,#,0.4
1311290003,1998,1311290,13,045,01,#,5.5,#,0.41
1311290005,1998,1311290,13,045,01,#,6.5,#,0.42
1311290007,1998,1311290,13,045,01,#,5.3,#,0.41
1311290009,1998,1311290,13,045,01,#,5.8,#,0.33
1311290011,1998,1311290,13,045,01,#,6.8,#,0.26
1311290013,1998,1311290,13,045,01,#,6.7,#,0.25
1311290015,1998,1311290,13,045,01,#,7,#,0.29
1311290017,1998,1311290,13,045,01,#,6.6,#,0.31
1311290019,1998,1311290,13,045,01,#,9.3,#,0.34
1311290021,1998,1311290,13,045,01,#,6,#,0.28
1311290023,1998,1311290,13,045,01,#,6.5,#,0.33
1311300001,1998,1311300,13,048,01,#,7.2,#,0.39
1311300003,1998,1311300,13,048,01,#,8.3,#,0.55
1311300005,1998,1311300,13,048,01,#,6.8,#,0.46
1311300007,1998,1311300,13,048,01,#,5.3,#,0.41
1311300009,1998,1311300,13,048,01,#,6.1,#,0.36
1311300011,1998,1311300,13,048,01,#,7.3,#,0.23
1311300013,1998,1311300,13,048,01,#,7.8,#,0.23
1311300015,1998,1311300,13,048,01,#,6.4,#,0.29
1311300017,1998,1311300,13,048,01,#,7.8,#,0.29
1311300019,1998,1311300,13,048,01,#,7.7,#,0.3
1311300021,1998,1311300,13,048,01,#,6.1,#,0.29
1311300023,1998,1311300,13,048,01,#,4.5,#,0.17
1311310001,1998,1311310,13,046,01,#,7.1,#,0.45
1311310003,1998,1311310,13,046,01,#,6.9,#,0.45
1311310005,1998,1311310,13,046,01,#,6.7,#,0.44
1311310007,1998,1311310,13,046,01,#,5.1,#,0.44
1311310009,1998,1311310,13,046,01,#,5.3,#,0.33
1311310011,1998,1311310,13,046,01,#,6.3,#,0.26
1311310013,1998,1311310,13,046,01,#,5.7,#,0.22
1311310015,1998,1311310,13,046,01,#,7.5,#,0.3
1311310017,1998,1311310,13,046,01,#,5.8,#,0.29
1311310019,1998,1311310,13,046,01,#,6.5,#,0.27
1311310021,1998,1311310,13,046,01,#,4.6,#,0.25
1311310023,1998,1311310,13,046,01,#,4.9,#,0.28
1311320001,1998,1311320,13,057,01,#,1.6,#,0.015
1311320003,1998,1311320,13,057,01,#,1.2,#,0.018
1311320005,1998,1311320,13,057,01,#,1.3,#,0.016
1311320007,1998,1311320,13,057,01,#,1.1,#,0.017
1311320009,1998,1311320,13,057,01,#,1.2,#,0.018
1311320011,1998,1311320,13,057,01,#,1.1,#,0.016
1311320013,1998,1311320,13,057,01,#,1,#,0.011
1311320015,1998,1311320,13,057,01,#,0.9,#,0.007
1311320017,1998,1311320,13,057,01,#,0.99,#,0.012
1311320019,1998,1311320,13,057,01,#,0.99,#,0.014
1311320021,1998,1311320,13,057,01,#,0.98,#,0.014
1311320023,1998,1311320,13,057,01,#,1,#,0.015
1311330001,1998,1311330,13,058,01,#,1.5,#,0.023
1311330003,1998,1311330,13,058,01,#,1.1,#,0.029
1311330005,1998,1311330,13,058,01,#,1.3,#,0.022
1311330007,1998,1311330,13,058,01,#,1.3,#,0.024
1311330009,1998,1311330,13,058,01,#,1.4,#,0.026
1311330011,1998,1311330,13,058,01,#,1.2,#,0.022
1311330013,1998,1311330,13,058,01,#,1.2,#,0.016
1311330015,1998,1311330,13,058,01,#,1.2,#,0.012
1311330017,1998,1311330,13,058,01,#,1.2,#,0.024
1311330019,1998,1311330,13,058,01,#,1.2,#,0.017
1311330021,1998,1311330,13,058,01,#,1.5,#,0.021
1311330023,1998,1311330,13,058,01,#,1.2,#,0.018
1311340001,1998,1311340,13,053,01,#,4.7,#,0.4
1311340003,1998,1311340,13,053,01,#,6.3,#,0.53
1311340005,1998,1311340,13,053,01,#,5.6,#,0.34
1311340007,1998,1311340,13,053,01,#,5.9,#,0.35
1311340009,1998,1311340,13,053,01,#,5.6,#,0.22
1311340011,1998,1311340,13,053,01,#,5.2,#,0.23
1311340013,1998,1311340,13,053,01,#,4.1,#,0.15
1311340015,1998,1311340,13,053,01,#,5.8,#,0.47
1311340017,1998,1311340,13,053,01,#,6.9,#,0.53
1311340019,1998,1311340,13,053,01,#,8.8,#,0.6
1311340021,1998,1311340,13,053,01,#,9.6,#,0.75
1311340023,1998,1311340,13,053,01,#,9.6,#,0.69
1311350001,1998,1311350,13,051,01,#,2,#,0.11
1311350003,1998,1311350,13,051,01,#,2.3,#,0.075
1311350005,1998,1311350,13,051,01,#,1.8,#,0.049
1311350007,1998,1311350,13,051,01,#,2.6,#,0.095
1311350009,1998,1311350,13,051,01,#,1.8,#,0.027
1311350011,1998,1311350,13,051,01,#,1.6,#,0.027
1311350013,1998,1311350,13,051,01,#,1.6,#,0.028
1311350015,1998,1311350,13,051,01,#,1.8,#,0.036
1311350017,1998,1311350,13,051,01,#,2.4,#,0.065
1311350019,1998,1311350,13,051,01,#,2.5,#,0.091
1311350021,1998,1311350,13,051,01,#,2.8,#,0.1
1311350023,1998,1311350,13,051,01,#,3.1,#,0.15
1311360001,1998,1311360,13,052,01,#,3.6,#,0.16
1311360003,1998,1311360,13,052,01,#,4.1,#,0.12
1311360005,1998,1311360,13,052,01,#,3.2,#,0.22
1311360007,1998,1311360,13,052,01,#,2.5,#,0.2
1311360009,1998,1311360,13,052,01,#,2.8,#,0.13
1311360011,1998,1311360,13,052,01,#,3.5,#,0.11
1311360013,1998,1311360,13,052,01,#,4.3,#,0.2
1311360015,1998,1311360,13,052,01,#,3.3,#,0.17
1311360017,1998,1311360,13,052,01,#,3.1,#,0.22
1311360019,1998,1311360,13,052,01,#,5.6,#,0.35
1311360021,1998,1311360,13,052,01,#,5.8,#,0.35
1311360023,1998,1311360,13,052,01,#,5.5,#,0.43
1320010001,1998,1320010,13,501,51,#,0.65,#,0.021
1320010002,1998,1320010,13,501,51,#,0.62,#,0.006
1320010003,1998,1320010,13,501,51,#,0.44,#,0.01
1320010004,1998,1320010,13,501,51,#,0.64,#,0.008
1320010005,1998,1320010,13,501,51,#,0.46,#,0.011
1320010006,1998,1320010,13,501,51,#,0.68,#,0.007
1320010007,1998,1320010,13,501,51,#,0.33,#,0.011
1320010008,1998,1320010,13,501,51,#,0.84,#,0.006
1320010009,1998,1320010,13,501,51,#,0.43,#,0.013
1320010010,1998,1320010,13,501,51,#,0.7,#,0.006
1320010011,1998,1320010,13,501,51,#,0.58,#,0.014
1320010012,1998,1320010,13,501,51,#,0.71,#,0.008
1320010013,1998,1320010,13,501,51,#,0.63,#,0.011
1320010014,1998,1320010,13,501,51,#,0.66,#,0.008
1320010015,1998,1320010,13,501,51,#,0.53,#,0.006
1320010016,1998,1320010,13,501,51,#,0.71,#,0.006
1320010017,1998,1320010,13,501,51,#,0.51,#,0.005
1320010018,1998,1320010,13,501,51,#,0.69,#,0.006
1320010019,1998,1320010,13,501,51,#,0.51,#,0.006
1320010020,1998,1320010,13,501,51,#,0.48,#,0.012
1320010021,1998,1320010,13,501,51,#,0.49,#,0.005
1320010022,1998,1320010,13,501,51,#,0.46,#,0.01
1320010023,1998,1320010,13,501,51,#,0.51,#,0.004
1320010024,1998,1320010,13,501,51,#,0.48,#,0.011
1320020001,1998,1320020,13,501,01,#,0.56,#,0.012
1320020002,1998,1320020,13,501,01,#,0.57,<,0.003
1320020003,1998,1320020,13,501,01,#,0.52,#,0.005
1320020004,1998,1320020,13,501,01,#,0.43,#,0.006
1320020005,1998,1320020,13,501,01,#,0.5,#,0.003
1320020006,1998,1320020,13,501,01,#,0.54,#,0.006
1320020007,1998,1320020,13,501,01,#,0.52,#,0.008
1320020008,1998,1320020,13,501,01,#,0.63,#,0.004
1320020009,1998,1320020,13,501,01,#,0.57,#,0.004
1320020010,1998,1320020,13,501,01,#,0.38,#,0.006
1320020011,1998,1320020,13,501,01,#,0.54,#,0.003
1320020012,1998,1320020,13,501,01,#,0.48,#,0.007
1320020013,1998,1320020,13,501,01,#,0.48,#,0.005
1320020014,1998,1320020,13,501,01,#,0.61,#,0.003
1320020015,1998,1320020,13,501,01,#,0.46,#,0.008
1320020016,1998,1320020,13,501,01,#,0.52,#,0.009
1320020017,1998,1320020,13,501,01,#,0.57,#,0.005
1320020018,1998,1320020,13,501,01,#,0.49,#,0.006
1320020019,1998,1320020,13,501,01,#,0.63,#,0.011
1320020020,1998,1320020,13,501,01,#,0.61,#,0.004
1320020021,1998,1320020,13,501,01,#,0.43,#,0.008
1320020022,1998,1320020,13,501,01,#,0.53,#,0.004
1320020023,1998,1320020,13,501,01,#,0.61,<,0.003
1320020024,1998,1320020,13,501,01,#,0.59,#,0.006
1320020025,1998,1320020,13,501,01,#,0.48,#,0.005
1320020026,1998,1320020,13,501,01,#,0.57,#,0.003
1320020027,1998,1320020,13,501,01,#,0.58,#,0.009
1320020028,1998,1320020,13,501,01,#,0.5,#,0.005
1320020029,1998,1320020,13,501,01,#,0.59,#,0.005
1320020030,1998,1320020,13,501,01,#,0.47,#,0.006
1320020031,1998,1320020,13,501,01,#,0.52,#,0.004
1320020032,1998,1320020,13,501,01,#,0.59,#,0.006
1320020033,1998,1320020,13,501,01,#,0.54,#,0.004
1320020034,1998,1320020,13,501,01,#,0.51,#,0.004
1320020035,1998,1320020,13,501,01,#,0.52,#,0.005
1320020036,1998,1320020,13,501,01,#,0.5,#,0.006
1330010001,1998,1330010,13,601,01,#,3.7,#,0.29
1330010002,1998,1330010,13,601,01,#,0.96,#,0.11
1330010004,1998,1330010,13,601,01,#,2.8,#,0.22
1330010005,1998,1330010,13,601,01,#,0.98,#,0.16
1330010007,1998,1330010,13,601,01,#,2.8,#,0.29
1330010008,1998,1330010,13,601,01,#,1.1,#,0.23
1330010010,1998,1330010,13,601,01,#,3.2,#,0.38
1330010011,1998,1330010,13,601,01,#,1.2,#,0.2
1330010012,1998,1330010,13,601,01,#,3.4,#,0.32
1330010013,1998,1330010,13,601,01,#,1.1,#,0.23
1330010015,1998,1330010,13,601,01,#,3.8,#,0.25
1330010016,1998,1330010,13,601,01,#,0.88,#,0.23
1330010017,1998,1330010,13,601,01,#,3,#,0.19
1330010018,1998,1330010,13,601,01,#,0.67,#,0.076
1330010020,1998,1330010,13,601,01,#,2.4,#,0.16
1330010021,1998,1330010,13,601,01,#,0.98,#,0.085
1330010023,1998,1330010,13,601,01,#,2.1,#,0.15
1330010024,1998,1330010,13,601,01,#,1,#,0.087
1330010026,1998,1330010,13,601,01,#,2,#,0.11
1330010027,1998,1330010,13,601,01,#,1.2,#,0.081
1330010028,1998,1330010,13,601,01,#,2.9,#,0.15
1330010029,1998,1330010,13,601,01,#,0.98,#,0.059
1330010031,1998,1330010,13,601,01,#,2.2,#,0.12
1330010032,1998,1330010,13,601,01,#,1.2,#,0.076
1330020001,1998,1330020,13,601,02,#,3.7,#,0.27
1330020002,1998,1330020,13,601,02,#,1.1,#,0.093
1330020004,1998,1330020,13,601,02,#,2,#,0.13
1330020005,1998,1330020,13,601,02,#,1.1,#,0.2
1330020007,1998,1330020,13,601,02,#,2.4,#,0.26
1330020008,1998,1330020,13,601,02,#,1.4,#,0.28
1330020010,1998,1330020,13,601,02,#,2.1,#,0.24
1330020011,1998,1330020,13,601,02,#,1,#,0.18
1330020012,1998,1330020,13,601,02,#,2.4,#,0.25
1330020013,1998,1330020,13,601,02,#,1.1,#,0.19
1330020015,1998,1330020,13,601,02,#,2.6,#,0.21
1330020016,1998,1330020,13,601,02,#,1.2,#,0.24
1330020017,1998,1330020,13,601,02,#,2.2,#,0.19
1330020018,1998,1330020,13,601,02,#,1.1,#,0.11
1330020020,1998,1330020,13,601,02,#,2,#,0.15
1330020021,1998,1330020,13,601,02,#,0.98,#,0.089
1330020023,1998,1330020,13,601,02,#,1.5,#,0.12
1330020024,1998,1330020,13,601,02,#,1.2,#,0.09
1330020026,1998,1330020,13,601,02,#,1.3,#,0.082
1330020027,1998,1330020,13,601,02,#,1.1,#,0.075
1330020028,1998,1330020,13,601,02,#,1.8,#,0.1
1330020029,1998,1330020,13,601,02,#,1,#,0.064
1330020031,1998,1330020,13,601,02,#,1.5,#,0.094
1330020032,1998,1330020,13,601,02,#,1.2,#,0.08
1330030001,1998,1330030,13,601,03,#,4,#,0.3
1330030002,1998,1330030,13,601,03,#,0.93,#,0.1
1330030004,1998,1330030,13,601,03,#,2.7,#,0.25
1330030005,1998,1330030,13,601,03,#,0.89,#,0.15
1330030007,1998,1330030,13,601,03,#,2.4,#,0.26
1330030008,1998,1330030,13,601,03,#,1,#,0.23
1330030010,1998,1330030,13,601,03,#,3.8,#,0.67
1330030011,1998,1330030,13,601,03,#,0.83,#,0.17
1330030012,1998,1330030,13,601,03,#,3.1,#,0.35
1330030013,1998,1330030,13,601,03,#,0.99,#,0.23
1330030015,1998,1330030,13,601,03,#,3.7,#,0.23
1330030016,1998,1330030,13,601,03,#,0.98,#,0.24
1330030017,1998,1330030,13,601,03,#,2.9,#,0.2
1330030018,1998,1330030,13,601,03,#,0.55,#,0.06
1330030020,1998,1330030,13,601,03,#,2.2,#,0.16
1330030021,1998,1330030,13,601,03,#,0.7,#,0.067
1330030023,1998,1330030,13,601,03,#,2,#,0.17
1330030024,1998,1330030,13,601,03,#,0.79,#,0.066
1330030026,1998,1330030,13,601,03,#,1.5,#,0.1
1330030027,1998,1330030,13,601,03,#,0.86,#,0.067
1330030028,1998,1330030,13,601,03,#,1.8,#,0.097
1330030029,1998,1330030,13,601,03,#,0.93,#,0.064
1330030031,1998,1330030,13,601,03,#,2,#,0.1
1330030032,1998,1330030,13,601,03,#,1,#,0.067
1330040001,1998,1330040,13,601,04,#,8.7,#,0.47
1330040002,1998,1330040,13,601,04,#,2.8,#,0.13
1330040004,1998,1330040,13,601,04,#,4.8,#,0.31
1330040005,1998,1330040,13,601,04,#,2.3,#,0.14
1330040007,1998,1330040,13,601,04,#,3.9,#,0.37
1330040008,1998,1330040,13,601,04,#,1.5,#,0.19
1330040010,1998,1330040,13,601,04,#,4.8,#,0.43
1330040011,1998,1330040,13,601,04,#,2.3,#,0.24
1330040012,1998,1330040,13,601,04,#,4.1,#,0.28
1330040013,1998,1330040,13,601,04,#,1.9,#,0.19
1330040015,1998,1330040,13,601,04,#,4.8,#,0.37
1330040016,1998,1330040,13,601,04,#,1.6,#,0.18
1330040017,1998,1330040,13,601,04,#,7.5,#,0.69
1330040018,1998,1330040,13,601,04,#,2.6,#,0.17
1330040020,1998,1330040,13,601,04,#,4.7,#,0.27
1330040021,1998,1330040,13,601,04,#,2,#,0.14
1330040023,1998,1330040,13,601,04,#,13,#,0.96
1330040024,1998,1330040,13,601,04,#,1.3,#,0.098
1330040026,1998,1330040,13,601,04,#,6.4,#,0.42
1330040027,1998,1330040,13,601,04,#,1.5,#,0.1
1330040028,1998,1330040,13,601,04,#,3.3,#,0.19
1330040029,1998,1330040,13,601,04,#,1.5,#,0.09
1330040031,1998,1330040,13,601,04,#,6.6,#,0.53
1330040032,1998,1330040,13,601,04,#,1.9,#,0.11
1330050001,1998,1330050,13,601,51,#,4,#,0.35
1330050002,1998,1330050,13,601,51,#,4.1,#,0.42
1330050003,1998,1330050,13,601,51,#,3.7,#,0.33
1330050004,1998,1330050,13,601,51,#,1.4,#,0.11
1330060001,1998,1330060,13,601,52,#,3.7,#,0.33
1330060002,1998,1330060,13,601,52,#,1.4,#,0.22
1330060003,1998,1330060,13,601,52,#,2.5,#,0.13
1330060004,1998,1330060,13,601,52,#,1.1,#,0.081
1330070001,1998,1330070,13,601,53,#,2,#,0.22
1330070002,1998,1330070,13,601,53,#,0.96,#,0.17
1330070003,1998,1330070,13,601,53,#,1.5,#,0.11
1330070004,1998,1330070,13,601,53,#,1,#,0.077
1330080001,1998,1330080,13,601,54,#,3.3,#,0.28
1330080002,1998,1330080,13,601,54,#,3.5,#,0.31
1330080003,1998,1330080,13,601,54,#,1.2,#,0.085
1330080004,1998,1330080,13,601,54,#,0.88,#,0.074
1330090001,1998,1330090,13,601,55,#,1.8,#,0.18
1330090002,1998,1330090,13,601,55,#,1.4,#,0.14
1330090003,1998,1330090,13,601,55,#,1.3,#,0.084
1330090004,1998,1330090,13,601,55,#,1.3,#,0.081
1330110001,1998,1330110,13,601,57,#,3.8,#,0.28
1330110002,1998,1330110,13,601,57,#,2.3,#,0.18
1330110003,1998,1330110,13,601,57,#,2.8,#,0.17
1330110004,1998,1330110,13,601,57,#,2,#,0.16
1330120001,1998,1330120,13,601,58,#,5.2,#,0.55
1330120003,1998,1330120,13,601,58,#,9.3,#,0.66
1330130001,1998,1330130,13,601,59,#,9.4,#,0.53
1330130003,1998,1330130,13,601,59,#,9.8,#,0.79
1330130005,1998,1330130,13,601,59,#,9.4,#,1
1330130007,1998,1330130,13,601,59,#,8.8,#,0.72
1330130009,1998,1330130,13,601,59,#,7.2,#,1.1
1330130011,1998,1330130,13,601,59,#,6.1,#,0.65
1330130013,1998,1330130,13,601,59,#,8.9,#,0.88
1330130015,1998,1330130,13,601,59,#,9,#,0.84
1330130017,1998,1330130,13,601,59,#,9.4,#,0.98
1330130019,1998,1330130,13,601,59,#,12,#,0.77
1330130021,1998,1330130,13,601,59,#,6.7,#,0.61
1330130023,1998,1330130,13,601,59,#,6.6,#,0.47
1330150001,1998,1330150,13,601,61,#,4.8,#,0.29
1330150003,1998,1330150,13,601,61,#,8.5,#,0.66
1330150005,1998,1330150,13,601,61,#,7.1,#,0.71
1330150007,1998,1330150,13,601,61,#,7.9,#,0.64
1330150009,1998,1330150,13,601,61,#,6.2,#,1
1330150011,1998,1330150,13,601,61,#,4.9,#,0.33
1330150013,1998,1330150,13,601,61,#,7.4,#,0.69
1330150015,1998,1330150,13,601,61,#,7,#,0.62
1330150017,1998,1330150,13,601,61,#,6.5,#,0.59
1330150019,1998,1330150,13,601,61,#,10,#,0.78
1330150021,1998,1330150,13,601,61,#,9.1,#,0.92
1330150023,1998,1330150,13,601,61,#,7.9,#,0.58
1330170001,1998,1330170,13,601,63,#,4.3,#,0.42
1330170003,1998,1330170,13,601,63,#,5,#,0.24
1330180001,1998,1330180,13,601,64,#,7.3,#,0.41
1330180003,1998,1330180,13,601,64,#,6.2,#,0.45
1330180005,1998,1330180,13,601,64,#,5.4,#,0.48
1330180007,1998,1330180,13,601,64,#,4,#,0.39
1330180009,1998,1330180,13,601,64,#,4.5,#,0.56
1330180011,1998,1330180,13,601,64,#,4.2,#,0.32
1330180013,1998,1330180,13,601,64,#,4,#,0.22
1330180015,1998,1330180,13,601,64,#,5.1,#,0.27
1330180017,1998,1330180,13,601,64,#,4.9,#,0.35
1330180019,1998,1330180,13,601,64,#,5,#,0.28
1330180021,1998,1330180,13,601,64,#,4.7,#,0.23
1330180023,1998,1330180,13,601,64,#,4.7,#,0.22
1330190001,1998,1330190,13,601,65,#,4.7,#,0.5
1330190003,1998,1330190,13,601,65,#,5.1,#,0.32
1330210001,1998,1330210,13,601,67,#,3.7,#,0.39
1330210003,1998,1330210,13,601,67,#,4.2,#,0.2
1330220001,1998,1330220,13,601,68,#,4.5,#,0.39
1330220003,1998,1330220,13,601,68,#,4.1,#,0.18
1330230001,1998,1330230,13,601,69,#,5.4,#,0.32
1330230003,1998,1330230,13,601,69,#,5,#,0.39
1330230005,1998,1330230,13,601,69,#,4.6,#,0.34
1330230007,1998,1330230,13,601,69,#,4.1,#,0.42
1330230009,1998,1330230,13,601,69,#,4,#,0.35
1330230011,1998,1330230,13,601,69,#,4.5,#,0.24
1330230013,1998,1330230,13,601,69,#,5.3,#,0.26
1330230015,1998,1330230,13,601,69,#,5.5,#,0.25
1330230017,1998,1330230,13,601,69,#,3.2,#,0.17
1330230019,1998,1330230,13,601,69,#,5.4,#,0.25
1330230021,1998,1330230,13,601,69,#,4.6,#,0.22
1330230023,1998,1330230,13,601,69,#,4.4,#,0.21
1330240001,1998,1330240,13,601,70,#,5.8,#,0.35
1330240003,1998,1330240,13,601,70,#,4.9,#,0.41
1330240005,1998,1330240,13,601,70,#,4.6,#,0.45
1330240007,1998,1330240,13,601,70,#,3.9,#,0.43
1330240009,1998,1330240,13,601,70,#,4.4,#,0.6
1330240011,1998,1330240,13,601,70,#,4.4,#,0.27
1330240013,1998,1330240,13,601,70,#,3.2,#,0.29
1330240015,1998,1330240,13,601,70,#,3.5,#,0.21
1330240017,1998,1330240,13,601,70,#,3.6,#,0.26
1330240019,1998,1330240,13,601,70,#,3.5,#,0.22
1330240021,1998,1330240,13,601,70,#,4.4,#,0.32
1330240023,1998,1330240,13,601,70,#,4,#,0.22
1330250001,1998,1330250,13,601,71,#,3.5,#,0.41
1330250003,1998,1330250,13,601,71,#,3.3,#,0.18
1330260001,1998,1330260,13,601,72,#,4.1,#,0.29
1330260003,1998,1330260,13,601,72,#,3.7,#,0.34
1330260005,1998,1330260,13,601,72,#,3,#,0.3
1330260007,1998,1330260,13,601,72,#,3.3,#,0.35
1330260009,1998,1330260,13,601,72,#,2.8,#,0.31
1330260011,1998,1330260,13,601,72,#,4.8,#,0.23
1330260013,1998,1330260,13,601,72,#,2.8,#,0.21
1330260015,1998,1330260,13,601,72,#,2.5,#,0.15
1330260017,1998,1330260,13,601,72,#,2.1,#,0.11
1330260019,1998,1330260,13,601,72,#,2.3,#,0.11
1330260021,1998,1330260,13,601,72,#,2.8,#,0.15
1330260023,1998,1330260,13,601,72,#,2.7,#,0.13
1330280001,1998,1330280,13,601,74,#,11,#,1
1330280003,1998,1330280,13,601,74,#,10,#,0.88
1330280005,1998,1330280,13,601,74,#,12,#,1.1
1330280007,1998,1330280,13,601,74,#,11,#,1.3
1330280009,1998,1330280,13,601,74,#,9.2,#,1.7
1330280011,1998,1330280,13,601,74,#,3.7,#,0.3
1330280013,1998,1330280,13,601,74,#,8.1,#,0.62
1330280015,1998,1330280,13,601,74,#,8.5,#,0.83
1330280017,1998,1330280,13,601,74,#,9.8,#,0.52
1330280019,1998,1330280,13,601,74,#,12,#,1.7
1330280021,1998,1330280,13,601,74,#,11,#,1
1330280023,1998,1330280,13,601,74,#,13,#,0.43
1330290001,1998,1330290,13,601,75,#,6.2,#,0.52
1330290003,1998,1330290,13,601,75,#,8,#,0.66
1330290005,1998,1330290,13,601,75,#,6.4,#,0.56
1330290007,1998,1330290,13,601,75,#,6.9,#,0.81
1330290009,1998,1330290,13,601,75,#,6.4,#,0.87
1330290011,1998,1330290,13,601,75,#,5.6,#,0.47
1330290013,1998,1330290,13,601,75,#,4.7,#,0.31
1330290015,1998,1330290,13,601,75,#,4.1,#,0.3
1330290017,1998,1330290,13,601,75,#,3.6,#,0.17
1330290019,1998,1330290,13,601,75,#,5,#,0.35
1330290021,1998,1330290,13,601,75,#,4.6,#,0.3
1330290023,1998,1330290,13,601,75,#,6.8,#,0.24
1330300001,1998,1330300,13,601,76,#,14,#,1.1
1330300003,1998,1330300,13,601,76,#,14,#,1
1330300005,1998,1330300,13,601,76,#,14,#,0.87
1330300007,1998,1330300,13,601,76,#,13,#,1.3
1330300009,1998,1330300,13,601,76,#,13,#,1.2
1330300011,1998,1330300,13,601,76,#,6,#,0.78
1330300013,1998,1330300,13,601,76,#,8.7,#,1
1330300015,1998,1330300,13,601,76,#,7.9,#,0.87
1330300017,1998,1330300,13,601,76,#,12,#,0.41
1330300019,1998,1330300,13,601,76,#,10,#,0.57
1330300021,1998,1330300,13,601,76,#,16,#,0.89
1330300023,1998,1330300,13,601,76,#,16,#,0.44
1330320001,1998,1330320,13,601,78,#,4.7,#,0.42
1330320003,1998,1330320,13,601,78,#,5.7,#,0.51
1330320005,1998,1330320,13,601,78,#,5.1,#,0.41
1330320007,1998,1330320,13,601,78,#,8.4,#,0.67
1330320009,1998,1330320,13,601,78,#,5.1,#,0.61
1330320011,1998,1330320,13,601,78,#,4.5,#,0.23
1330320013,1998,1330320,13,601,78,#,3.7,#,0.29
1330320015,1998,1330320,13,601,78,#,4.7,#,0.24
1330320017,1998,1330320,13,601,78,#,3.7,#,0.21
1330320019,1998,1330320,13,601,78,#,5.3,#,0.34
1330320021,1998,1330320,13,601,78,#,5,#,0.23
1330320023,1998,1330320,13,601,78,#,5.1,#,0.23
1330330001,1998,1330330,13,601,79,#,5.7,#,0.56
1330330003,1998,1330330,13,601,79,#,4.6,#,0.36
1330340001,1998,1330340,13,601,80,#,8.1,#,0.39
1330340003,1998,1330340,13,601,80,#,6.8,#,0.37
1330340005,1998,1330340,13,601,80,#,7.9,#,0.42
1330340007,1998,1330340,13,601,80,#,10,#,0.73
1330340009,1998,1330340,13,601,80,#,8,#,0.74
1330340011,1998,1330340,13,601,80,#,6.7,#,0.59
1330340013,1998,1330340,13,601,80,#,9.3,#,0.59
1330340015,1998,1330340,13,601,80,#,8.4,#,0.38
1330340017,1998,1330340,13,601,80,#,7.9,#,0.51
1330340019,1998,1330340,13,601,80,#,7.9,#,0.62
1330340021,1998,1330340,13,601,80,#,8.8,#,0.45
1330340023,1998,1330340,13,601,80,#,10,#,0.53
1330350001,1998,1330350,13,601,81,#,4.2,#,0.42
1330350003,1998,1330350,13,601,81,#,7.1,#,0.65
1330350005,1998,1330350,13,601,81,#,7.3,#,0.63
1330350007,1998,1330350,13,601,81,#,9.9,#,1
1330350009,1998,1330350,13,601,81,#,9.5,#,1
1330350011,1998,1330350,13,601,81,#,2.1,#,0.48
1330350013,1998,1330350,13,601,81,#,6.7,#,0.48
1330350015,1998,1330350,13,601,81,#,5.5,#,0.39
1330350017,1998,1330350,13,601,81,#,9.4,#,0.83
1330350019,1998,1330350,13,601,81,#,10,#,0.9
1330350021,1998,1330350,13,601,81,#,10,#,0.92
1330350023,1998,1330350,13,601,81,#,10,#,0.83
1330370001,1998,1330370,13,602,01,#,5.2,#,0.29
1330370002,1998,1330370,13,602,01,#,1.8,#,0.1
1330370004,1998,1330370,13,602,01,#,3.3,#,0.21
1330370005,1998,1330370,13,602,01,#,0.99,#,0.062
1330370007,1998,1330370,13,602,01,#,2.5,#,0.2
1330370008,1998,1330370,13,602,01,#,1.1,#,0.098
1330370010,1998,1330370,13,602,01,#,3.1,#,0.23
1330370011,1998,1330370,13,602,01,#,0.94,#,0.11
1330370012,1998,1330370,13,602,01,#,3.2,#,0.23
1330370013,1998,1330370,13,602,01,#,1,#,0.11
1330370015,1998,1330370,13,602,01,#,2.9,#,0.15
1330370016,1998,1330370,13,602,01,#,1.4,#,0.2
1330370017,1998,1330370,13,602,01,#,3.2,#,0.15
1330370018,1998,1330370,13,602,01,#,1.2,#,0.14
1330370020,1998,1330370,13,602,01,#,2.6,#,0.15
1330370021,1998,1330370,13,602,01,#,1,#,0.1
1330370023,1998,1330370,13,602,01,#,2.9,#,0.19
1330370024,1998,1330370,13,602,01,#,1.1,#,0.094
1330370026,1998,1330370,13,602,01,#,1.2,#,0.066
1330370027,1998,1330370,13,602,01,#,0.84,#,0.062
1330370028,1998,1330370,13,602,01,#,2.6,#,0.15
1330370029,1998,1330370,13,602,01,#,1,#,0.067
1330370031,1998,1330370,13,602,01,#,1.9,#,0.11
1330370032,1998,1330370,13,602,01,#,1.5,#,0.11
1330380001,1998,1330380,13,602,51,#,1.9,#,0.16
1330380002,1998,1330380,13,602,51,#,1,#,0.1
1330380003,1998,1330380,13,602,51,#,1,#,0.065
1330380004,1998,1330380,13,602,51,#,0.76,#,0.061
1330390001,1998,1330390,13,602,52,#,1.4,#,0.16
1330390002,1998,1330390,13,602,52,#,0.71,#,0.084
1330390003,1998,1330390,13,602,52,#,0.88,#,0.055
1330390004,1998,1330390,13,602,52,#,0.85,#,0.057
1330400001,1998,1330400,13,602,53,#,1.7,#,0.19
1330400002,1998,1330400,13,602,53,#,1.3,#,0.18
1330400003,1998,1330400,13,602,53,#,1.4,#,0.089
1330400004,1998,1330400,13,602,53,#,1.1,#,0.079
1330410001,1998,1330410,13,602,55,#,4.9,#,0.45
1330410002,1998,1330410,13,602,55,#,0.99,#,0.12
1330410003,1998,1330410,13,602,55,#,1.6,#,0.092
1330410004,1998,1330410,13,602,55,#,1.2,#,0.079
1330420001,1998,1330420,13,602,56,#,2.6,#,0.18
1330420002,1998,1330420,13,602,56,#,0.9,#,0.12
1330420003,1998,1330420,13,602,56,#,1,#,0.059
1330420004,1998,1330420,13,602,56,#,0.78,#,0.058
1330440001,1998,1330440,13,603,01,#,1.5,#,0.075
1330440002,1998,1330440,13,603,01,#,0.68,#,0.096
1330440004,1998,1330440,13,603,01,#,2.7,#,0.13
1330440005,1998,1330440,13,603,01,#,0.76,#,0.053
1330440007,1998,1330440,13,603,01,#,1.4,#,0.13
1330440008,1998,1330440,13,603,01,#,0.69,#,0.1
1330440010,1998,1330440,13,603,01,#,1.1,#,0.072
1330440011,1998,1330440,13,603,01,#,0.88,#,0.19
1330440012,1998,1330440,13,603,01,#,0.87,#,0.08
1330440013,1998,1330440,13,603,01,#,0.61,#,0.15
1330440015,1998,1330440,13,603,01,#,1.6,#,0.12
1330440016,1998,1330440,13,603,01,#,0.79,#,0.19
1330440017,1998,1330440,13,603,01,#,1.7,#,0.1
1330440018,1998,1330440,13,603,01,#,0.5,#,0.052
1330440020,1998,1330440,13,603,01,#,1.5,#,0.1
1330440021,1998,1330440,13,603,01,#,0.53,#,0.059
1330440023,1998,1330440,13,603,01,#,1,#,0.067
1330440024,1998,1330440,13,603,01,#,0.68,#,0.051
1330440026,1998,1330440,13,603,01,#,0.97,#,0.051
1330440027,1998,1330440,13,603,01,#,0.75,#,0.048
1330440028,1998,1330440,13,603,01,#,1.1,#,0.061
1330440029,1998,1330440,13,603,01,#,0.87,#,0.052
1330440031,1998,1330440,13,603,01,#,1,#,0.054
1330440032,1998,1330440,13,603,01,#,0.84,#,0.051
1330450001,1998,1330450,13,603,02,#,2.5,#,0.13
1330450002,1998,1330450,13,603,02,#,0.71,#,0.084
1330450004,1998,1330450,13,603,02,#,2.7,#,0.17
1330450005,1998,1330450,13,603,02,#,0.74,#,0.1
1330450007,1998,1330450,13,603,02,#,2,#,0.18
1330450008,1998,1330450,13,603,02,#,0.73,#,0.12
1330450010,1998,1330450,13,603,02,#,2.6,#,0.22
1330450011,1998,1330450,13,603,02,#,0.7,#,0.13
1330450012,1998,1330450,13,603,02,#,2.2,#,0.17
1330450013,1998,1330450,13,603,02,#,0.85,#,0.18
1330450015,1998,1330450,13,603,02,#,2.7,#,0.16
1330450016,1998,1330450,13,603,02,#,0.78,#,0.18
1330450017,1998,1330450,13,603,02,#,2.1,#,0.14
1330450018,1998,1330450,13,603,02,#,0.53,#,0.059
1330450020,1998,1330450,13,603,02,#,2.2,#,0.13
1330450021,1998,1330450,13,603,02,#,0.69,#,0.068
1330450023,1998,1330450,13,603,02,#,1.7,#,0.11
1330450024,1998,1330450,13,603,02,#,0.52,#,0.058
1330450026,1998,1330450,13,603,02,#,1.3,#,0.065
1330450027,1998,1330450,13,603,02,#,0.73,#,0.053
1330450028,1998,1330450,13,603,02,#,1.6,#,0.082
1330450029,1998,1330450,13,603,02,#,0.84,#,0.055
1330450031,1998,1330450,13,603,02,#,1.6,#,0.084
1330450032,1998,1330450,13,603,02,#,0.81,#,0.05
1330460001,1998,1330460,13,603,51,#,3.2,#,0.27
1330460002,1998,1330460,13,603,51,#,0.81,#,0.13
1330460003,1998,1330460,13,603,51,#,1.9,#,0.1
1330460004,1998,1330460,13,603,51,#,0.8,#,0.065
1330470001,1998,1330470,13,603,52,#,2.6,#,0.21
1330470002,1998,1330470,13,603,52,#,0.7,#,0.087
1330470003,1998,1330470,13,603,52,#,1.1,#,0.059
1330470004,1998,1330470,13,603,52,#,0.77,#,0.051
1330480001,1998,1330480,13,603,53,#,1.2,#,0.1
1330480002,1998,1330480,13,603,53,#,0.82,#,0.15
1330480003,1998,1330480,13,603,53,#,0.97,#,0.057
1330480004,1998,1330480,13,603,53,#,0.76,#,0.052
1330500001,1998,1330500,13,603,55,#,2.8,#,0.25
1330500002,1998,1330500,13,603,55,#,0.77,#,0.1
1330500003,1998,1330500,13,603,55,#,1.2,#,0.065
1330500004,1998,1330500,13,603,55,#,0.73,#,0.052
1330510001,1998,1330510,13,603,56,#,2.5,#,0.19
1330510002,1998,1330510,13,603,56,#,1.2,#,0.11
1330510003,1998,1330510,13,603,56,#,0.95,#,0.05
1330510004,1998,1330510,13,603,56,#,0.7,#,0.047
1330520001,1998,1330520,13,603,57,#,2.4,#,0.14
1330520002,1998,1330520,13,603,57,#,1.9,#,0.12
1330520003,1998,1330520,13,603,57,#,2.2,#,0.11
1330520004,1998,1330520,13,603,57,#,1.2,#,0.082
1330530001,1998,1330530,13,603,58,#,2.3,#,0.18
1330530002,1998,1330530,13,603,58,#,0.67,#,0.11
1330530003,1998,1330530,13,603,58,#,1,#,0.055
1330530004,1998,1330530,13,603,58,#,0.68,#,0.047
1330540001,1998,1330540,13,603,59,#,2.1,#,0.18
1330540002,1998,1330540,13,603,59,#,0.65,#,0.13
1330540003,1998,1330540,13,603,59,#,0.91,#,0.044
1330540004,1998,1330540,13,603,59,#,0.79,#,0.054
1330560001,1998,1330560,13,603,61,#,2.6,#,0.2
1330560002,1998,1330560,13,603,61,#,0.72,#,0.18
1330560003,1998,1330560,13,603,61,#,0.92,#,0.056
1330560004,1998,1330560,13,603,61,#,0.7,#,0.063
1330570001,1998,1330570,13,603,62,#,1.3,#,0.094
1330570002,1998,1330570,13,603,62,#,0.59,#,0.12
1330570003,1998,1330570,13,603,62,#,0.81,#,0.051
1330570004,1998,1330570,13,603,62,#,0.6,#,0.05
1330580001,1998,1330580,13,603,63,#,1.6,#,0.1
1330580002,1998,1330580,13,603,63,#,0.63,#,0.12
1330580003,1998,1330580,13,603,63,#,1.5,#,0.086
1330580004,1998,1330580,13,603,63,#,0.6,#,0.05
1330590001,1998,1330590,13,603,64,#,1.3,#,0.1
1330590002,1998,1330590,13,603,64,#,0.89,#,0.12
1330590003,1998,1330590,13,603,64,#,0.77,#,0.045
1330590004,1998,1330590,13,603,64,#,0.63,#,0.046
1330600001,1998,1330600,13,604,01,#,1,#,0.042
1330600002,1998,1330600,13,604,01,#,0.39,#,0.047
1330600004,1998,1330600,13,604,01,#,0.95,#,0.056
1330600005,1998,1330600,13,604,01,#,0.45,#,0.059
1330600007,1998,1330600,13,604,01,#,1.2,#,0.1
1330600008,1998,1330600,13,604,01,#,0.62,#,0.11
1330600010,1998,1330600,13,604,01,#,0.59,#,0.055
1330600011,1998,1330600,13,604,01,#,0.76,#,0.12
1330600012,1998,1330600,13,604,01,#,1.9,#,0.13
1330600013,1998,1330600,13,604,01,#,0.53,#,0.15
1330600015,1998,1330600,13,604,01,#,1.9,#,0.11
1330600016,1998,1330600,13,604,01,#,0.49,#,0.047
1330600017,1998,1330600,13,604,01,#,1.2,#,0.07
1330600018,1998,1330600,13,604,01,#,0.39,#,0.047
1330600020,1998,1330600,13,604,01,#,0.79,#,0.059
1330600021,1998,1330600,13,604,01,#,0.36,#,0.038
1330600023,1998,1330600,13,604,01,#,0.9,#,0.056
1330600024,1998,1330600,13,604,01,#,0.34,#,0.038
1330600026,1998,1330600,13,604,01,#,0.72,#,0.042
1330600027,1998,1330600,13,604,01,#,0.66,#,0.046
1330600028,1998,1330600,13,604,01,#,1,#,0.06
1330600029,1998,1330600,13,604,01,#,0.61,#,0.05
1330600031,1998,1330600,13,604,01,#,0.86,#,0.046
1330600032,1998,1330600,13,604,01,#,0.65,#,0.044
