レコードID,測定年度,絶対番号,都道府県コード,水域コード,地点コード,全窒素_C,全窒素(mg/l),全燐_C,全燐(mg/l)
1310010001,1996,1310010,13,001,01,#,2.6,#,0.16
1310010004,1996,1310010,13,001,01,#,1.9,#,0.23
1310010007,1996,1310010,13,001,01,#,1,#,0.11
1310010010,1996,1310010,13,001,01,#,1.8,#,0.1
1310010017,1996,1310010,13,001,01,#,2.3,#,0.19
1310010020,1996,1310010,13,001,01,#,2.6,#,0.15
1310010023,1996,1310010,13,001,01,#,3.3,#,0.11
1310010026,1996,1310010,13,001,01,#,3.4,#,0.12
1310010029,1996,1310010,13,001,01,#,3.3,#,0.14
1310010036,1996,1310010,13,001,01,#,3,#,0.13
1310010039,1996,1310010,13,001,01,#,3.3,#,0.17
1310010042,1996,1310010,13,001,01,#,3.4,#,0.2
1310020001,1996,1310020,13,001,51,#,2.7,#,0.15
1310020002,1996,1310020,13,001,51,#,2.3,#,0.12
1310020004,1996,1310020,13,001,51,#,1,#,0.084
1310020005,1996,1310020,13,001,51,#,2.4,#,0.1
1310020006,1996,1310020,13,001,51,#,2.4,#,0.18
1310020007,1996,1310020,13,001,51,#,3.6,#,0.13
1310020008,1996,1310020,13,001,51,#,3.8,#,0.1
1310020009,1996,1310020,13,001,51,#,3.9,#,0.11
1310020010,1996,1310020,13,001,51,#,3.6,#,0.11
1310020011,1996,1310020,13,001,51,#,3.3,#,0.086
1310020012,1996,1310020,13,001,51,#,3.7,#,0.16
1310020013,1996,1310020,13,001,51,#,3.3,#,0.18
1310030001,1996,1310030,13,002,01,#,2.7,#,0.15
1310030004,1996,1310030,13,002,01,#,1.6,#,0.14
1310030007,1996,1310030,13,002,01,#,1,#,0.13
1310030010,1996,1310030,13,002,01,#,1.9,#,0.099
1310030017,1996,1310030,13,002,01,#,2.3,#,0.17
1310030020,1996,1310030,13,002,01,#,2.2,#,0.11
1310030023,1996,1310030,13,002,01,#,3.3,#,0.14
1310030026,1996,1310030,13,002,01,#,3.3,#,0.12
1310030029,1996,1310030,13,002,01,#,3.1,#,0.12
1310030036,1996,1310030,13,002,01,#,3.1,#,0.15
1310030039,1996,1310030,13,002,01,#,3,#,0.17
1310030042,1996,1310030,13,002,01,#,3.7,#,0.17
1310040001,1996,1310040,13,002,51,#,2.7,#,0.14
1310040003,1996,1310040,13,002,51,#,1.5,#,0.11
1310040005,1996,1310040,13,002,51,#,1,#,0.1
1310040007,1996,1310040,13,002,51,#,1.8,#,0.1
1310040009,1996,1310040,13,002,51,#,2.5,#,0.16
1310040011,1996,1310040,13,002,51,#,2.4,#,0.13
1310040013,1996,1310040,13,002,51,#,3.2,#,0.11
1310040015,1996,1310040,13,002,51,#,3.5,#,0.14
1310040017,1996,1310040,13,002,51,#,3.4,#,0.13
1310040019,1996,1310040,13,002,51,#,3.2,#,0.18
1310040021,1996,1310040,13,002,51,#,2.9,#,0.15
1310040023,1996,1310040,13,002,51,#,3.5,#,0.17
1310060001,1996,1310060,13,003,01,#,4.9,#,0.29
1310060005,1996,1310060,13,003,01,#,1.9,#,0.22
1310060009,1996,1310060,13,003,01,#,2.3,#,0.18
1310060013,1996,1310060,13,003,01,#,4,#,0.18
1310060017,1996,1310060,13,003,01,#,2.9,#,0.17
1310060021,1996,1310060,13,003,01,#,3.6,#,0.14
1310060025,1996,1310060,13,003,01,#,3.9,#,0.13
1310060030,1996,1310060,13,003,01,#,4,#,0.18
1310060033,1996,1310060,13,003,01,#,4.5,#,0.16
1310060037,1996,1310060,13,003,01,#,4.5,#,0.17
1310060041,1996,1310060,13,003,01,#,4.7,#,0.19
1310060046,1996,1310060,13,003,01,#,6,#,0.27
1310070001,1996,1310070,13,003,51,#,6.1,#,0.49
1310070002,1996,1310070,13,003,51,#,2.6,#,0.19
1310070003,1996,1310070,13,003,51,#,3,#,0.13
1310070004,1996,1310070,13,003,51,#,5.3,#,0.1
1310070005,1996,1310070,13,003,51,#,2.9,#,0.17
1310070006,1996,1310070,13,003,51,#,3.2,#,0.13
1310070007,1996,1310070,13,003,51,#,4.5,#,0.18
1310070008,1996,1310070,13,003,51,#,7.6,#,0.49
1310070009,1996,1310070,13,003,51,#,3.7,#,0.11
1310070010,1996,1310070,13,003,51,#,5.6,#,0.22
1310070011,1996,1310070,13,003,51,#,6.8,#,0.32
1310070012,1996,1310070,13,003,51,#,6.2,#,0.31
1310090002,1996,1310090,13,004,01,#,6.4,#,0.43
1310090005,1996,1310090,13,004,01,#,3.3,#,0.32
1310090008,1996,1310090,13,004,01,#,2.7,#,0.28
1310090011,1996,1310090,13,004,01,#,3,#,0.32
1310090018,1996,1310090,13,004,01,#,3,#,0.3
1310090021,1996,1310090,13,004,01,#,3.2,#,0.19
1310090024,1996,1310090,13,004,01,#,5.9,#,0.22
1310090027,1996,1310090,13,004,01,#,6.7,#,0.23
1310090030,1996,1310090,13,004,01,#,7.4,#,0.43
1310090033,1996,1310090,13,004,01,#,9.6,#,0.56
1310090040,1996,1310090,13,004,01,#,10,#,0.52
1310090043,1996,1310090,13,004,01,#,11,#,0.65
1310100001,1996,1310100,13,004,02,#,7.1,#,0.46
1310100005,1996,1310100,13,004,02,#,3.8,#,0.36
1310100009,1996,1310100,13,004,02,#,4.5,#,0.49
1310100013,1996,1310100,13,004,02,#,4.5,#,0.54
1310100017,1996,1310100,13,004,02,#,3.2,#,0.29
1310100021,1996,1310100,13,004,02,#,3,#,0.24
1310100025,1996,1310100,13,004,02,#,4.1,#,0.2
1310100030,1996,1310100,13,004,02,#,4.5,#,0.21
1310100033,1996,1310100,13,004,02,#,5.6,#,0.26
1310100037,1996,1310100,13,004,02,#,6.5,#,0.31
1310100041,1996,1310100,13,004,02,#,6.7,#,0.38
1310100045,1996,1310100,13,004,02,#,6.7,#,0.41
1310110002,1996,1310110,13,004,51,#,7.2,#,0.47
1310110004,1996,1310110,13,004,51,#,3.5,#,0.29
1310110006,1996,1310110,13,004,51,#,2.7,#,0.23
1310110008,1996,1310110,13,004,51,#,2.9,#,0.22
1310110010,1996,1310110,13,004,51,#,2.8,#,0.28
1310110012,1996,1310110,13,004,51,#,3.3,#,0.18
1310110014,1996,1310110,13,004,51,#,5,#,0.19
1310110016,1996,1310110,13,004,51,#,6.2,#,0.21
1310110018,1996,1310110,13,004,51,#,7.1,#,0.39
1310110020,1996,1310110,13,004,51,#,7.3,#,0.37
1310110022,1996,1310110,13,004,51,#,8.8,#,0.42
1310110024,1996,1310110,13,004,51,#,11,#,0.56
1310140002,1996,1310140,13,005,01,#,7.1,#,0.74
1310140004,1996,1310140,13,005,01,#,4.8,#,0.68
1310140006,1996,1310140,13,005,01,#,3.9,#,0.66
1310140008,1996,1310140,13,005,01,#,3.7,#,1
1310140021,1996,1310140,13,005,01,#,3.3,#,0.28
1310140023,1996,1310140,13,005,01,#,4,#,0.75
1310140025,1996,1310140,13,005,01,#,5.3,#,0.67
1310140027,1996,1310140,13,005,01,#,5.5,#,0.88
1310140029,1996,1310140,13,005,01,#,5.2,#,0.84
1310140031,1996,1310140,13,005,01,#,8.3,#,1.2
1310140044,1996,1310140,13,005,01,#,8.2,#,0.84
1310140046,1996,1310140,13,005,01,#,9,#,1.2
1310160001,1996,1310160,13,005,52,#,10,#,0.6
1310160003,1996,1310160,13,005,52,#,6,#,0.36
1310160005,1996,1310160,13,005,52,#,6.2,#,0.62
1310160007,1996,1310160,13,005,52,#,5.4,#,0.55
1310160009,1996,1310160,13,005,52,#,4.2,#,0.66
1310160023,1996,1310160,13,005,52,#,3.7,#,0.47
1310160025,1996,1310160,13,005,52,#,4.9,#,0.48
1310160027,1996,1310160,13,005,52,#,6.9,#,0.41
1310160028,1996,1310160,13,005,52,#,7.2,#,0.36
1310160030,1996,1310160,13,005,52,#,8.8,#,0.61
1310160032,1996,1310160,13,005,52,#,10,#,0.86
1310160046,1996,1310160,13,005,52,#,12,#,0.86
1310180001,1996,1310180,13,006,01,#,7.5,#,0.62
1310180004,1996,1310180,13,006,01,#,7.1,#,0.54
1310180007,1996,1310180,13,006,01,#,6.7,#,0.54
1310180010,1996,1310180,13,006,01,#,5.6,#,0.38
1310180013,1996,1310180,13,006,01,#,5.7,#,0.38
1310180021,1996,1310180,13,006,01,#,4.2,#,0.32
1310180024,1996,1310180,13,006,01,#,5.1,#,0.24
1310180027,1996,1310180,13,006,01,#,8,#,0.43
1310180030,1996,1310180,13,006,01,#,7.9,#,0.39
1310180033,1996,1310180,13,006,01,#,8.6,#,0.51
1310180036,1996,1310180,13,006,01,#,11,#,0.63
1310180044,1996,1310180,13,006,01,#,14,#,0.78
1310190001,1996,1310190,13,006,02,#,4.9,#,0.35
1310190004,1996,1310190,13,006,02,#,4.4,#,0.37
1310190007,1996,1310190,13,006,02,#,2.2,#,0.25
1310190010,1996,1310190,13,006,02,#,4.5,#,0.3
1310190013,1996,1310190,13,006,02,#,2.7,#,0.24
1310190021,1996,1310190,13,006,02,#,2.9,#,0.24
1310190024,1996,1310190,13,006,02,#,3.9,#,0.24
1310190027,1996,1310190,13,006,02,#,4.2,#,0.25
1310190030,1996,1310190,13,006,02,#,1.7,#,0.12
1310190033,1996,1310190,13,006,02,#,2.2,#,0.13
1310190036,1996,1310190,13,006,02,#,7.3,#,0.43
1310190044,1996,1310190,13,006,02,#,3.3,#,0.17
1310200001,1996,1310200,13,006,51,#,8.1,#,0.69
1310200003,1996,1310200,13,006,51,#,8.3,#,0.58
1310200005,1996,1310200,13,006,51,#,9.2,#,0.69
1310200007,1996,1310200,13,006,51,#,2.9,#,0.26
1310200009,1996,1310200,13,006,51,#,7.5,#,0.49
1310200011,1996,1310200,13,006,51,#,4.2,#,0.32
1310200013,1996,1310200,13,006,51,#,3.8,#,0.12
1310200015,1996,1310200,13,006,51,#,6.8,#,0.26
1310200017,1996,1310200,13,006,51,#,9.3,#,0.45
1310200019,1996,1310200,13,006,51,#,10,#,0.62
1310200021,1996,1310200,13,006,51,#,11,#,0.53
1310200023,1996,1310200,13,006,51,#,16,#,0.92
1310210001,1996,1310210,13,006,52,#,8.8,#,0.82
1310210003,1996,1310210,13,006,52,#,10,#,0.69
1310210005,1996,1310210,13,006,52,#,9.4,#,0.92
1310210007,1996,1310210,13,006,52,#,4.3,#,0.37
1310210009,1996,1310210,13,006,52,#,6.8,#,0.47
1310210011,1996,1310210,13,006,52,#,4.1,#,0.35
1310210013,1996,1310210,13,006,52,#,4.8,#,0.22
1310210015,1996,1310210,13,006,52,#,9.8,#,0.57
1310210017,1996,1310210,13,006,52,#,9.8,#,0.53
1310210019,1996,1310210,13,006,52,#,10,#,0.66
1310210021,1996,1310210,13,006,52,#,12,#,0.67
1310210023,1996,1310210,13,006,52,#,17,#,1.1
1310220001,1996,1310220,13,006,53,#,4.5,#,0.35
1310220003,1996,1310220,13,006,53,#,4.3,#,0.39
1310220005,1996,1310220,13,006,53,#,4.9,#,0.34
1310220007,1996,1310220,13,006,53,#,4.7,#,0.3
1310220009,1996,1310220,13,006,53,#,4.5,#,0.32
1310220011,1996,1310220,13,006,53,#,3.8,#,0.27
1310220013,1996,1310220,13,006,53,#,3.9,#,0.24
1310220015,1996,1310220,13,006,53,#,3.9,#,0.25
1310220017,1996,1310220,13,006,53,#,1.7,#,0.12
1310220019,1996,1310220,13,006,53,#,2,#,0.13
1310220021,1996,1310220,13,006,53,#,8.7,#,0.5
1310220023,1996,1310220,13,006,53,#,10,#,0.52
1310230001,1996,1310230,13,007,01,#,12,#,0.79
1310230005,1996,1310230,13,007,01,#,9.3,#,0.77
1310230009,1996,1310230,13,007,01,#,9.5,#,0.63
1310230013,1996,1310230,13,007,01,#,8.4,#,0.59
1310230017,1996,1310230,13,007,01,#,7.9,#,0.65
1310230021,1996,1310230,13,007,01,#,4.4,#,0.45
1310230025,1996,1310230,13,007,01,#,8.1,#,0.46
1310230029,1996,1310230,13,007,01,#,5.7,#,0.34
1310230033,1996,1310230,13,007,01,#,9.4,#,0.48
1310230037,1996,1310230,13,007,01,#,8,#,0.44
1310230041,1996,1310230,13,007,01,#,7.3,#,0.43
1310230045,1996,1310230,13,007,01,#,8.5,#,0.53
1310240001,1996,1310240,13,007,02,#,14,#,0.92
1310240005,1996,1310240,13,007,02,#,13,#,0.86
1310240009,1996,1310240,13,007,02,#,14,#,0.9
1310240013,1996,1310240,13,007,02,#,13,#,1
1310240017,1996,1310240,13,007,02,#,11,#,0.82
1310240021,1996,1310240,13,007,02,#,10,#,1
1310240025,1996,1310240,13,007,02,#,6.8,#,0.42
1310240029,1996,1310240,13,007,02,#,9.7,#,0.61
1310240033,1996,1310240,13,007,02,#,13,#,0.76
1310240037,1996,1310240,13,007,02,#,13,#,0.81
1310240041,1996,1310240,13,007,02,#,18,#,1.1
1310240045,1996,1310240,13,007,02,#,18,#,1.2
1310250001,1996,1310250,13,007,51,#,8.8,#,0.73
1310250003,1996,1310250,13,007,51,#,9.7,#,0.68
1310250005,1996,1310250,13,007,51,#,9.3,#,0.77
1310250007,1996,1310250,13,007,51,#,9.4,#,0.43
1310250009,1996,1310250,13,007,51,#,12,#,0.35
1310250011,1996,1310250,13,007,51,#,4.7,#,0.39
1310250013,1996,1310250,13,007,51,#,7.8,#,0.48
1310250015,1996,1310250,13,007,51,#,13,#,0.71
1310250017,1996,1310250,13,007,51,#,11,#,0.54
1310250019,1996,1310250,13,007,51,#,12,#,0.81
1310250021,1996,1310250,13,007,51,#,15,#,0.94
1310250023,1996,1310250,13,007,51,#,17,#,1
1310260001,1996,1310260,13,007,53,#,13,#,1
1310260003,1996,1310260,13,007,53,#,11,#,0.99
1310260005,1996,1310260,13,007,53,#,11,#,0.71
1310260007,1996,1310260,13,007,53,#,11,#,0.76
1310260009,1996,1310260,13,007,53,#,9.4,#,0.72
1310260011,1996,1310260,13,007,53,#,7.5,#,0.73
1310260013,1996,1310260,13,007,53,#,8.4,#,0.51
1310260015,1996,1310260,13,007,53,#,8.7,#,0.45
1310260017,1996,1310260,13,007,53,#,11,#,0.58
1310260019,1996,1310260,13,007,53,#,12,#,0.69
1310260021,1996,1310260,13,007,53,#,11,#,0.6
1310260023,1996,1310260,13,007,53,#,13,#,0.76
1310290001,1996,1310290,13,008,01,#,9.5,#,0.56
1310290003,1996,1310290,13,008,01,#,8.4,#,0.81
1310290005,1996,1310290,13,008,01,#,7.3,#,0.65
1310290007,1996,1310290,13,008,01,#,8.2,#,0.72
1310290009,1996,1310290,13,008,01,#,6.1,#,0.77
1310290012,1996,1310290,13,008,01,#,5.5,#,0.57
1310290013,1996,1310290,13,008,01,#,6.9,#,0.46
1310290015,1996,1310290,13,008,01,#,5.4,#,0.36
1310290017,1996,1310290,13,008,01,#,6,#,0.5
1310290019,1996,1310290,13,008,01,#,6.3,#,0.47
1310290021,1996,1310290,13,008,01,#,8.5,#,0.47
1310290023,1996,1310290,13,008,01,#,9.1,#,0.89
1310300001,1996,1310300,13,009,01,#,10,#,0.96
1310300003,1996,1310300,13,009,01,#,10,#,1.1
1310300005,1996,1310300,13,009,01,#,10,#,0.97
1310300007,1996,1310300,13,009,01,#,9,#,1.1
1310300009,1996,1310300,13,009,01,#,7.2,#,0.98
1310300012,1996,1310300,13,009,01,#,8.8,#,0.77
1310300013,1996,1310300,13,009,01,#,8.7,#,0.65
1310300015,1996,1310300,13,009,01,#,10,#,0.99
1310300017,1996,1310300,13,009,01,#,9.2,#,0.68
1310300019,1996,1310300,13,009,01,#,9.1,#,0.75
1310300021,1996,1310300,13,009,01,#,10,#,0.78
1310300023,1996,1310300,13,009,01,#,12,#,1.4
1310310001,1996,1310310,13,010,01,#,3.2,#,0.33
1310310002,1996,1310310,13,010,01,#,3.5,#,0.47
1310310003,1996,1310310,13,010,01,#,4,#,0.43
1310310004,1996,1310310,13,010,01,#,4,#,0.45
1310310005,1996,1310310,13,010,01,#,6.2,#,0.74
1310310006,1996,1310310,13,010,01,#,5.8,#,0.89
1310310007,1996,1310310,13,010,01,#,3.8,#,0.27
1310310008,1996,1310310,13,010,01,#,2.6,#,0.26
1310310009,1996,1310310,13,010,01,#,3.1,#,0.32
1310310010,1996,1310310,13,010,01,#,3.3,#,0.24
1310310011,1996,1310310,13,010,01,#,5.8,#,0.32
1310310012,1996,1310310,13,010,01,#,5.8,#,0.27
1310320001,1996,1310320,13,011,01,#,5.2,#,0.33
1310320003,1996,1310320,13,011,01,#,2.9,#,0.4
1310320005,1996,1310320,13,011,01,#,4.7,#,0.62
1310320007,1996,1310320,13,011,01,#,3.5,#,0.53
1310320009,1996,1310320,13,011,01,#,2.5,#,0.62
1310320012,1996,1310320,13,011,01,#,6.3,#,0.65
1310320013,1996,1310320,13,011,01,#,6.8,#,0.55
1310320015,1996,1310320,13,011,01,#,4.6,#,0.38
1310320017,1996,1310320,13,011,01,#,5.3,#,0.37
1310320019,1996,1310320,13,011,01,#,4.3,#,0.29
1310320021,1996,1310320,13,011,01,#,5.2,#,0.31
1310320023,1996,1310320,13,011,01,#,8,#,0.54
1310330001,1996,1310330,13,012,01,#,9.1,#,0.9
1310330003,1996,1310330,13,012,01,#,5.4,#,1
1310330005,1996,1310330,13,012,01,#,8.3,#,0.86
1310330007,1996,1310330,13,012,01,#,8.8,#,0.97
1310330009,1996,1310330,13,012,01,#,6.7,#,0.93
1310330012,1996,1310330,13,012,01,#,7.2,#,0.95
1310330013,1996,1310330,13,012,01,#,7.3,#,0.58
1310330015,1996,1310330,13,012,01,#,9,#,0.79
1310330017,1996,1310330,13,012,01,#,6.7,#,0.8
1310330019,1996,1310330,13,012,01,#,8.3,#,0.79
1310330021,1996,1310330,13,012,01,#,10,#,0.78
1310330023,1996,1310330,13,012,01,#,11,#,1.2
1310340001,1996,1310340,13,013,01,#,0.89,#,0.015
1310340005,1996,1310340,13,013,01,#,0.73,#,0.014
1310340009,1996,1310340,13,013,01,#,0.67,#,0.015
1310340013,1996,1310340,13,013,01,#,0.44,#,0.015
1310340017,1996,1310340,13,013,01,#,1,#,0.019
1310340021,1996,1310340,13,013,01,#,0.66,#,0.012
1310340025,1996,1310340,13,013,01,#,1.1,#,0.011
1310340029,1996,1310340,13,013,01,#,0.78,#,0.01
1310340033,1996,1310340,13,013,01,#,0.72,#,0.008
1310340037,1996,1310340,13,013,01,#,0.69,#,0.004
1310340041,1996,1310340,13,013,01,#,0.73,#,0.013
1310340045,1996,1310340,13,013,01,#,0.68,#,0.012
1310370001,1996,1310370,13,014,01,#,1.7,#,0.039
1310370005,1996,1310370,13,014,01,#,1.6,#,0.042
1310370009,1996,1310370,13,014,01,#,1.2,#,0.043
1310370013,1996,1310370,13,014,01,#,1.3,#,0.065
1310370017,1996,1310370,13,014,01,#,2.3,#,0.036
1310370025,1996,1310370,13,014,01,#,1.1,#,0.1
1310370029,1996,1310370,13,014,01,#,2.4,#,0.024
1310370033,1996,1310370,13,014,01,#,1.5,#,0.037
1310370037,1996,1310370,13,014,01,#,1.7,#,0.024
1310370041,1996,1310370,13,014,01,#,1.5,#,0.012
1310370045,1996,1310370,13,014,01,#,1.7,#,0.035
1310370053,1996,1310370,13,014,01,#,1.8,#,0.024
1310380001,1996,1310380,13,014,51,#,0.8,#,0.027
1310380003,1996,1310380,13,014,51,#,0.9,#,0.035
1310380005,1996,1310380,13,014,51,#,0.85,#,0.031
1310380007,1996,1310380,13,014,51,#,0.86,#,0.035
1310380009,1996,1310380,13,014,51,#,1.1,#,0.03
1310380011,1996,1310380,13,014,51,#,0.51,#,0.045
1310380013,1996,1310380,13,014,51,#,1.5,#,0.02
1310380015,1996,1310380,13,014,51,#,0.97,#,0.028
1310380017,1996,1310380,13,014,51,#,0.93,#,0.015
1310380019,1996,1310380,13,014,51,#,0.68,#,0.01
1310380021,1996,1310380,13,014,51,#,0.82,#,0.022
1310380023,1996,1310380,13,014,51,#,0.68,#,0.021
1310390001,1996,1310390,13,014,52,#,0.95,#,0.017
1310390002,1996,1310390,13,014,52,#,0.82,#,0.018
1310390003,1996,1310390,13,014,52,#,0.71,#,0.019
1310390004,1996,1310390,13,014,52,#,0.54,#,0.018
1310390005,1996,1310390,13,014,52,#,1,#,0.019
1310390006,1996,1310390,13,014,52,#,0.64,#,0.013
1310390007,1996,1310390,13,014,52,#,0.94,#,0.009
1310390008,1996,1310390,13,014,52,#,0.99,#,0.003
1310390009,1996,1310390,13,014,52,#,0.74,#,0.007
1310390010,1996,1310390,13,014,52,#,0.69,#,0.004
1310390011,1996,1310390,13,014,52,#,0.65,#,0.009
1310390012,1996,1310390,13,014,52,#,0.62,#,0.011
1310400001,1996,1310400,13,014,53,#,2.1,#,0.023
1310400002,1996,1310400,13,014,53,#,1.8,#,0.022
1310400003,1996,1310400,13,014,53,#,1.3,#,0.04
1310400004,1996,1310400,13,014,53,#,1,#,0.03
1310400005,1996,1310400,13,014,53,#,2.1,#,0.023
1310400006,1996,1310400,13,014,53,#,1.4,#,0.036
1310400007,1996,1310400,13,014,53,#,2,#,0.015
1310400008,1996,1310400,13,014,53,#,1.8,#,0.004
1310400009,1996,1310400,13,014,53,#,1.4,#,0.014
1310400010,1996,1310400,13,014,53,#,1.5,#,0.008
1310400011,1996,1310400,13,014,53,#,1.2,#,0.014
1310400012,1996,1310400,13,014,53,#,1.2,#,0.013
1310410001,1996,1310410,13,015,01,#,12,#,1.1
1310410005,1996,1310410,13,015,01,#,11,#,0.65
1310410009,1996,1310410,13,015,01,#,11,#,1.3
1310410013,1996,1310410,13,015,01,#,8.7,#,0.53
1310410017,1996,1310410,13,015,01,#,4.7,#,0.48
1310410021,1996,1310410,13,015,01,#,4,#,0.39
1310410025,1996,1310410,13,015,01,#,6.2,#,0.58
1310410029,1996,1310410,13,015,01,#,7.7,#,0.73
1310410033,1996,1310410,13,015,01,#,8.1,#,0.7
1310410037,1996,1310410,13,015,01,#,7.3,#,0.55
1310410041,1996,1310410,13,015,01,#,11,#,0.89
1310410045,1996,1310410,13,015,01,#,10,#,0.79
1310420001,1996,1310420,13,015,02,#,10,#,0.61
1310420005,1996,1310420,13,015,02,#,6.9,#,0.47
1310420009,1996,1310420,13,015,02,#,7.2,#,0.59
1310420013,1996,1310420,13,015,02,#,6.4,#,0.48
1310420017,1996,1310420,13,015,02,#,5.2,#,0.43
1310420025,1996,1310420,13,015,02,#,4.1,#,0.41
1310420029,1996,1310420,13,015,02,#,5.6,#,0.41
1310420033,1996,1310420,13,015,02,#,7.1,#,0.51
1310420037,1996,1310420,13,015,02,#,7.4,#,0.52
1310420041,1996,1310420,13,015,02,#,7.3,#,0.62
1310420045,1996,1310420,13,015,02,#,9.2,#,0.65
1310420053,1996,1310420,13,015,02,#,9.1,#,0.59
1310430001,1996,1310430,13,015,51,#,8.4,#,0.7
1310430005,1996,1310430,13,015,51,#,5.2,#,0.51
1310430009,1996,1310430,13,015,51,#,5.8,#,0.84
1310430013,1996,1310430,13,015,51,#,6.4,#,0.51
1310430017,1996,1310430,13,015,51,#,4.7,#,0.48
1310430021,1996,1310430,13,015,51,#,2.6,#,0.35
1310430025,1996,1310430,13,015,51,#,5,#,0.28
1310430029,1996,1310430,13,015,51,#,4.1,#,0.44
1310430033,1996,1310430,13,015,51,#,7.3,#,0.82
1310430037,1996,1310430,13,015,51,#,6.7,#,0.7
1310430041,1996,1310430,13,015,51,#,3.8,#,0.87
1310430045,1996,1310430,13,015,51,#,4.7,#,0.81
1310440001,1996,1310440,13,015,52,#,8,#,0.64
1310440005,1996,1310440,13,015,52,#,5.7,#,0.52
1310440009,1996,1310440,13,015,52,#,4.6,#,0.53
1310440013,1996,1310440,13,015,52,#,5.2,#,0.46
1310440017,1996,1310440,13,015,52,#,5.1,#,0.41
1310440021,1996,1310440,13,015,52,#,3,#,0.32
1310440025,1996,1310440,13,015,52,#,6.2,#,0.42
1310440029,1996,1310440,13,015,52,#,5.3,#,0.52
1310440033,1996,1310440,13,015,52,#,7.5,#,0.56
1310440037,1996,1310440,13,015,52,#,7.9,#,0.6
1310440041,1996,1310440,13,015,52,#,6.6,#,0.85
1310440045,1996,1310440,13,015,52,#,5.2,#,0.77
1310450001,1996,1310450,13,015,53,#,7.6,#,0.61
1310450005,1996,1310450,13,015,53,#,5.6,#,0.55
1310450009,1996,1310450,13,015,53,#,5.2,#,0.75
1310450013,1996,1310450,13,015,53,#,5.9,#,0.45
1310450017,1996,1310450,13,015,53,#,5,#,0.42
1310450021,1996,1310450,13,015,53,#,3.9,#,0.42
1310450025,1996,1310450,13,015,53,#,6.2,#,0.48
1310450029,1996,1310450,13,015,53,#,5.6,#,0.58
1310450033,1996,1310450,13,015,53,#,7.4,#,0.57
1310450037,1996,1310450,13,015,53,#,6.9,#,0.48
1310450041,1996,1310450,13,015,53,#,8,#,0.78
1310450045,1996,1310450,13,015,53,#,4.6,#,0.75
1310460001,1996,1310460,13,015,54,#,10,#,0.92
1310460005,1996,1310460,13,015,54,#,8,#,0.53
1310460009,1996,1310460,13,015,54,#,9.1,#,0.83
1310460013,1996,1310460,13,015,54,#,7,#,0.51
1310460017,1996,1310460,13,015,54,#,4.8,#,0.44
1310460021,1996,1310460,13,015,54,#,4,#,0.41
1310460025,1996,1310460,13,015,54,#,5.7,#,0.49
1310460029,1996,1310460,13,015,54,#,6.8,#,0.6
1310460033,1996,1310460,13,015,54,#,8,#,0.71
1310460037,1996,1310460,13,015,54,#,6.8,#,0.54
1310460041,1996,1310460,13,015,54,#,9.7,#,0.83
1310460045,1996,1310460,13,015,54,#,10,#,0.68
1310470001,1996,1310470,13,015,55,#,8,#,0.52
1310470002,1996,1310470,13,015,55,#,6.8,#,0.43
1310470003,1996,1310470,13,015,55,#,7.4,#,0.73
1310470004,1996,1310470,13,015,55,#,5.4,#,0.36
1310470005,1996,1310470,13,015,55,#,4.7,#,0.38
1310470006,1996,1310470,13,015,55,#,4.7,#,0.38
1310470007,1996,1310470,13,015,55,#,6.4,#,0.45
1310470008,1996,1310470,13,015,55,#,5.6,#,0.59
1310470009,1996,1310470,13,015,55,#,7.2,#,0.61
1310470010,1996,1310470,13,015,55,#,8,#,0.59
1310470011,1996,1310470,13,015,55,#,9.1,#,0.56
1310470012,1996,1310470,13,015,55,#,9.6,#,0.43
1310480001,1996,1310480,13,015,56,#,11,#,0.76
1310480005,1996,1310480,13,015,56,#,7.2,#,0.49
1310480009,1996,1310480,13,015,56,#,9,#,0.65
1310480013,1996,1310480,13,015,56,#,6.3,#,0.48
1310480017,1996,1310480,13,015,56,#,6,#,0.42
1310480021,1996,1310480,13,015,56,#,4,#,0.41
1310480025,1996,1310480,13,015,56,#,6.2,#,0.43
1310480029,1996,1310480,13,015,56,#,7.5,#,0.54
1310480033,1996,1310480,13,015,56,#,7.8,#,0.57
1310480037,1996,1310480,13,015,56,#,7.7,#,0.55
1310480041,1996,1310480,13,015,56,#,9.8,#,0.66
1310480045,1996,1310480,13,015,56,#,9.3,#,0.64
1310490001,1996,1310490,13,015,57,#,8.2,#,0.48
1310490002,1996,1310490,13,015,57,#,6.7,#,0.47
1310490003,1996,1310490,13,015,57,#,7.2,#,0.59
1310490004,1996,1310490,13,015,57,#,5.6,#,0.45
1310490005,1996,1310490,13,015,57,#,4.6,#,0.36
1310490006,1996,1310490,13,015,57,#,4.3,#,0.32
1310490007,1996,1310490,13,015,57,#,5.9,#,0.45
1310490008,1996,1310490,13,015,57,#,6.4,#,0.49
1310490009,1996,1310490,13,015,57,#,7.2,#,0.54
1310490010,1996,1310490,13,015,57,#,7.2,#,0.44
1310490011,1996,1310490,13,015,57,#,8.4,#,0.48
1310490012,1996,1310490,13,015,57,#,9,#,0.58
1310530001,1996,1310530,13,016,01,#,9.7,#,0.79
1310530005,1996,1310530,13,016,01,#,6.3,#,0.41
1310530009,1996,1310530,13,016,01,#,6.7,#,0.47
1310530013,1996,1310530,13,016,01,#,2.7,#,0.25
1310530017,1996,1310530,13,016,01,#,4,#,0.4
1310530021,1996,1310530,13,016,01,#,5.1,#,0.51
1310530025,1996,1310530,13,016,01,#,3.6,#,0.23
1310530029,1996,1310530,13,016,01,#,5.7,#,0.3
1310530033,1996,1310530,13,016,01,#,3.2,#,0.16
1310530037,1996,1310530,13,016,01,#,4.7,#,0.32
1310530041,1996,1310530,13,016,01,#,6.8,#,0.41
1310530045,1996,1310530,13,016,01,#,6.6,#,0.35
1310540001,1996,1310540,13,016,51,#,13,#,1
1310540005,1996,1310540,13,016,51,#,8,#,0.47
1310540009,1996,1310540,13,016,51,#,8.9,#,0.59
1310540013,1996,1310540,13,016,51,#,6.2,#,0.43
1310540017,1996,1310540,13,016,51,#,5.9,#,0.47
1310540021,1996,1310540,13,016,51,#,4.9,#,0.51
1310540025,1996,1310540,13,016,51,#,5.6,#,0.39
1310540029,1996,1310540,13,016,51,#,7.2,#,0.41
1310540033,1996,1310540,13,016,51,#,4.4,#,0.22
1310540037,1996,1310540,13,016,51,#,3.9,#,0.25
1310540041,1996,1310540,13,016,51,#,9.8,#,0.73
1310540045,1996,1310540,13,016,51,#,8,#,0.45
1310550001,1996,1310550,13,017,01,#,13,#,0.66
1310550005,1996,1310550,13,017,01,#,16,#,1.1
1310550009,1996,1310550,13,017,01,#,14,#,0.8
1310550013,1996,1310550,13,017,01,#,14,#,1
1310550017,1996,1310550,13,017,01,#,13,#,1
1310550022,1996,1310550,13,017,01,#,10,#,0.74
1310550025,1996,1310550,13,017,01,#,7.8,#,0.37
1310550029,1996,1310550,13,017,01,#,8.9,#,0.52
1310550033,1996,1310550,13,017,01,#,14,#,0.69
1310550037,1996,1310550,13,017,01,#,13,#,0.82
1310550041,1996,1310550,13,017,01,#,18,#,1.1
1310550045,1996,1310550,13,017,01,#,19,#,1.2
1310560001,1996,1310560,13,017,51,#,13,#,0.65
1310560003,1996,1310560,13,017,51,#,12,#,0.7
1310560005,1996,1310560,13,017,51,#,14,#,1.2
1310560007,1996,1310560,13,017,51,#,15,#,1.1
1310560009,1996,1310560,13,017,51,#,10,#,0.95
1310560011,1996,1310560,13,017,51,#,9.6,#,0.58
1310560013,1996,1310560,13,017,51,#,6.1,#,0.33
1310560015,1996,1310560,13,017,51,#,7.7,#,0.46
1310560017,1996,1310560,13,017,51,#,11,#,0.6
1310560019,1996,1310560,13,017,51,#,11,#,0.74
1310560021,1996,1310560,13,017,51,#,18,#,1.4
1310560023,1996,1310560,13,017,51,#,18,#,1.5
1310570001,1996,1310570,13,017,52,#,16,#,0.76
1310570003,1996,1310570,13,017,52,#,15,#,1
1310570005,1996,1310570,13,017,52,#,17,#,1.5
1310570007,1996,1310570,13,017,52,#,17,#,1
1310570009,1996,1310570,13,017,52,#,11,#,0.98
1310570011,1996,1310570,13,017,52,#,13,#,0.9
1310570013,1996,1310570,13,017,52,#,7.7,#,0.47
1310570015,1996,1310570,13,017,52,#,9.4,#,0.63
1310570017,1996,1310570,13,017,52,#,13,#,0.56
1310570019,1996,1310570,13,017,52,#,15,#,1.2
1310570021,1996,1310570,13,017,52,#,18,#,1.1
1310570023,1996,1310570,13,017,52,#,19,#,1.4
1310580001,1996,1310580,13,018,01,#,8.2,#,0.14
1310580003,1996,1310580,13,018,01,#,8.2,#,0.11
1310580005,1996,1310580,13,018,01,#,8.2,#,0.33
1310580007,1996,1310580,13,018,01,#,11,#,0.57
1310580009,1996,1310580,13,018,01,#,7.7,#,0.24
1310580011,1996,1310580,13,018,01,#,9.7,#,0.64
1310580013,1996,1310580,13,018,01,#,8.3,#,0.31
1310580015,1996,1310580,13,018,01,#,8.2,#,0.54
1310580017,1996,1310580,13,018,01,#,9.6,#,0.43
1310580019,1996,1310580,13,018,01,#,10,#,0.64
1310580021,1996,1310580,13,018,01,#,15,#,0.86
1310580023,1996,1310580,13,018,01,#,14,#,0.8
1310600001,1996,1310600,13,019,01,#,6.3,#,0.19
1310600003,1996,1310600,13,019,01,#,7.1,#,0.2
1310600005,1996,1310600,13,019,01,#,12,#,0.67
1310600008,1996,1310600,13,019,01,#,6,#,0.3
1310600009,1996,1310600,13,019,01,#,6.3,#,0.2
1310600011,1996,1310600,13,019,01,#,11,#,1
1310600013,1996,1310600,13,019,01,#,5.3,#,0.22
1310600015,1996,1310600,13,019,01,#,8.8,#,0.5
1310600017,1996,1310600,13,019,01,#,10,#,0.39
1310600019,1996,1310600,13,019,01,#,7.6,#,0.096
1310600021,1996,1310600,13,019,01,#,10,#,0.36
1310600023,1996,1310600,13,019,01,#,8.6,#,0.22
1310630001,1996,1310630,13,020,01,#,10,#,0.58
1310630003,1996,1310630,13,020,01,#,9.2,#,0.85
1310630005,1996,1310630,13,020,01,#,9.4,#,0.71
1310630007,1996,1310630,13,020,01,#,9.6,#,0.77
1310630009,1996,1310630,13,020,01,#,7.5,#,0.79
1310630011,1996,1310630,13,020,01,#,6,#,0.55
1310630013,1996,1310630,13,020,01,#,7.4,#,0.44
1310630015,1996,1310630,13,020,01,#,7.6,#,0.45
1310630017,1996,1310630,13,020,01,#,9.8,#,0.68
1310630019,1996,1310630,13,020,01,#,9.5,#,0.59
1310630021,1996,1310630,13,020,01,#,11,#,0.76
1310630023,1996,1310630,13,020,01,#,10,#,0.78
1310650001,1996,1310650,13,020,52,#,12,#,0.74
1310650003,1996,1310650,13,020,52,#,10,#,0.9
1310650005,1996,1310650,13,020,52,#,10,#,0.72
1310650007,1996,1310650,13,020,52,#,9.6,#,0.81
1310650009,1996,1310650,13,020,52,#,8.7,#,1
1310650011,1996,1310650,13,020,52,#,7.4,#,0.84
1310650013,1996,1310650,13,020,52,#,8.6,#,0.51
1310650015,1996,1310650,13,020,52,#,9.3,#,0.75
1310650017,1996,1310650,13,020,52,#,11,#,0.79
1310650019,1996,1310650,13,020,52,#,11,#,0.95
1310650021,1996,1310650,13,020,52,#,12,#,1
1310650023,1996,1310650,13,020,52,#,11,#,1.2
1310660001,1996,1310660,13,021,01,#,3.7,#,0.038
1310660003,1996,1310660,13,021,01,#,3.3,#,0.027
1310660005,1996,1310660,13,021,01,#,4.3,#,0.036
1310660007,1996,1310660,13,021,01,#,2.2,#,0.038
1310660009,1996,1310660,13,021,01,#,5.2,#,0.028
1310660011,1996,1310660,13,021,01,#,3,#,0.053
1310660013,1996,1310660,13,021,01,#,4.5,#,0.029
1310660015,1996,1310660,13,021,01,#,4.4,#,0.046
1310660017,1996,1310660,13,021,01,#,4.4,#,0.036
1310660019,1996,1310660,13,021,01,#,3.7,#,0.03
1310660021,1996,1310660,13,021,01,#,4,#,0.03
1310660023,1996,1310660,13,021,01,#,3.9,#,0.022
1310670001,1996,1310670,13,022,01,#,2.1,#,0.015
1310670003,1996,1310670,13,022,01,#,1.8,#,0.021
1310670005,1996,1310670,13,022,01,#,1.8,#,0.017
1310670008,1996,1310670,13,022,01,#,1,#,0.019
1310670010,1996,1310670,13,022,01,#,1.7,#,0.018
1310670012,1996,1310670,13,022,01,#,1.5,#,0.022
1310670014,1996,1310670,13,022,01,#,1.6,#,0.01
1310670016,1996,1310670,13,022,01,#,1.6,#,0.017
1310670018,1996,1310670,13,022,01,#,1.5,#,0.003
1310670020,1996,1310670,13,022,01,#,1.6,#,0.06
1310670022,1996,1310670,13,022,01,#,1.5,#,0.012
1310670024,1996,1310670,13,022,01,#,1.4,#,0.013
1310690001,1996,1310690,13,023,01,#,8.1,#,1.3
1310690002,1996,1310690,13,023,01,#,7.9,#,1.1
1310690003,1996,1310690,13,023,01,#,7.9,#,0.44
1310690004,1996,1310690,13,023,01,#,7.6,#,0.45
1310690005,1996,1310690,13,023,01,#,5.9,#,0.6
1310690006,1996,1310690,13,023,01,#,6.1,#,0.56
1310690007,1996,1310690,13,023,01,#,3,#,0.37
1310690008,1996,1310690,13,023,01,#,4.1,#,0.35
1310690009,1996,1310690,13,023,01,#,4.7,#,0.31
1310690010,1996,1310690,13,023,01,#,4.5,#,0.33
1310690011,1996,1310690,13,023,01,#,3.8,#,0.23
1310690012,1996,1310690,13,023,01,#,4,#,0.26
1310690013,1996,1310690,13,023,01,#,5.6,#,0.16
1310690014,1996,1310690,13,023,01,#,5.7,#,0.21
1310690015,1996,1310690,13,023,01,#,5.1,#,0.35
1310690016,1996,1310690,13,023,01,#,5,#,0.39
1310690017,1996,1310690,13,023,01,#,6.7,#,0.45
1310690018,1996,1310690,13,023,01,#,10,#,0.47
1310690019,1996,1310690,13,023,01,#,5.4,#,0.31
1310690020,1996,1310690,13,023,01,#,5.5,#,0.33
1310690021,1996,1310690,13,023,01,#,8,#,0.41
1310690022,1996,1310690,13,023,01,#,8.2,#,0.39
1310690023,1996,1310690,13,023,01,#,7.9,#,0.45
1310690024,1996,1310690,13,023,01,#,9,#,0.29
1310700001,1996,1310700,13,024,01,#,5.7,#,0.04
1310700005,1996,1310700,13,024,01,#,2.4,#,0.034
1310700009,1996,1310700,13,024,01,#,2.2,#,0.066
1310700013,1996,1310700,13,024,01,#,2.2,#,0.046
1310700017,1996,1310700,13,024,01,#,4.3,#,0.065
1310700021,1996,1310700,13,024,01,#,4,#,0.043
1310700025,1996,1310700,13,024,01,#,6.6,#,0.048
1310700029,1996,1310700,13,024,01,#,7.4,#,0.071
1310700033,1996,1310700,13,024,01,#,8.8,#,0.045
1310700037,1996,1310700,13,024,01,#,16,#,0.081
1310700041,1996,1310700,13,024,01,#,6.7,#,0.047
1310700045,1996,1310700,13,024,01,#,14,#,0.05
1310730001,1996,1310730,13,025,01,#,6.3,#,0.25
1310730002,1996,1310730,13,025,01,#,5.6,#,0.29
1310730003,1996,1310730,13,025,01,#,5.6,#,0.18
1310730004,1996,1310730,13,025,01,#,4.5,#,0.16
1310730005,1996,1310730,13,025,01,#,4.6,#,0.18
1310730006,1996,1310730,13,025,01,#,4.2,#,0.18
1310730007,1996,1310730,13,025,01,#,3.8,#,0.27
1310730008,1996,1310730,13,025,01,#,4,#,0.28
1310730009,1996,1310730,13,025,01,#,4.2,#,0.095
1310730010,1996,1310730,13,025,01,#,4.3,#,0.099
1310730011,1996,1310730,13,025,01,#,5.3,#,0.19
1310730012,1996,1310730,13,025,01,#,5.3,#,0.21
1310730013,1996,1310730,13,025,01,#,4.1,#,0.072
1310730014,1996,1310730,13,025,01,#,4.3,#,0.073
1310730015,1996,1310730,13,025,01,#,3.6,#,0.56
1310730016,1996,1310730,13,025,01,#,3.5,#,0.24
1310730017,1996,1310730,13,025,01,#,4.1,#,0.22
1310730018,1996,1310730,13,025,01,#,4.8,#,0.23
1310730019,1996,1310730,13,025,01,#,4.4,#,0.15
1310730020,1996,1310730,13,025,01,#,4.1,#,0.16
1310730021,1996,1310730,13,025,01,#,6.4,#,0.24
1310730022,1996,1310730,13,025,01,#,7.2,#,0.28
1310730023,1996,1310730,13,025,01,#,5.6,#,0.3
1310730024,1996,1310730,13,025,01,#,5.4,#,0.28
1310740001,1996,1310740,13,026,01,#,8.3,#,0.59
1310740005,1996,1310740,13,026,01,#,6.1,#,0.58
1310740009,1996,1310740,13,026,01,#,6.6,#,0.78
1310740013,1996,1310740,13,026,01,#,6,#,0.66
1310740017,1996,1310740,13,026,01,#,5.3,#,0.37
1310740021,1996,1310740,13,026,01,#,3.9,#,0.38
1310740025,1996,1310740,13,026,01,#,6.1,#,0.41
1310740029,1996,1310740,13,026,01,#,5,#,0.4
1310740033,1996,1310740,13,026,01,#,8.7,#,0.51
1310740037,1996,1310740,13,026,01,#,6.7,#,0.42
1310740041,1996,1310740,13,026,01,#,7.2,#,0.82
1310740045,1996,1310740,13,026,01,#,8.2,#,0.79
1310750001,1996,1310750,13,026,51,#,13,#,0.85
1310750002,1996,1310750,13,026,51,#,10,#,0.63
1310750003,1996,1310750,13,026,51,#,14,#,0.75
1310750004,1996,1310750,13,026,51,#,11,#,0.81
1310750005,1996,1310750,13,026,51,#,8.6,#,0.51
1310750006,1996,1310750,13,026,51,#,10,#,0.63
1310750007,1996,1310750,13,026,51,#,6.1,#,0.22
1310750008,1996,1310750,13,026,51,#,8,#,1
1310750009,1996,1310750,13,026,51,#,14,#,0.67
1310750010,1996,1310750,13,026,51,#,9,#,0.54
1310750011,1996,1310750,13,026,51,#,16,#,0.85
1310750012,1996,1310750,13,026,51,#,15,#,1.1
1310780001,1996,1310780,13,027,01,#,8.4,#,0.38
1310780002,1996,1310780,13,027,01,#,40,#,0.34
1310780003,1996,1310780,13,027,01,#,7.1,#,0.22
1310780004,1996,1310780,13,027,01,#,16,#,0.24
1310780005,1996,1310780,13,027,01,#,8.7,#,0.47
1310780006,1996,1310780,13,027,01,#,11,#,0.48
1310780007,1996,1310780,13,027,01,#,7.6,#,0.53
1310780008,1996,1310780,13,027,01,#,12,#,0.46
1310780009,1996,1310780,13,027,01,#,7,#,0.2
1310780010,1996,1310780,13,027,01,#,20,#,0.22
1310780011,1996,1310780,13,027,01,#,7.7,#,0.25
1310780012,1996,1310780,13,027,01,#,8,#,0.25
1310780013,1996,1310780,13,027,01,#,14,#,0.1
1310780014,1996,1310780,13,027,01,#,3.8,#,0.1
1310780015,1996,1310780,13,027,01,#,5.3,#,0.3
1310780016,1996,1310780,13,027,01,#,35,#,0.29
1310780017,1996,1310780,13,027,01,#,6.1,#,0.36
1310780018,1996,1310780,13,027,01,#,65,#,0.37
1310780019,1996,1310780,13,027,01,#,6.7,#,0.27
1310780020,1996,1310780,13,027,01,#,6.7,#,0.32
1310780021,1996,1310780,13,027,01,#,8.9,#,0.75
1310780022,1996,1310780,13,027,01,#,8.4,#,0.42
1310780023,1996,1310780,13,027,01,#,17,#,0.47
1310780024,1996,1310780,13,027,01,#,14,#,0.45
1310790001,1996,1310790,13,028,01,#,5,#,0.22
1310790003,1996,1310790,13,028,01,#,5.7,#,0.32
1310790005,1996,1310790,13,028,01,#,5,#,0.35
1310790007,1996,1310790,13,028,01,#,3.6,#,0.3
1310790009,1996,1310790,13,028,01,#,4.3,#,0.16
1310790011,1996,1310790,13,028,01,#,4,#,0.14
1310790013,1996,1310790,13,028,01,#,4.4,#,0.037
1310790015,1996,1310790,13,028,01,#,5.1,#,0.09
1310790017,1996,1310790,13,028,01,#,5.7,#,0.15
1310790019,1996,1310790,13,028,01,#,5.9,#,0.2
1310790021,1996,1310790,13,028,01,#,6.6,#,0.33
1310790023,1996,1310790,13,028,01,#,5.9,#,0.23
1310800001,1996,1310800,13,029,01,#,4.4,#,0.098
1310800005,1996,1310800,13,029,01,#,3.1,#,0.15
1310800009,1996,1310800,13,029,01,#,1.8,#,0.17
1310800013,1996,1310800,13,029,01,#,2,#,0.26
1310800017,1996,1310800,13,029,01,#,4.3,#,0.12
1310800021,1996,1310800,13,029,01,#,2.2,#,0.14
1310800025,1996,1310800,13,029,01,#,1.5,#,0.14
1310800029,1996,1310800,13,029,01,#,2.5,#,0.18
1310800033,1996,1310800,13,029,01,#,3.5,#,0.22
1310800037,1996,1310800,13,029,01,#,2.5,#,0.097
1310800041,1996,1310800,13,029,01,#,3.8,#,0.27
1310800045,1996,1310800,13,029,01,#,2.2,#,0.18
1310810001,1996,1310810,13,030,01,#,17,#,0.58
1310810005,1996,1310810,13,030,01,#,12,#,0.53
1310810009,1996,1310810,13,030,01,#,19,#,1.1
1310810013,1996,1310810,13,030,01,#,14,#,1.4
1310810017,1996,1310810,13,030,01,#,11,#,0.39
1310810021,1996,1310810,13,030,01,#,6.7,#,0.38
1310810025,1996,1310810,13,030,01,#,11,#,0.34
1310810029,1996,1310810,13,030,01,#,13,#,0.47
1310810033,1996,1310810,13,030,01,#,14,#,0.39
1310810037,1996,1310810,13,030,01,#,10,#,0.3
1310810041,1996,1310810,13,030,01,#,14,#,0.68
1310810045,1996,1310810,13,030,01,#,16,#,0.67
1310820001,1996,1310820,13,030,51,#,2.7,#,0.1
1310820002,1996,1310820,13,030,51,#,2.8,#,0.12
1310820003,1996,1310820,13,030,51,#,3.2,#,0.25
1310820004,1996,1310820,13,030,51,#,2.6,#,0.33
1310820005,1996,1310820,13,030,51,#,3,#,0.22
1310820006,1996,1310820,13,030,51,#,2.4,#,0.16
1310820007,1996,1310820,13,030,51,#,4.5,#,0.14
1310820008,1996,1310820,13,030,51,#,5.6,#,0.29
1310820009,1996,1310820,13,030,51,#,3.7,#,0.18
1310820010,1996,1310820,13,030,51,#,4.4,#,0.092
1310820011,1996,1310820,13,030,51,#,4,#,0.15
1310820012,1996,1310820,13,030,51,#,3.2,#,0.2
1310830001,1996,1310830,13,031,01,#,12,#,0.85
1310830003,1996,1310830,13,031,01,#,10,#,0.81
1310830005,1996,1310830,13,031,01,#,8.5,#,1.2
1310830007,1996,1310830,13,031,01,#,7.5,#,1.1
1310830009,1996,1310830,13,031,01,#,5.3,#,1
1310830011,1996,1310830,13,031,01,#,7.7,#,0.78
1310830013,1996,1310830,13,031,01,#,7,#,0.44
1310830015,1996,1310830,13,031,01,#,9.7,#,0.77
1310830017,1996,1310830,13,031,01,#,9.9,#,0.89
1310830019,1996,1310830,13,031,01,#,11,#,1.4
1310830021,1996,1310830,13,031,01,#,12,#,1.3
1310830023,1996,1310830,13,031,01,#,11,#,1.3
1310850001,1996,1310850,13,032,01,#,1.9,#,0.03
1310850003,1996,1310850,13,032,01,#,1.8,#,0.031
1310850005,1996,1310850,13,032,01,#,1.4,#,0.063
1310850007,1996,1310850,13,032,01,#,1.8,#,0.045
1310850009,1996,1310850,13,032,01,#,1.4,#,0.042
1310850011,1996,1310850,13,032,01,#,1.3,#,0.048
1310850013,1996,1310850,13,032,01,#,1.8,#,0.021
1310850015,1996,1310850,13,032,01,#,1.9,#,0.024
1310850017,1996,1310850,13,032,01,#,1.8,#,0.024
1310850019,1996,1310850,13,032,01,#,1.7,#,0.036
1310850021,1996,1310850,13,032,01,#,1.8,#,0.018
1310850023,1996,1310850,13,032,01,#,1.5,#,0.049
1310860001,1996,1310860,13,033,01,#,2.8,#,0.068
1310860003,1996,1310860,13,033,01,#,2.8,#,0.077
1310860005,1996,1310860,13,033,01,#,2.5,#,0.13
1310860007,1996,1310860,13,033,01,#,2.1,#,0.12
1310860009,1996,1310860,13,033,01,#,1.7,#,0.074
1310860022,1996,1310860,13,033,01,#,1.5,#,0.081
1310860024,1996,1310860,13,033,01,#,2.5,#,0.035
1310860026,1996,1310860,13,033,01,#,2.7,#,0.043
1310860028,1996,1310860,13,033,01,#,2.4,#,0.055
1310860030,1996,1310860,13,033,01,#,2.7,#,0.057
1310860032,1996,1310860,13,033,01,#,2.2,#,0.049
1310860045,1996,1310860,13,033,01,#,2.5,#,0.1
1310870001,1996,1310870,13,034,01,#,15,#,0.42
1310870005,1996,1310870,13,034,01,#,12,#,0.32
1310870009,1996,1310870,13,034,01,#,13,#,0.49
1310870013,1996,1310870,13,034,01,#,13,#,0.6
1310870017,1996,1310870,13,034,01,#,10,#,0.39
1310870021,1996,1310870,13,034,01,#,15,#,0.87
1310870025,1996,1310870,13,034,01,#,9.4,#,0.36
1310870029,1996,1310870,13,034,01,#,10,#,0.29
1310870033,1996,1310870,13,034,01,#,12,#,0.45
1310870037,1996,1310870,13,034,01,#,14,#,0.33
1310870041,1996,1310870,13,034,01,#,15,#,0.59
1310870045,1996,1310870,13,034,01,#,15,#,0.46
1310880001,1996,1310880,13,035,01,#,8.2,#,0.2
1310880003,1996,1310880,13,035,01,#,7.9,#,0.17
1310880005,1996,1310880,13,035,01,#,7.1,#,0.74
1310880007,1996,1310880,13,035,01,#,5.9,#,0.41
1310880009,1996,1310880,13,035,01,#,6.8,#,0.3
1310880011,1996,1310880,13,035,01,#,7.5,#,0.15
1310880013,1996,1310880,13,035,01,#,8.2,#,0.17
1310880015,1996,1310880,13,035,01,#,8.6,#,0.15
1310880017,1996,1310880,13,035,01,#,8.1,#,0.15
1310880019,1996,1310880,13,035,01,#,8.1,#,0.14
1310880021,1996,1310880,13,035,01,#,8,#,0.18
1310880023,1996,1310880,13,035,01,#,7.6,#,0.16
1310940001,1996,1310940,13,036,01,#,5.8,#,0.21
1310940003,1996,1310940,13,036,01,#,6.3,#,0.39
1310940005,1996,1310940,13,036,01,#,3.7,#,0.41
1310940007,1996,1310940,13,036,01,#,2,#,0.41
1310940009,1996,1310940,13,036,01,#,4.2,#,0.35
1310940022,1996,1310940,13,036,01,#,3.8,#,0.36
1310940024,1996,1310940,13,036,01,#,5.6,#,0.37
1310940026,1996,1310940,13,036,01,#,4.3,#,0.3
1310940028,1996,1310940,13,036,01,#,5.6,#,0.36
1310940030,1996,1310940,13,036,01,#,6.4,#,0.32
1310940032,1996,1310940,13,036,01,#,7.2,#,0.33
1310940045,1996,1310940,13,036,01,#,6.9,#,0.47
1310950001,1996,1310950,13,037,01,#,35,#,1.2
1310950003,1996,1310950,13,037,01,#,14,#,0.58
1310950005,1996,1310950,13,037,01,#,24,#,1.1
1310950007,1996,1310950,13,037,01,#,24,#,1.7
1310950009,1996,1310950,13,037,01,#,23,#,0.28
1310950011,1996,1310950,13,037,01,#,25,#,0.52
1310950013,1996,1310950,13,037,01,#,13,#,0.51
1310950015,1996,1310950,13,037,01,#,14,#,1.7
1310950017,1996,1310950,13,037,01,#,16,#,0.69
1310950019,1996,1310950,13,037,01,#,16,#,1.6
1310950021,1996,1310950,13,037,01,#,18,#,0.74
1310950023,1996,1310950,13,037,01,#,19,#,1.9
1310960001,1996,1310960,13,038,01,#,6.3,#,0.48
1310960003,1996,1310960,13,038,01,#,4.4,#,0.28
1310960005,1996,1310960,13,038,01,#,4.2,#,0.91
1310960007,1996,1310960,13,038,01,#,5,#,0.62
1310960009,1996,1310960,13,038,01,#,3.7,#,1.2
1310960022,1996,1310960,13,038,01,#,2.3,#,0.48
1310960024,1996,1310960,13,038,01,#,4.4,#,0.65
1310960026,1996,1310960,13,038,01,#,3.7,#,0.36
1310960028,1996,1310960,13,038,01,#,4.2,#,0.38
1310960030,1996,1310960,13,038,01,#,6.5,#,0.85
1310960032,1996,1310960,13,038,01,#,8.8,#,1
1310960045,1996,1310960,13,038,01,#,6.1,#,0.93
1310970002,1996,1310970,13,039,51,#,5,#,0.4
1310970004,1996,1310970,13,039,51,#,3.1,#,0.32
1310970006,1996,1310970,13,039,51,#,2.5,#,0.31
1310970008,1996,1310970,13,039,51,#,2.9,#,0.37
1310970010,1996,1310970,13,039,51,#,2.2,#,0.25
1310970012,1996,1310970,13,039,51,#,2.9,#,0.28
1310970014,1996,1310970,13,039,51,#,6.2,#,0.32
1310970016,1996,1310970,13,039,51,#,6.5,#,0.28
1310970018,1996,1310970,13,039,51,#,7.2,#,0.42
1310970020,1996,1310970,13,039,51,#,10,#,0.61
1310970022,1996,1310970,13,039,51,#,10,#,0.6
1310970024,1996,1310970,13,039,51,#,10,#,0.54
1310990001,1996,1310990,13,202,01,#,15,#,1.3
1310990003,1996,1310990,13,202,01,#,4.7,#,0.45
1310990005,1996,1310990,13,202,01,#,7.3,#,0.72
1310990007,1996,1310990,13,202,01,#,5.9,#,0.69
1310990009,1996,1310990,13,202,01,#,6.1,#,0.59
1310990023,1996,1310990,13,202,01,#,6.9,#,0.55
1310990024,1996,1310990,13,202,01,#,5.4,#,0.36
1310990027,1996,1310990,13,202,01,#,9.8,#,0.49
1310990028,1996,1310990,13,202,01,#,12,#,0.83
1310990030,1996,1310990,13,202,01,#,15,#,0.69
1310990032,1996,1310990,13,202,01,#,16,#,1.1
1310990045,1996,1310990,13,202,01,#,13,#,0.7
1311010001,1996,1311010,13,203,02,#,6.6,#,0.31
1311010003,1996,1311010,13,203,02,#,2.2,#,0.16
1311010005,1996,1311010,13,203,02,#,2.6,#,0.24
1311010007,1996,1311010,13,203,02,#,4,#,0.4
1311010009,1996,1311010,13,203,02,#,2.4,#,0.16
1311010011,1996,1311010,13,203,02,#,2.4,#,0.15
1311010013,1996,1311010,13,203,02,#,3.6,#,0.13
1311010016,1996,1311010,13,203,02,#,3.9,#,0.15
1311010018,1996,1311010,13,203,02,#,6.2,#,0.18
1311010019,1996,1311010,13,203,02,#,5.5,#,0.19
1311010021,1996,1311010,13,203,02,#,5.5,#,0.19
1311010024,1996,1311010,13,203,02,#,6.3,#,0.27
1311020001,1996,1311020,13,204,01,#,7.8,#,0.4
1311020002,1996,1311020,13,204,01,#,4.7,#,0.24
1311020003,1996,1311020,13,204,01,#,2.5,#,0.17
1311020004,1996,1311020,13,204,01,#,2.7,#,0.13
1311020005,1996,1311020,13,204,01,#,1.7,#,0.11
1311020006,1996,1311020,13,204,01,#,2.2,#,0.15
1311020007,1996,1311020,13,204,01,#,4.7,#,0.19
1311020008,1996,1311020,13,204,01,#,6.9,#,0.35
1311020009,1996,1311020,13,204,01,#,7.6,#,0.3
1311020010,1996,1311020,13,204,01,#,8.8,#,0.44
1311020011,1996,1311020,13,204,01,#,9.1,#,0.81
1311020012,1996,1311020,13,204,01,#,11,#,0.46
1311030001,1996,1311030,13,205,01,#,8.1,#,0.51
1311030002,1996,1311030,13,205,01,#,5.6,#,0.59
1311030003,1996,1311030,13,205,01,#,6.6,#,0.59
1311030004,1996,1311030,13,205,01,#,6.4,#,0.53
1311030005,1996,1311030,13,205,01,#,4,#,0.34
1311030006,1996,1311030,13,205,01,#,3.7,#,0.44
1311030007,1996,1311030,13,205,01,#,4.8,#,0.3
1311030008,1996,1311030,13,205,01,#,4.9,#,0.31
1311030009,1996,1311030,13,205,01,#,5.6,#,0.3
1311030010,1996,1311030,13,205,01,#,6.3,#,0.43
1311030011,1996,1311030,13,205,01,#,5.2,#,0.32
1311030012,1996,1311030,13,205,01,#,6.7,#,0.29
1311100001,1996,1311100,13,212,01,#,5.3,#,0.21
1311100003,1996,1311100,13,212,01,#,5.4,#,0.18
1311100005,1996,1311100,13,212,01,#,3.7,#,0.19
1311100007,1996,1311100,13,212,01,#,2.9,#,0.14
1311100009,1996,1311100,13,212,01,#,4.9,#,0.19
1311100011,1996,1311100,13,212,01,#,4.4,#,0.12
1311100013,1996,1311100,13,212,01,#,5.1,#,0.12
1311100015,1996,1311100,13,212,01,#,4.7,#,0.11
1311100017,1996,1311100,13,212,01,#,5.1,#,0.16
1311100019,1996,1311100,13,212,01,#,5.2,#,0.12
1311100021,1996,1311100,13,212,01,#,5,#,0.11
1311100023,1996,1311100,13,212,01,#,4.4,#,0.22
1311110001,1996,1311110,13,213,01,#,3,#,0.025
1311110003,1996,1311110,13,213,01,#,5.2,#,0.026
1311110005,1996,1311110,13,213,01,#,24,#,0.028
1311110007,1996,1311110,13,213,01,#,3.1,#,0.056
1311110009,1996,1311110,13,213,01,#,3.7,#,0.039
1311110011,1996,1311110,13,213,01,#,4,#,0.034
1311110013,1996,1311110,13,213,01,#,6.6,#,0.011
1311110015,1996,1311110,13,213,01,#,6.2,#,0.021
1311110017,1996,1311110,13,213,01,#,4.8,#,0.024
1311110019,1996,1311110,13,213,01,#,4.5,#,0.021
1311110021,1996,1311110,13,213,01,#,3.7,#,0.037
1311110023,1996,1311110,13,213,01,#,5.8,#,0.059
1311130001,1996,1311130,13,215,01,#,8.2,#,0.096
1311130003,1996,1311130,13,215,01,#,8.5,#,0.12
1311130005,1996,1311130,13,215,01,#,7.3,#,0.19
1311130007,1996,1311130,13,215,01,#,7.3,#,0.19
1311130009,1996,1311130,13,215,01,#,7.6,#,0.099
1311130011,1996,1311130,13,215,01,#,8.2,#,0.095
1311130013,1996,1311130,13,215,01,#,8.8,#,0.068
1311130015,1996,1311130,13,215,01,#,8.5,#,0.089
1311130017,1996,1311130,13,215,01,#,8.6,#,0.053
1311130019,1996,1311130,13,215,01,#,8.3,#,0.1
1311130021,1996,1311130,13,215,01,#,7.9,#,0.086
1311130023,1996,1311130,13,215,01,#,8.2,#,0.13
1311140001,1996,1311140,13,005,54,#,9.9,#,0.96
1311140003,1996,1311140,13,005,54,#,5.4,#,0.27
1311140005,1996,1311140,13,005,54,#,4.4,#,0.47
1311140007,1996,1311140,13,005,54,#,4.2,#,0.33
1311140009,1996,1311140,13,005,54,#,3.3,#,0.42
1311140012,1996,1311140,13,005,54,#,2.6,#,0.54
1311140014,1996,1311140,13,005,54,#,4.6,#,0.65
1311140016,1996,1311140,13,005,54,#,6,#,0.74
1311140017,1996,1311140,13,005,54,#,7,#,0.66
1311140019,1996,1311140,13,005,54,#,7.6,#,0.45
1311140021,1996,1311140,13,005,54,#,9.4,#,0.66
1311140024,1996,1311140,13,005,54,#,10,#,1
1311160001,1996,1311160,13,216,01,#,3.2,#,0.078
1311160003,1996,1311160,13,216,01,#,3,#,0.086
1311160005,1996,1311160,13,216,01,#,1.9,#,0.13
1311160007,1996,1311160,13,216,01,#,2.3,#,0.13
1311160009,1996,1311160,13,216,01,#,2.1,#,0.12
1311160011,1996,1311160,13,216,01,#,2.2,#,0.13
1311160013,1996,1311160,13,216,01,#,2.6,#,0.047
1311160015,1996,1311160,13,216,01,#,2.9,#,0.057
1311160017,1996,1311160,13,216,01,#,3.2,#,0.074
1311160019,1996,1311160,13,216,01,#,3.3,#,0.084
1311160021,1996,1311160,13,216,01,#,3.1,#,0.087
1311160023,1996,1311160,13,216,01,#,2.9,#,0.12
1311170001,1996,1311170,13,218,01,#,0.98,#,0.018
1311170003,1996,1311170,13,218,01,#,0.66,#,0.015
1311170005,1996,1311170,13,218,01,#,0.66,#,0.02
1311170007,1996,1311170,13,218,01,#,0.65,#,0.02
1311170009,1996,1311170,13,218,01,#,0.89,#,0.023
1311170011,1996,1311170,13,218,01,#,0.73,#,0.016
1311170013,1996,1311170,13,218,01,#,0.76,#,0.014
1311170015,1996,1311170,13,218,01,#,0.68,#,0.005
1311170017,1996,1311170,13,218,01,#,0.64,#,0.013
1311170019,1996,1311170,13,218,01,#,0.65,#,0.014
1311170021,1996,1311170,13,218,01,#,0.55,#,0.014
1311170023,1996,1311170,13,218,01,#,0.72,#,0.02
1311200001,1996,1311200,13,219,01,#,6.1,#,0.71
1311200003,1996,1311200,13,219,01,#,5.2,#,0.26
1311200005,1996,1311200,13,219,01,#,4.6,#,0.45
1311200007,1996,1311200,13,219,01,#,5.2,#,0.54
1311200009,1996,1311200,13,219,01,#,7.2,#,1.2
1311200012,1996,1311200,13,219,01,#,2.8,#,0.56
1311200014,1996,1311200,13,219,01,#,5.3,#,0.63
1311200016,1996,1311200,13,219,01,#,6.3,#,0.74
1311200017,1996,1311200,13,219,01,#,7.5,#,0.71
1311200019,1996,1311200,13,219,01,#,7.4,#,0.48
1311200021,1996,1311200,13,219,01,#,8.8,#,0.75
1311200023,1996,1311200,13,219,01,#,10,#,0.98
1311210001,1996,1311210,13,220,01,#,8.7,#,0.75
1311210002,1996,1311210,13,220,01,#,7.8,#,0.49
1311210003,1996,1311210,13,220,01,#,8.7,#,0.7
1311210004,1996,1311210,13,220,01,#,4.9,#,0.54
1311210005,1996,1311210,13,220,01,#,7.4,#,0.37
1311210006,1996,1311210,13,220,01,#,6.2,#,0.37
1311210007,1996,1311210,13,220,01,#,8.5,#,0.16
1311210008,1996,1311210,13,220,01,#,4.7,#,0.49
1311210009,1996,1311210,13,220,01,#,7.6,#,0.53
1311210010,1996,1311210,13,220,01,#,6.5,#,0.54
1311210011,1996,1311210,13,220,01,#,9.1,#,0.6
1311210012,1996,1311210,13,220,01,#,9.3,#,0.68
1311220001,1996,1311220,13,221,01,#,8.5,#,0.62
1311220002,1996,1311220,13,221,01,#,8.4,#,0.52
1311220003,1996,1311220,13,221,01,#,8.3,#,0.72
1311220004,1996,1311220,13,221,01,#,5.3,#,0.64
1311220005,1996,1311220,13,221,01,#,6.2,#,0.38
1311220006,1996,1311220,13,221,01,#,6.1,#,0.44
1311220007,1996,1311220,13,221,01,#,5.7,#,0.27
1311220008,1996,1311220,13,221,01,#,5.5,#,0.46
1311220009,1996,1311220,13,221,01,#,8.3,#,0.56
1311220010,1996,1311220,13,221,01,#,6.7,#,0.44
1311220011,1996,1311220,13,221,01,#,11,#,0.59
1311220012,1996,1311220,13,221,01,#,9.9,#,0.73
1311230001,1996,1311230,13,029,51,#,4.1,#,0.096
1311230002,1996,1311230,13,029,51,#,4.3,#,0.096
1311230003,1996,1311230,13,029,51,#,2.8,#,0.14
1311230004,1996,1311230,13,029,51,#,1.5,#,0.13
1311230005,1996,1311230,13,029,51,#,2.5,#,0.18
1311230006,1996,1311230,13,029,51,#,2.9,#,0.13
1311230007,1996,1311230,13,029,51,#,3.6,#,0.084
1311230008,1996,1311230,13,029,51,#,2.9,#,0.19
1311230009,1996,1311230,13,029,51,#,5,#,0.24
1311230010,1996,1311230,13,029,51,#,2.8,#,0.085
1311230011,1996,1311230,13,029,51,#,5.1,#,0.17
1311230012,1996,1311230,13,029,51,#,3.6,#,0.19
1311250001,1996,1311250,13,014,54,#,0.94,#,0.038
1311250005,1996,1311250,13,014,54,#,0.99,#,0.036
1311250009,1996,1311250,13,014,54,#,0.82,#,0.035
1311250013,1996,1311250,13,014,54,#,0.96,#,0.046
1311250017,1996,1311250,13,014,54,#,1.5,#,0.034
1311250021,1996,1311250,13,014,54,#,0.68,#,0.061
1311250025,1996,1311250,13,014,54,#,1.6,#,0.021
1311250029,1996,1311250,13,014,54,#,1,#,0.036
1311250033,1996,1311250,13,014,54,#,1.1,#,0.023
1311250037,1996,1311250,13,014,54,#,0.85,#,0.011
1311250041,1996,1311250,13,014,54,#,0.93,#,0.023
1311250045,1996,1311250,13,014,54,#,0.69,#,0.024
1311260001,1996,1311260,13,222,01,#,9.1,#,0.16
1311260003,1996,1311260,13,222,01,#,7.1,#,0.94
1311260005,1996,1311260,13,222,01,#,9.2,#,0.59
1311260007,1996,1311260,13,222,01,#,8.3,#,0.22
1311260009,1996,1311260,13,222,01,#,5.7,#,0.19
1311260011,1996,1311260,13,222,01,#,6.1,#,0.79
1311260013,1996,1311260,13,222,01,#,7.5,#,0.32
1311260015,1996,1311260,13,222,01,#,8.6,#,0.4
1311260017,1996,1311260,13,222,01,#,8.2,#,0.6
1311260019,1996,1311260,13,222,01,#,11,#,0.62
1311260021,1996,1311260,13,222,01,#,11,#,0.14
1311260023,1996,1311260,13,222,01,#,10,#,0.39
1320010001,1996,1320010,13,401,01,#,0.58,#,0.011
1320010002,1996,1320010,13,401,01,#,0.57,#,0.013
1320010003,1996,1320010,13,401,01,#,0.57,#,0.014
1320010004,1996,1320010,13,401,01,#,0.55,#,0.005
1320010005,1996,1320010,13,401,01,#,0.46,#,0.009
1320010006,1996,1320010,13,401,01,#,0.54,#,0.007
1320010007,1996,1320010,13,401,01,#,0.36,#,0.011
1320010008,1996,1320010,13,401,01,#,0.52,#,0.004
1320010009,1996,1320010,13,401,01,#,0.6,#,0.012
1320010010,1996,1320010,13,401,01,#,0.56,#,0.007
1320010011,1996,1320010,13,401,01,#,0.79,#,0.016
1320010012,1996,1320010,13,401,01,#,0.53,#,0.008
1320010013,1996,1320010,13,401,01,#,0.68,#,0.009
1320010014,1996,1320010,13,401,01,#,0.61,#,0.007
1320010015,1996,1320010,13,401,01,#,0.66,<,0.003
1320010016,1996,1320010,13,401,01,#,0.56,#,0.008
1320010017,1996,1320010,13,401,01,#,0.6,#,0.006
1320010018,1996,1320010,13,401,01,#,0.58,#,0.008
1320010019,1996,1320010,13,401,01,#,0.59,#,0.005
1320010020,1996,1320010,13,401,01,#,0.6,#,0.011
1320010021,1996,1320010,13,401,01,#,0.56,#,0.006
1320010022,1996,1320010,13,401,01,#,0.56,#,0.012
1320010023,1996,1320010,13,401,01,#,0.57,#,0.006
1320010024,1996,1320010,13,401,01,#,0.51,#,0.008
1320020001,1996,1320020,13,401,02,#,0.48,#,0.009
1320020002,1996,1320020,13,401,02,#,0.49,#,0.008
1320020003,1996,1320020,13,401,02,#,0.51,#,0.013
1320020004,1996,1320020,13,401,02,#,0.54,#,0.004
1320020005,1996,1320020,13,401,02,#,0.54,<,0.003
1320020006,1996,1320020,13,401,02,#,0.53,#,0.004
1320020007,1996,1320020,13,401,02,#,0.48,#,0.006
1320020008,1996,1320020,13,401,02,#,0.49,<,0.003
1320020009,1996,1320020,13,401,02,#,0.51,#,0.004
1320020010,1996,1320020,13,401,02,#,0.4,#,0.007
1320020011,1996,1320020,13,401,02,#,0.48,#,0.004
1320020012,1996,1320020,13,401,02,#,0.49,#,0.008
1320020013,1996,1320020,13,401,02,#,0.63,#,0.005
1320020014,1996,1320020,13,401,02,#,0.52,#,0.003
1320020015,1996,1320020,13,401,02,#,0.54,#,0.005
1320020016,1996,1320020,13,401,02,#,0.64,#,0.005
1320020017,1996,1320020,13,401,02,#,0.53,#,0.004
1320020018,1996,1320020,13,401,02,#,0.55,#,0.005
1320020019,1996,1320020,13,401,02,#,0.61,#,0.005
1320020020,1996,1320020,13,401,02,#,0.53,<,0.003
1320020021,1996,1320020,13,401,02,#,0.52,#,0.004
1320020022,1996,1320020,13,401,02,#,0.71,<,0.003
1320020023,1996,1320020,13,401,02,#,0.52,<,0.003
1320020024,1996,1320020,13,401,02,#,0.52,<,0.003
1320020025,1996,1320020,13,401,02,#,0.63,#,0.006
1320020026,1996,1320020,13,401,02,#,0.49,#,0.01
1320020027,1996,1320020,13,401,02,#,0.51,#,0.005
1320020028,1996,1320020,13,401,02,#,0.58,#,0.011
1320020029,1996,1320020,13,401,02,#,0.51,<,0.003
1320020030,1996,1320020,13,401,02,#,0.49,<,0.003
1320020031,1996,1320020,13,401,02,#,0.53,#,0.004
1320020032,1996,1320020,13,401,02,#,0.51,#,0.005
1320020033,1996,1320020,13,401,02,#,0.48,#,0.004
1320020034,1996,1320020,13,401,02,#,0.56,#,0.004
1320020035,1996,1320020,13,401,02,#,0.56,#,0.006
1320020036,1996,1320020,13,401,02,#,0.51,#,0.004
1330010001,1996,1330010,13,601,01,#,2.8,#,0.17
1330010002,1996,1330010,13,601,01,#,1.4,#,0.089
1330010004,1996,1330010,13,601,01,#,2.5,#,0.24
1330010005,1996,1330010,13,601,01,#,1.4,#,0.16
1330010007,1996,1330010,13,601,01,#,3.4,#,0.4
1330010008,1996,1330010,13,601,01,#,1.6,#,0.19
1330010010,1996,1330010,13,601,01,#,3.5,#,0.32
1330010011,1996,1330010,13,601,01,#,1.7,#,0.2
1330010012,1996,1330010,13,601,01,#,2.7,#,0.31
1330010013,1996,1330010,13,601,01,#,1.1,#,0.22
1330010015,1996,1330010,13,601,01,#,2.8,#,0.3
1330010016,1996,1330010,13,601,01,#,1.3,#,0.15
1330010017,1996,1330010,13,601,01,#,2.5,#,0.19
1330010018,1996,1330010,13,601,01,#,0.73,#,0.095
1330010020,1996,1330010,13,601,01,#,2.4,#,0.26
1330010021,1996,1330010,13,601,01,#,0.96,#,0.078
1330010023,1996,1330010,13,601,01,#,1.7,#,0.12
1330010024,1996,1330010,13,601,01,#,1.2,#,0.1
1330010026,1996,1330010,13,601,01,#,2,#,0.12
1330010027,1996,1330010,13,601,01,#,1.2,#,0.08
1330010028,1996,1330010,13,601,01,#,1.9,#,0.11
1330010029,1996,1330010,13,601,01,#,1.2,#,0.066
1330010031,1996,1330010,13,601,01,#,2.7,#,0.13
1330010032,1996,1330010,13,601,01,#,1.5,#,0.074
1330020001,1996,1330020,13,601,02,#,2.4,#,0.13
1330020002,1996,1330020,13,601,02,#,1.2,#,0.092
1330020004,1996,1330020,13,601,02,#,2.2,#,0.2
1330020005,1996,1330020,13,601,02,#,1.1,#,0.22
1330020007,1996,1330020,13,601,02,#,2.8,#,0.37
1330020008,1996,1330020,13,601,02,#,1.2,#,0.13
1330020010,1996,1330020,13,601,02,#,2.4,#,0.24
1330020011,1996,1330020,13,601,02,#,1.4,#,0.16
1330020012,1996,1330020,13,601,02,#,2,#,0.21
1330020013,1996,1330020,13,601,02,#,0.92,#,0.26
1330020015,1996,1330020,13,601,02,#,2.1,#,0.25
1330020016,1996,1330020,13,601,02,#,0.98,#,0.16
1330020017,1996,1330020,13,601,02,#,1.9,#,0.16
1330020018,1996,1330020,13,601,02,#,0.7,#,0.12
1330020020,1996,1330020,13,601,02,#,1.8,#,0.14
1330020021,1996,1330020,13,601,02,#,0.84,#,0.074
1330020023,1996,1330020,13,601,02,#,1.5,#,0.11
1330020024,1996,1330020,13,601,02,#,1.1,#,0.09
1330020026,1996,1330020,13,601,02,#,1.6,#,0.1
1330020027,1996,1330020,13,601,02,#,1.3,#,0.08
1330020028,1996,1330020,13,601,02,#,1.6,#,0.1
1330020029,1996,1330020,13,601,02,#,1.3,#,0.076
1330020031,1996,1330020,13,601,02,#,2.3,#,0.1
1330020032,1996,1330020,13,601,02,#,1.1,#,0.062
1330030001,1996,1330030,13,601,03,#,2.9,#,0.17
1330030002,1996,1330030,13,601,03,#,1.1,#,0.072
1330030004,1996,1330030,13,601,03,#,2.8,#,0.28
1330030005,1996,1330030,13,601,03,#,1,#,0.13
1330030007,1996,1330030,13,601,03,#,2.9,#,0.31
1330030008,1996,1330030,13,601,03,#,1.2,#,0.21
1330030010,1996,1330030,13,601,03,#,2.3,#,0.23
1330030011,1996,1330030,13,601,03,#,0.93,#,0.14
1330030012,1996,1330030,13,601,03,#,2.5,#,0.36
1330030013,1996,1330030,13,601,03,#,0.75,#,0.16
1330030015,1996,1330030,13,601,03,#,2.6,#,0.3
1330030016,1996,1330030,13,601,03,#,0.75,#,0.14
1330030017,1996,1330030,13,601,03,#,2.3,#,0.22
1330030018,1996,1330030,13,601,03,#,0.65,#,0.09
1330030020,1996,1330030,13,601,03,#,1.7,#,0.15
1330030021,1996,1330030,13,601,03,#,0.66,#,0.07
1330030023,1996,1330030,13,601,03,#,1.5,#,0.11
1330030024,1996,1330030,13,601,03,#,0.94,#,0.082
1330030026,1996,1330030,13,601,03,#,1.9,#,0.11
1330030027,1996,1330030,13,601,03,#,1.2,#,0.078
1330030028,1996,1330030,13,601,03,#,1.6,#,0.1
1330030029,1996,1330030,13,601,03,#,1,#,0.06
1330030031,1996,1330030,13,601,03,#,2.8,#,0.13
1330030032,1996,1330030,13,601,03,#,1.3,#,0.06
1330040001,1996,1330040,13,601,04,#,5.5,#,0.53
1330040002,1996,1330040,13,601,04,#,2,#,0.095
1330040004,1996,1330040,13,601,04,#,4.6,#,0.23
1330040005,1996,1330040,13,601,04,#,1.8,#,0.13
1330040007,1996,1330040,13,601,04,#,3.7,#,0.4
1330040008,1996,1330040,13,601,04,#,1.7,#,0.21
1330040010,1996,1330040,13,601,04,#,4.5,#,0.42
1330040011,1996,1330040,13,601,04,#,2,#,0.17
1330040012,1996,1330040,13,601,04,#,3.5,#,0.25
1330040013,1996,1330040,13,601,04,#,1.8,#,0.17
1330040015,1996,1330040,13,601,04,#,3.2,#,0.32
1330040016,1996,1330040,13,601,04,#,1.8,#,0.16
1330040017,1996,1330040,13,601,04,#,5.3,#,0.55
1330040018,1996,1330040,13,601,04,#,2.1,#,0.19
1330040020,1996,1330040,13,601,04,#,6.5,#,0.44
1330040021,1996,1330040,13,601,04,#,1.6,#,0.1
1330040023,1996,1330040,13,601,04,#,2.4,#,0.16
1330040024,1996,1330040,13,601,04,#,1.6,#,0.12
1330040026,1996,1330040,13,601,04,#,2.4,#,0.18
1330040027,1996,1330040,13,601,04,#,1.6,#,0.1
1330040028,1996,1330040,13,601,04,#,3.7,#,0.24
1330040029,1996,1330040,13,601,04,#,1.8,#,0.1
1330040031,1996,1330040,13,601,04,#,4.1,#,0.23
1330040032,1996,1330040,13,601,04,#,2.5,#,0.13
1330050001,1996,1330050,13,601,51,#,4.1,#,0.3
1330050002,1996,1330050,13,601,51,#,2.1,#,0.21
1330050003,1996,1330050,13,601,51,#,1.9,#,0.14
1330050004,1996,1330050,13,601,51,#,1.8,#,0.15
1330060001,1996,1330060,13,601,52,#,4.4,#,0.37
1330060002,1996,1330060,13,601,52,#,1.5,#,0.22
1330060003,1996,1330060,13,601,52,#,2.9,#,0.16
1330060004,1996,1330060,13,601,52,#,1.3,#,0.089
1330070001,1996,1330070,13,601,53,#,2.6,#,0.25
1330070002,1996,1330070,13,601,53,#,2.2,#,0.21
1330070003,1996,1330070,13,601,53,#,2,#,0.12
1330070004,1996,1330070,13,601,53,#,1.4,#,0.086
1330080001,1996,1330080,13,601,54,#,2.5,#,0.23
1330080002,1996,1330080,13,601,54,#,2,#,0.22
1330080003,1996,1330080,13,601,54,#,1.6,#,0.14
1330080004,1996,1330080,13,601,54,#,1.6,#,0.16
1330090001,1996,1330090,13,601,55,#,2.1,#,0.2
1330090002,1996,1330090,13,601,55,#,1,#,0.14
1330090003,1996,1330090,13,601,55,#,1.5,#,0.095
1330090004,1996,1330090,13,601,55,#,1,#,0.061
1330110001,1996,1330110,13,601,57,#,3.6,#,0.34
1330110002,1996,1330110,13,601,57,#,2.7,#,0.33
1330110003,1996,1330110,13,601,57,#,3.1,#,0.2
1330110004,1996,1330110,13,601,57,#,1.8,#,0.12
1330120001,1996,1330120,13,601,58,#,8.5,#,0.55
1330120003,1996,1330120,13,601,58,#,4.6,#,0.25
1330130001,1996,1330130,13,601,59,#,11,#,0.79
1330130003,1996,1330130,13,601,59,#,12,#,0.99
1330130005,1996,1330130,13,601,59,#,9.9,#,0.67
1330130007,1996,1330130,13,601,59,#,8.7,#,0.66
1330130009,1996,1330130,13,601,59,#,11,#,0.66
1330130011,1996,1330130,13,601,59,#,11,#,0.62
1330130013,1996,1330130,13,601,59,#,12,#,0.64
1330130015,1996,1330130,13,601,59,#,10,#,0.56
1330130017,1996,1330130,13,601,59,#,11,#,0.39
1330130019,1996,1330130,13,601,59,#,4,#,0.2
1330130021,1996,1330130,13,601,59,#,7,#,0.28
1330130023,1996,1330130,13,601,59,#,12,#,0.82
1330140001,1996,1330140,13,601,60,#,4.8,#,0.46
1330140003,1996,1330140,13,601,60,#,4.3,#,0.25
1330150001,1996,1330150,13,601,61,#,9.5,#,0.64
1330150003,1996,1330150,13,601,61,#,8.4,#,0.7
1330150005,1996,1330150,13,601,61,#,7.9,#,0.65
1330150007,1996,1330150,13,601,61,#,8.5,#,0.6
1330150009,1996,1330150,13,601,61,#,6.1,#,0.5
1330150011,1996,1330150,13,601,61,#,8,#,0.56
1330150013,1996,1330150,13,601,61,#,9.6,#,0.51
1330150015,1996,1330150,13,601,61,#,8,#,0.39
1330150017,1996,1330150,13,601,61,#,7.1,#,0.26
1330150019,1996,1330150,13,601,61,#,3.4,#,0.18
1330150021,1996,1330150,13,601,61,#,9.1,#,0.36
1330150023,1996,1330150,13,601,61,#,9.2,#,0.55
1330160001,1996,1330160,13,601,62,#,3.9,#,0.33
1330160003,1996,1330160,13,601,62,#,1.7,#,0.097
1330170001,1996,1330170,13,601,63,#,5.2,#,0.43
1330170003,1996,1330170,13,601,63,#,4.6,#,0.29
1330180001,1996,1330180,13,601,64,#,6.9,#,0.49
1330180003,1996,1330180,13,601,64,#,9.7,#,0.7
1330180005,1996,1330180,13,601,64,#,7.8,#,0.66
1330180007,1996,1330180,13,601,64,#,4.6,#,0.42
1330180009,1996,1330180,13,601,64,#,5.4,#,0.35
1330180011,1996,1330180,13,601,64,#,4.7,#,0.41
1330180013,1996,1330180,13,601,64,#,4.4,#,0.28
1330180015,1996,1330180,13,601,64,#,3.3,#,0.21
1330180017,1996,1330180,13,601,64,#,5.1,#,0.2
1330180019,1996,1330180,13,601,64,#,6,#,0.31
1330180021,1996,1330180,13,601,64,#,2.8,#,0.15
1330180023,1996,1330180,13,601,64,#,4.7,#,0.19
1330190001,1996,1330190,13,601,65,#,4.8,#,0.45
1330190003,1996,1330190,13,601,65,#,7.7,#,0.36
1330200001,1996,1330200,13,601,66,#,5,#,0.43
1330200003,1996,1330200,13,601,66,#,4.4,#,0.21
1330210001,1996,1330210,13,601,67,#,4.9,#,0.38
1330210003,1996,1330210,13,601,67,#,3.6,#,0.21
1330220001,1996,1330220,13,601,68,#,5.5,#,0.37
1330220003,1996,1330220,13,601,68,#,3.4,#,0.24
1330230001,1996,1330230,13,601,69,#,4.1,#,0.26
1330230003,1996,1330230,13,601,69,#,7.7,#,0.71
1330230005,1996,1330230,13,601,69,#,6.2,#,0.57
1330230007,1996,1330230,13,601,69,#,5.7,#,0.38
1330230009,1996,1330230,13,601,69,#,4,#,0.31
1330230011,1996,1330230,13,601,69,#,3.5,#,0.35
1330230013,1996,1330230,13,601,69,#,3.3,#,0.23
1330230015,1996,1330230,13,601,69,#,3.2,#,0.2
1330230017,1996,1330230,13,601,69,#,4.4,#,0.24
1330230019,1996,1330230,13,601,69,#,3.7,#,0.21
1330230021,1996,1330230,13,601,69,#,1.8,#,0.1
1330230023,1996,1330230,13,601,69,#,3.7,#,0.16
1330240001,1996,1330240,13,601,70,#,4.9,#,0.33
1330240003,1996,1330240,13,601,70,#,7.6,#,0.61
1330240005,1996,1330240,13,601,70,#,7.8,#,0.6
1330240007,1996,1330240,13,601,70,#,4.7,#,0.4
1330240009,1996,1330240,13,601,70,#,3.5,#,0.37
1330240011,1996,1330240,13,601,70,#,4.5,#,0.37
1330240013,1996,1330240,13,601,70,#,4.4,#,0.24
1330240015,1996,1330240,13,601,70,#,2.9,#,0.15
1330240017,1996,1330240,13,601,70,#,2.8,#,0.13
1330240019,1996,1330240,13,601,70,#,4.9,#,0.26
1330240021,1996,1330240,13,601,70,#,2.7,#,0.11
1330240023,1996,1330240,13,601,70,#,4.6,#,0.23
1330250001,1996,1330250,13,601,71,#,4.4,#,0.39
1330250003,1996,1330250,13,601,71,#,3.1,#,0.19
1330260001,1996,1330260,13,601,72,#,2.8,#,0.19
1330260003,1996,1330260,13,601,72,#,5,#,0.51
1330260005,1996,1330260,13,601,72,#,4.6,#,0.44
1330260007,1996,1330260,13,601,72,#,3.7,#,0.34
1330260009,1996,1330260,13,601,72,#,2.2,#,0.24
1330260011,1996,1330260,13,601,72,#,2.7,#,0.29
1330260013,1996,1330260,13,601,72,#,2.6,#,0.18
1330260015,1996,1330260,13,601,72,#,2,#,0.12
1330260017,1996,1330260,13,601,72,#,2.5,#,0.14
1330260019,1996,1330260,13,601,72,#,2.3,#,0.12
1330260021,1996,1330260,13,601,72,#,1.8,#,0.1
1330260023,1996,1330260,13,601,72,#,2.6,#,0.12
1330270001,1996,1330270,13,601,73,#,9.3,#,1.7
1330270003,1996,1330270,13,601,73,#,8.4,#,0.28
1330280001,1996,1330280,13,601,74,#,13,#,1
1330280003,1996,1330280,13,601,74,#,13,#,0.56
1330280005,1996,1330280,13,601,74,#,14,#,1.7
1330280007,1996,1330280,13,601,74,#,9.2,#,2.1
1330280009,1996,1330280,13,601,74,#,9.2,#,3.2
1330280011,1996,1330280,13,601,74,#,11,#,1
1330280013,1996,1330280,13,601,74,#,9.8,#,1.2
1330280015,1996,1330280,13,601,74,#,9,#,1.1
1330280017,1996,1330280,13,601,74,#,12,#,0.3
1330280019,1996,1330280,13,601,74,#,13,#,0.33
1330280021,1996,1330280,13,601,74,#,9,#,0.55
1330280023,1996,1330280,13,601,74,#,17,#,1
1330290001,1996,1330290,13,601,75,#,5.5,#,0.37
1330290003,1996,1330290,13,601,75,#,6.4,#,0.54
1330290005,1996,1330290,13,601,75,#,7.7,#,0.7
1330290007,1996,1330290,13,601,75,#,9.4,#,0.64
1330290009,1996,1330290,13,601,75,#,5.6,#,0.79
1330290011,1996,1330290,13,601,75,#,4.7,#,0.54
1330290013,1996,1330290,13,601,75,#,4.4,#,0.4
1330290015,1996,1330290,13,601,75,#,3.5,#,0.3
1330290017,1996,1330290,13,601,75,#,4.6,#,0.19
1330290019,1996,1330290,13,601,75,#,5.1,#,0.19
1330290021,1996,1330290,13,601,75,#,3.5,#,0.21
1330290023,1996,1330290,13,601,75,#,5.8,#,0.28
1330300001,1996,1330300,13,601,76,#,15,#,0.79
1330300003,1996,1330300,13,601,76,#,12,#,0.76
1330300005,1996,1330300,13,601,76,#,15,#,0.86
1330300007,1996,1330300,13,601,76,#,15,#,0.65
1330300009,1996,1330300,13,601,76,#,11,#,0.91
1330300011,1996,1330300,13,601,76,#,12,#,0.75
1330300013,1996,1330300,13,601,76,#,14,#,1.4
1330300015,1996,1330300,13,601,76,#,14,#,1.1
1330300017,1996,1330300,13,601,76,#,12,#,0.33
1330300019,1996,1330300,13,601,76,#,13,#,0.65
1330300021,1996,1330300,13,601,76,#,13,#,1
1330300023,1996,1330300,13,601,76,#,16,#,0.71
1330310001,1996,1330310,13,601,77,#,16,#,0.7
1330310003,1996,1330310,13,601,77,#,10,#,0.38
1330320001,1996,1330320,13,601,78,#,6.6,#,0.45
1330320003,1996,1330320,13,601,78,#,5.1,#,0.4
1330320005,1996,1330320,13,601,78,#,4.6,#,0.43
1330320007,1996,1330320,13,601,78,#,4.8,#,0.34
1330320009,1996,1330320,13,601,78,#,5.2,#,0.39
1330320011,1996,1330320,13,601,78,#,4.2,#,0.37
1330320013,1996,1330320,13,601,78,#,4.8,#,0.29
1330320015,1996,1330320,13,601,78,#,3,#,0.21
1330320017,1996,1330320,13,601,78,#,3.7,#,0.19
1330320019,1996,1330320,13,601,78,#,6.6,#,0.29
1330320021,1996,1330320,13,601,78,#,3.4,#,0.17
1330320023,1996,1330320,13,601,78,#,3.9,#,0.18
1330330001,1996,1330330,13,601,79,#,5.1,#,0.38
1330330003,1996,1330330,13,601,79,#,4.6,#,0.25
1330340001,1996,1330340,13,601,80,#,11,#,0.79
1330340003,1996,1330340,13,601,80,#,7.8,#,0.38
1330340005,1996,1330340,13,601,80,#,7.7,#,0.54
1330340007,1996,1330340,13,601,80,#,9.6,#,0.54
1330340009,1996,1330340,13,601,80,#,11,#,0.67
1330340011,1996,1330340,13,601,80,#,8.1,#,0.61
1330340013,1996,1330340,13,601,80,#,10,#,0.39
1330340015,1996,1330340,13,601,80,#,4,#,0.26
1330340017,1996,1330340,13,601,80,#,7.7,#,0.42
1330340019,1996,1330340,13,601,80,#,8.5,#,0.43
1330340021,1996,1330340,13,601,80,#,3.4,#,0.19
1330340023,1996,1330340,13,601,80,#,8.3,#,0.43
1330350001,1996,1330350,13,601,81,#,9.4,#,0.66
1330350003,1996,1330350,13,601,81,#,5.7,#,0.61
1330350005,1996,1330350,13,601,81,#,5.4,#,0.62
1330350007,1996,1330350,13,601,81,#,5.7,#,0.31
1330350009,1996,1330350,13,601,81,#,8.7,#,0.78
1330350011,1996,1330350,13,601,81,#,8.9,#,0.86
1330350013,1996,1330350,13,601,81,#,8.6,#,0.77
1330350015,1996,1330350,13,601,81,#,8.8,#,0.78
1330350017,1996,1330350,13,601,81,#,11,#,0.8
1330350019,1996,1330350,13,601,81,#,9.2,#,0.78
1330350021,1996,1330350,13,601,81,#,9.9,#,0.72
1330350023,1996,1330350,13,601,81,#,9.8,#,0.85
1330370001,1996,1330370,13,602,01,#,3.2,#,0.18
1330370002,1996,1330370,13,602,01,#,1.2,#,0.058
1330370004,1996,1330370,13,602,01,#,2.8,#,0.21
1330370005,1996,1330370,13,602,01,#,1.2,#,0.1
1330370007,1996,1330370,13,602,01,#,2.5,#,0.18
1330370008,1996,1330370,13,602,01,#,1.2,#,0.12
1330370010,1996,1330370,13,602,01,#,2.8,#,0.24
1330370011,1996,1330370,13,602,01,#,1.2,#,0.11
1330370012,1996,1330370,13,602,01,#,1.7,#,0.18
1330370013,1996,1330370,13,602,01,#,1,#,0.13
1330370015,1996,1330370,13,602,01,#,2.3,#,0.2
1330370016,1996,1330370,13,602,01,#,1.1,#,0.12
1330370017,1996,1330370,13,602,01,#,1.5,#,0.13
1330370018,1996,1330370,13,602,01,#,1,#,0.11
1330370020,1996,1330370,13,602,01,#,3.9,#,0.24
1330370021,1996,1330370,13,602,01,#,0.93,#,0.064
1330370023,1996,1330370,13,602,01,#,1.9,#,0.12
1330370024,1996,1330370,13,602,01,#,1,#,0.08
1330370026,1996,1330370,13,602,01,#,1.5,#,0.1
1330370027,1996,1330370,13,602,01,#,1.2,#,0.089
1330370028,1996,1330370,13,602,01,#,1.3,#,0.088
1330370029,1996,1330370,13,602,01,#,0.98,#,0.06
1330370031,1996,1330370,13,602,01,#,2.8,#,0.17
1330370032,1996,1330370,13,602,01,#,1.5,#,0.071
1330380001,1996,1330380,13,602,51,#,1.5,#,0.12
1330380002,1996,1330380,13,602,51,#,1.4,#,0.12
1330380003,1996,1330380,13,602,51,#,1.4,#,0.087
1330380004,1996,1330380,13,602,51,#,1.1,#,0.064
1330390001,1996,1330390,13,602,52,#,1,#,0.1
1330390002,1996,1330390,13,602,52,#,1,#,0.089
1330390003,1996,1330390,13,602,52,#,1,#,0.064
1330390004,1996,1330390,13,602,52,#,0.97,#,0.062
1330400001,1996,1330400,13,602,53,#,2.1,#,0.19
1330400002,1996,1330400,13,602,53,#,1.9,#,0.17
1330400003,1996,1330400,13,602,53,#,1.7,#,0.1
1330400004,1996,1330400,13,602,53,#,1.4,#,0.095
1330410001,1996,1330410,13,602,55,#,1.9,#,0.19
1330410002,1996,1330410,13,602,55,#,1.4,#,0.15
1330410003,1996,1330410,13,602,55,#,1.8,#,0.14
1330410004,1996,1330410,13,602,55,#,1.4,#,0.092
1330420001,1996,1330420,13,602,56,#,2.1,#,0.19
1330420002,1996,1330420,13,602,56,#,0.9,#,0.12
1330420003,1996,1330420,13,602,56,#,1.5,#,0.12
1330420004,1996,1330420,13,602,56,#,0.81,#,0.048
1330440001,1996,1330440,13,603,01,#,1.4,#,0.057
1330440002,1996,1330440,13,603,01,#,0.97,#,0.069
1330440004,1996,1330440,13,603,01,#,1.5,#,0.14
1330440005,1996,1330440,13,603,01,#,0.87,#,0.064
1330440007,1996,1330440,13,603,01,#,1.2,#,0.16
1330440008,1996,1330440,13,603,01,#,0.79,#,0.085
1330440010,1996,1330440,13,603,01,#,0.7,#,0.046
1330440011,1996,1330440,13,603,01,#,0.83,#,0.1
1330440012,1996,1330440,13,603,01,#,0.85,#,0.1
1330440013,1996,1330440,13,603,01,#,0.63,#,0.15
1330440015,1996,1330440,13,603,01,#,1.3,#,0.12
1330440016,1996,1330440,13,603,01,#,0.69,#,0.12
1330440017,1996,1330440,13,603,01,#,0.95,#,0.093
1330440018,1996,1330440,13,603,01,#,0.54,#,0.081
1330440020,1996,1330440,13,603,01,#,1.6,#,0.1
1330440021,1996,1330440,13,603,01,#,0.57,#,0.053
1330440023,1996,1330440,13,603,01,#,1.2,#,0.088
1330440024,1996,1330440,13,603,01,#,0.84,#,0.068
1330440026,1996,1330440,13,603,01,#,1.3,#,0.099
1330440027,1996,1330440,13,603,01,#,0.91,#,0.05
1330440028,1996,1330440,13,603,01,#,1.2,#,0.067
1330440029,1996,1330440,13,603,01,#,0.82,#,0.049
1330440031,1996,1330440,13,603,01,#,1.4,#,0.072
1330440032,1996,1330440,13,603,01,#,1,#,0.065
1330450001,1996,1330450,13,603,02,#,2.7,#,0.13
1330450002,1996,1330450,13,603,02,#,1,#,0.056
1330450004,1996,1330450,13,603,02,#,1.7,#,0.14
1330450005,1996,1330450,13,603,02,#,0.79,#,0.1
1330450007,1996,1330450,13,603,02,#,1.6,#,0.18
1330450008,1996,1330450,13,603,02,#,0.81,#,0.082
1330450010,1996,1330450,13,603,02,#,1.5,#,0.14
1330450011,1996,1330450,13,603,02,#,0.82,#,0.13
1330450012,1996,1330450,13,603,02,#,1.7,#,0.17
1330450013,1996,1330450,13,603,02,#,0.66,#,0.15
1330450015,1996,1330450,13,603,02,#,1.7,#,0.16
1330450016,1996,1330450,13,603,02,#,0.59,#,0.12
1330450017,1996,1330450,13,603,02,#,1.5,#,0.13
1330450018,1996,1330450,13,603,02,#,0.54,#,0.076
1330450020,1996,1330450,13,603,02,#,2.4,#,0.14
1330450021,1996,1330450,13,603,02,#,0.54,#,0.046
1330450023,1996,1330450,13,603,02,#,1.6,#,0.11
1330450024,1996,1330450,13,603,02,#,0.68,#,0.063
1330450026,1996,1330450,13,603,02,#,1.5,#,0.1
1330450027,1996,1330450,13,603,02,#,1,#,0.066
1330450028,1996,1330450,13,603,02,#,1.1,#,0.074
1330450029,1996,1330450,13,603,02,#,0.82,#,0.058
1330450031,1996,1330450,13,603,02,#,2.8,#,0.14
1330450032,1996,1330450,13,603,02,#,1.1,#,0.062
1330460001,1996,1330460,13,603,51,#,2.4,#,0.21
1330460002,1996,1330460,13,603,51,#,1.1,#,0.1
1330460003,1996,1330460,13,603,51,#,1.4,#,0.1
1330460004,1996,1330460,13,603,51,#,1,#,0.068
1330470001,1996,1330470,13,603,52,#,1.4,#,0.12
1330470002,1996,1330470,13,603,52,#,0.99,#,0.091
1330470003,1996,1330470,13,603,52,#,1.4,#,0.1
1330470004,1996,1330470,13,603,52,#,0.91,#,0.05
1330480001,1996,1330480,13,603,53,#,1.3,#,0.11
1330480002,1996,1330480,13,603,53,#,0.89,#,0.099
1330480003,1996,1330480,13,603,53,#,1.3,#,0.087
1330480004,1996,1330480,13,603,53,#,0.85,#,0.053
1330490001,1996,1330490,13,603,54,#,1.4,#,0.13
1330490002,1996,1330490,13,603,54,#,0.85,#,0.1
1330490003,1996,1330490,13,603,54,#,1.7,#,0.12
1330490004,1996,1330490,13,603,54,#,1,#,0.063
1330500001,1996,1330500,13,603,55,#,1.6,#,0.14
1330500002,1996,1330500,13,603,55,#,0.92,#,0.085
1330500003,1996,1330500,13,603,55,#,1.5,#,0.11
1330500004,1996,1330500,13,603,55,#,0.93,#,0.054
1330510001,1996,1330510,13,603,56,#,0.7,#,0.058
1330510002,1996,1330510,13,603,56,#,0.76,#,0.087
1330510003,1996,1330510,13,603,56,#,1.3,#,0.094
1330510004,1996,1330510,13,603,56,#,1.1,#,0.078
1330520001,1996,1330520,13,603,57,#,2.1,#,0.19
1330520002,1996,1330520,13,603,57,#,1,#,0.12
1330520003,1996,1330520,13,603,57,#,1.6,#,0.12
1330520004,1996,1330520,13,603,57,#,0.95,#,0.063
1330530001,1996,1330530,13,603,58,#,1.6,#,0.14
1330530002,1996,1330530,13,603,58,#,0.78,#,0.1
1330530003,1996,1330530,13,603,58,#,1.3,#,0.093
1330530004,1996,1330530,13,603,58,#,0.81,#,0.05
1330540001,1996,1330540,13,603,59,#,1.2,#,0.088
1330540002,1996,1330540,13,603,59,#,0.73,#,0.11
1330540003,1996,1330540,13,603,59,#,1.2,#,0.084
1330540004,1996,1330540,13,603,59,#,0.83,#,0.047
1330560001,1996,1330560,13,603,61,#,2,#,0.18
1330560002,1996,1330560,13,603,61,#,0.93,#,0.12
1330560003,1996,1330560,13,603,61,#,1.3,#,0.13
1330560004,1996,1330560,13,603,61,#,0.69,#,0.049
1330570001,1996,1330570,13,603,62,#,1.5,#,0.13
1330570002,1996,1330570,13,603,62,#,0.68,#,0.11
1330570003,1996,1330570,13,603,62,#,1.8,#,0.17
1330570004,1996,1330570,13,603,62,#,0.72,#,0.048
1330580001,1996,1330580,13,603,63,#,2.7,#,0.22
1330580002,1996,1330580,13,603,63,#,0.71,#,0.12
1330580003,1996,1330580,13,603,63,#,1.5,#,0.14
1330580004,1996,1330580,13,603,63,#,0.63,#,0.046
1330590001,1996,1330590,13,603,64,#,1.2,#,0.1
1330590002,1996,1330590,13,603,64,#,0.65,#,0.097
1330590003,1996,1330590,13,603,64,#,1.8,#,0.24
1330590004,1996,1330590,13,603,64,#,0.68,#,0.048
1330600001,1996,1330600,13,604,01,#,1,#,0.04
1330600002,1996,1330600,13,604,01,#,0.78,#,0.058
1330600004,1996,1330600,13,604,01,#,1.2,#,0.078
1330600005,1996,1330600,13,604,01,#,0.64,#,0.082
1330600007,1996,1330600,13,604,01,#,1.1,#,0.14
1330600008,1996,1330600,13,604,01,#,0.93,#,0.14
1330600010,1996,1330600,13,604,01,#,1,#,0.082
1330600011,1996,1330600,13,604,01,#,0.6,#,0.1
1330600012,1996,1330600,13,604,01,#,0.98,#,0.071
1330600013,1996,1330600,13,604,01,#,0.37,#,0.062
1330600015,1996,1330600,13,604,01,#,0.87,#,0.086
1330600016,1996,1330600,13,604,01,#,0.42,#,0.058
1330600017,1996,1330600,13,604,01,#,1,#,0.088
1330600018,1996,1330600,13,604,01,#,0.39,#,0.052
1330600020,1996,1330600,13,604,01,#,1.5,#,0.091
1330600021,1996,1330600,13,604,01,#,0.46,#,0.042
1330600023,1996,1330600,13,604,01,#,0.9,#,0.074
1330600024,1996,1330600,13,604,01,#,0.52,#,0.051
1330600026,1996,1330600,13,604,01,#,1.3,#,0.12
1330600027,1996,1330600,13,604,01,#,0.57,#,0.042
1330600028,1996,1330600,13,604,01,#,0.84,#,0.053
1330600029,1996,1330600,13,604,01,#,0.74,#,0.043
1330600031,1996,1330600,13,604,01,#,1,#,0.041
1330600032,1996,1330600,13,604,01,#,0.73,#,0.066
