レコードID,測定年度,絶対番号,都道府県コード,水域コード,地点コード,全窒素_C,全窒素(mg/l),全燐_C,全燐(mg/l)
1310010001,1992,1310010,13,001,01,#,3,#,0.18
1310010004,1992,1310010,13,001,01,#,2,#,0.13
1310010007,1992,1310010,13,001,01,#,2.9,#,0.34
1310010010,1992,1310010,13,001,01,#,2.7,#,0.12
1310010017,1992,1310010,13,001,01,#,2.9,#,0.18
1310010020,1992,1310010,13,001,01,#,2.4,#,0.17
1310010023,1992,1310010,13,001,01,#,3.3,#,0.17
1310010026,1992,1310010,13,001,01,#,3.3,#,0.12
1310010029,1992,1310010,13,001,01,#,3.5,#,0.12
1310010036,1992,1310010,13,001,01,#,3.2,#,0.14
1310010039,1992,1310010,13,001,01,#,3.3,#,0.16
1310010042,1992,1310010,13,001,01,#,2.6,#,0.15
1310020001,1992,1310020,13,001,51,#,3.3,#,0.11
1310020002,1992,1310020,13,001,51,#,2.8,#,0.12
1310020003,1992,1310020,13,001,51,#,3.1,#,0.12
1310020004,1992,1310020,13,001,51,#,3.4,#,0.092
1310020005,1992,1310020,13,001,51,#,3.6,#,0.12
1310020006,1992,1310020,13,001,51,#,2.5,#,0.12
1310020007,1992,1310020,13,001,51,#,3.6,#,0.14
1310020008,1992,1310020,13,001,51,#,3.8,#,0.1
1310020009,1992,1310020,13,001,51,#,4.2,#,0.1
1310020010,1992,1310020,13,001,51,#,4.1,#,0.13
1310020011,1992,1310020,13,001,51,#,4.4,#,0.18
1310020012,1992,1310020,13,001,51,#,3.4,#,0.1
1310030001,1992,1310030,13,002,01,#,2.6,#,0.17
1310030004,1992,1310030,13,002,01,#,2.1,#,0.11
1310030007,1992,1310030,13,002,01,#,2.3,#,0.14
1310030010,1992,1310030,13,002,01,#,2.8,#,0.14
1310030017,1992,1310030,13,002,01,#,2.9,#,0.15
1310030020,1992,1310030,13,002,01,#,2.5,#,0.19
1310030023,1992,1310030,13,002,01,#,3.3,#,0.18
1310030026,1992,1310030,13,002,01,#,3.4,#,0.13
1310030029,1992,1310030,13,002,01,#,3.9,#,0.16
1310030036,1992,1310030,13,002,01,#,3.4,#,0.16
1310030039,1992,1310030,13,002,01,#,4.1,#,0.21
1310030042,1992,1310030,13,002,01,#,3,#,0.18
1310040001,1992,1310040,13,002,51,#,2.7,#,0.16
1310040003,1992,1310040,13,002,51,#,2,#,0.12
1310040005,1992,1310040,13,002,51,#,2.5,#,0.18
1310040007,1992,1310040,13,002,51,#,2.8,#,0.12
1310040009,1992,1310040,13,002,51,#,2.9,#,0.15
1310040011,1992,1310040,13,002,51,#,2.4,#,0.18
1310040013,1992,1310040,13,002,51,#,3.2,#,0.18
1310040015,1992,1310040,13,002,51,#,3.5,#,0.14
1310040017,1992,1310040,13,002,51,#,4,#,0.16
1310040019,1992,1310040,13,002,51,#,3.7,#,0.17
1310040021,1992,1310040,13,002,51,#,4.2,#,0.21
1310040023,1992,1310040,13,002,51,#,3.2,#,0.17
1310060001,1992,1310060,13,003,01,#,3,#,0.13
1310060005,1992,1310060,13,003,01,#,3.6,#,0.18
1310060009,1992,1310060,13,003,01,#,3.6,#,0.15
1310060013,1992,1310060,13,003,01,#,2.7,#,0.085
1310060017,1992,1310060,13,003,01,#,3.3,#,0.16
1310060021,1992,1310060,13,003,01,#,3.6,#,0.16
1310060025,1992,1310060,13,003,01,#,4.1,#,0.19
1310060029,1992,1310060,13,003,01,#,4.7,#,0.19
1310060033,1992,1310060,13,003,01,#,5.4,#,0.27
1310060037,1992,1310060,13,003,01,#,4,#,0.15
1310060041,1992,1310060,13,003,01,#,5.5,#,0.21
1310060045,1992,1310060,13,003,01,#,4.7,#,0.16
1310090002,1992,1310090,13,004,01,#,5.8,#,0.57
1310090005,1992,1310090,13,004,01,#,3.1,#,0.27
1310090008,1992,1310090,13,004,01,#,2.9,#,0.29
1310090011,1992,1310090,13,004,01,#,3.1,#,0.22
1310090018,1992,1310090,13,004,01,#,2.8,#,0.24
1310090021,1992,1310090,13,004,01,#,3.9,#,0.24
1310090024,1992,1310090,13,004,01,#,3.9,#,0.23
1310090027,1992,1310090,13,004,01,#,5.8,#,0.28
1310090030,1992,1310090,13,004,01,#,5.7,#,0.51
1310090033,1992,1310090,13,004,01,#,7.1,#,0.59
1310090040,1992,1310090,13,004,01,#,8.2,#,0.45
1310090043,1992,1310090,13,004,01,#,8.7,#,0.4
1310100001,1992,1310100,13,004,02,#,4,#,0.21
1310100005,1992,1310100,13,004,02,#,3.6,#,0.23
1310100009,1992,1310100,13,004,02,#,3.5,#,0.36
1310100013,1992,1310100,13,004,02,#,2.7,#,0.2
1310100017,1992,1310100,13,004,02,#,2.6,#,0.17
1310100021,1992,1310100,13,004,02,#,3.8,#,0.22
1310100025,1992,1310100,13,004,02,#,3.6,#,0.18
1310100029,1992,1310100,13,004,02,#,4.7,#,0.23
1310100033,1992,1310100,13,004,02,#,2.8,#,0.12
1310100037,1992,1310100,13,004,02,#,2.3,#,0.14
1310100041,1992,1310100,13,004,02,#,5.7,#,0.3
1310100045,1992,1310100,13,004,02,#,5.6,#,0.28
1310110002,1992,1310110,13,004,51,#,6,#,0.69
1310110004,1992,1310110,13,004,51,#,2.9,#,0.26
1310110006,1992,1310110,13,004,51,#,3,#,0.34
1310110008,1992,1310110,13,004,51,#,2.9,#,0.25
1310110010,1992,1310110,13,004,51,#,2.7,#,0.25
1310110012,1992,1310110,13,004,51,#,3.8,#,0.27
1310110014,1992,1310110,13,004,51,#,4.2,#,0.37
1310110016,1992,1310110,13,004,51,#,6,#,0.33
1310110018,1992,1310110,13,004,51,#,6,#,0.55
1310110020,1992,1310110,13,004,51,#,7,#,0.6
1310110022,1992,1310110,13,004,51,#,8,#,0.43
1310110024,1992,1310110,13,004,51,#,9.1,#,0.48
1310140002,1992,1310140,13,005,01,#,9,#,0.73
1310140004,1992,1310140,13,005,01,#,4.2,#,0.34
1310140006,1992,1310140,13,005,01,#,4.8,#,0.49
1310140008,1992,1310140,13,005,01,#,4.9,#,0.5
1310140021,1992,1310140,13,005,01,#,4.3,#,0.54
1310140023,1992,1310140,13,005,01,#,8,#,0.95
1310140025,1992,1310140,13,005,01,#,5,#,0.7
1310140027,1992,1310140,13,005,01,#,8.3,#,0.85
1310140029,1992,1310140,13,005,01,#,6.1,#,0.67
1310140031,1992,1310140,13,005,01,#,7.2,#,0.66
1310140044,1992,1310140,13,005,01,#,12,#,1.1
1310140046,1992,1310140,13,005,01,#,11,#,1
1310160001,1992,1310160,13,005,52,#,6.6,#,0.53
1310160003,1992,1310160,13,005,52,#,5.1,#,0.4
1310160005,1992,1310160,13,005,52,#,4.4,#,0.31
1310160007,1992,1310160,13,005,52,#,3.5,#,0.52
1310160009,1992,1310160,13,005,52,#,3.3,#,0.2
1310160012,1992,1310160,13,005,52,#,4.5,#,0.73
1310160013,1992,1310160,13,005,52,#,5.2,#,0.26
1310160015,1992,1310160,13,005,52,#,7,#,0.48
1310160018,1992,1310160,13,005,52,#,6.7,#,0.24
1310160020,1992,1310160,13,005,52,#,9.4,#,0.66
1310160022,1992,1310160,13,005,52,#,8.4,#,0.7
1310160023,1992,1310160,13,005,52,#,8.9,#,0.55
1310180001,1992,1310180,13,006,01,#,6,#,0.37
1310180004,1992,1310180,13,006,01,#,5.8,#,0.33
1310180007,1992,1310180,13,006,01,#,3,#,0.21
1310180010,1992,1310180,13,006,01,#,5.1,#,0.3
1310180013,1992,1310180,13,006,01,#,3.9,#,0.24
1310180021,1992,1310180,13,006,01,#,7.4,#,0.46
1310180024,1992,1310180,13,006,01,#,4.9,#,0.2
1310180027,1992,1310180,13,006,01,#,7.4,#,0.4
1310180030,1992,1310180,13,006,01,#,6.9,#,0.49
1310180033,1992,1310180,13,006,01,#,11,#,1.1
1310180036,1992,1310180,13,006,01,#,10,#,0.65
1310180044,1992,1310180,13,006,01,#,10,#,0.77
1310190001,1992,1310190,13,006,02,#,3.8,#,0.23
1310190004,1992,1310190,13,006,02,#,4.3,#,0.27
1310190007,1992,1310190,13,006,02,#,2.6,#,0.17
1310190010,1992,1310190,13,006,02,#,3.3,#,0.19
1310190013,1992,1310190,13,006,02,#,3.1,#,0.21
1310190021,1992,1310190,13,006,02,#,1.8,#,0.15
1310190024,1992,1310190,13,006,02,#,4.2,#,0.24
1310190027,1992,1310190,13,006,02,#,5.3,#,0.28
1310190030,1992,1310190,13,006,02,#,2.7,#,0.15
1310190033,1992,1310190,13,006,02,#,7.4,#,0.45
1310190036,1992,1310190,13,006,02,#,7.2,#,0.34
1310190044,1992,1310190,13,006,02,#,3.4,#,0.23
1310200001,1992,1310200,13,006,51,#,5.6,#,0.25
1310200003,1992,1310200,13,006,51,#,5.4,#,0.28
1310200005,1992,1310200,13,006,51,#,2.5,#,0.18
1310200007,1992,1310200,13,006,51,#,3.6,#,0.19
1310200009,1992,1310200,13,006,51,#,4,#,0.31
1310200011,1992,1310200,13,006,51,#,9.2,#,0.54
1310200013,1992,1310200,13,006,51,#,4,#,0.15
1310200015,1992,1310200,13,006,51,#,5.8,#,0.28
1310200017,1992,1310200,13,006,51,#,7.4,#,0.4
1310200019,1992,1310200,13,006,51,#,6.4,#,0.37
1310200021,1992,1310200,13,006,51,#,9.9,#,0.51
1310200023,1992,1310200,13,006,51,#,9.1,#,0.54
1310210001,1992,1310210,13,006,52,#,7,#,0.41
1310210003,1992,1310210,13,006,52,#,6.7,#,0.42
1310210005,1992,1310210,13,006,52,#,2.7,#,0.25
1310210007,1992,1310210,13,006,52,#,5.1,#,0.34
1310210009,1992,1310210,13,006,52,#,4.1,#,0.29
1310210011,1992,1310210,13,006,52,#,9.4,#,0.65
1310210013,1992,1310210,13,006,52,#,4.3,#,0.2
1310210015,1992,1310210,13,006,52,#,8.7,#,0.53
1310210017,1992,1310210,13,006,52,#,7.4,#,0.43
1310210019,1992,1310210,13,006,52,#,8.4,#,0.52
1310210021,1992,1310210,13,006,52,#,11,#,0.63
1310210023,1992,1310210,13,006,52,#,9.5,#,0.69
1310220001,1992,1310220,13,006,53,#,3.3,#,0.2
1310220003,1992,1310220,13,006,53,#,4.6,#,0.27
1310220005,1992,1310220,13,006,53,#,1.9,#,0.17
1310220007,1992,1310220,13,006,53,#,2.8,#,0.19
1310220009,1992,1310220,13,006,53,#,3.3,#,0.21
1310220011,1992,1310220,13,006,53,#,1.6,#,0.18
1310220013,1992,1310220,13,006,53,#,4,#,0.24
1310220015,1992,1310220,13,006,53,#,5,#,0.28
1310220017,1992,1310220,13,006,53,#,4.8,#,0.29
1310220019,1992,1310220,13,006,53,#,9.7,#,0.72
1310220021,1992,1310220,13,006,53,#,5.2,#,0.28
1310220023,1992,1310220,13,006,53,#,3.5,#,0.23
1310230001,1992,1310230,13,007,01,#,10,#,0.61
1310230005,1992,1310230,13,007,01,#,7.3,#,0.55
1310230009,1992,1310230,13,007,01,#,7.6,#,0.5
1310230013,1992,1310230,13,007,01,#,9.2,#,0.65
1310230017,1992,1310230,13,007,01,#,5.9,#,0.43
1310230021,1992,1310230,13,007,01,#,6.6,#,0.41
1310230025,1992,1310230,13,007,01,#,7.6,#,0.39
1310230029,1992,1310230,13,007,01,#,8.7,#,0.44
1310230033,1992,1310230,13,007,01,#,7.5,#,0.24
1310230037,1992,1310230,13,007,01,#,5.6,#,0.29
1310230041,1992,1310230,13,007,01,#,8.2,#,0.44
1310230045,1992,1310230,13,007,01,#,9.7,#,0.61
1310240001,1992,1310240,13,007,02,#,9.8,#,0.56
1310240005,1992,1310240,13,007,02,#,11,#,0.86
1310240009,1992,1310240,13,007,02,#,9.6,#,0.53
1310240013,1992,1310240,13,007,02,#,10,#,0.51
1310240017,1992,1310240,13,007,02,#,9.9,#,0.56
1310240021,1992,1310240,13,007,02,#,13,#,1
1310240025,1992,1310240,13,007,02,#,9,#,0.44
1310240029,1992,1310240,13,007,02,#,12,#,0.7
1310240033,1992,1310240,13,007,02,#,8.4,#,0.28
1310240037,1992,1310240,13,007,02,#,15,#,0.98
1310240041,1992,1310240,13,007,02,#,13,#,0.8
1310240045,1992,1310240,13,007,02,#,15,#,1.1
1310250001,1992,1310250,13,007,51,#,7.4,#,0.42
1310250003,1992,1310250,13,007,51,#,10,#,0.57
1310250005,1992,1310250,13,007,51,#,2.9,#,0.28
1310250007,1992,1310250,13,007,51,#,8,#,0.5
1310250009,1992,1310250,13,007,51,#,7.5,#,0.69
1310250011,1992,1310250,13,007,51,#,10,#,0.66
1310250013,1992,1310250,13,007,51,#,8.4,#,0.48
1310250015,1992,1310250,13,007,51,#,10,#,0.63
1310250017,1992,1310250,13,007,51,#,10,#,0.58
1310250019,1992,1310250,13,007,51,#,7.9,#,0.43
1310250021,1992,1310250,13,007,51,#,13,#,0.74
1310250023,1992,1310250,13,007,51,#,10,#,0.62
1310260001,1992,1310260,13,007,53,#,10,#,0.68
1310260003,1992,1310260,13,007,53,#,8.5,#,0.65
1310260005,1992,1310260,13,007,53,#,8.9,#,0.59
1310260007,1992,1310260,13,007,53,#,12,#,0.68
1310260009,1992,1310260,13,007,53,#,7.7,#,0.53
1310260011,1992,1310260,13,007,53,#,9.8,#,0.62
1310260013,1992,1310260,13,007,53,#,8.9,#,0.47
1310260015,1992,1310260,13,007,53,#,11,#,0.61
1310260017,1992,1310260,13,007,53,#,7.2,#,0.26
1310260019,1992,1310260,13,007,53,#,8.6,#,0.46
1310260021,1992,1310260,13,007,53,#,10,#,0.63
1310260023,1992,1310260,13,007,53,#,13,#,1
1310290001,1992,1310290,13,008,01,#,13,#,1.2
1310290003,1992,1310290,13,008,01,#,7.2,#,0.65
1310290005,1992,1310290,13,008,01,#,3.8,#,0.27
1310290007,1992,1310290,13,008,01,#,9.4,#,0.26
1310290009,1992,1310290,13,008,01,#,6.1,#,0.59
1310290011,1992,1310290,13,008,01,#,7.2,#,0.69
1310290013,1992,1310290,13,008,01,#,4.9,#,0.31
1310290015,1992,1310290,13,008,01,#,4.4,#,0.24
1310290017,1992,1310290,13,008,01,#,6.7,#,0.31
1310290019,1992,1310290,13,008,01,#,6.8,#,0.46
1310290021,1992,1310290,13,008,01,#,4.4,#,0.24
1310290023,1992,1310290,13,008,01,#,4.4,#,0.32
1310300001,1992,1310300,13,009,01,#,4.5,#,0.43
1310300003,1992,1310300,13,009,01,#,3.3,#,0.3
1310300005,1992,1310300,13,009,01,#,2.8,#,0.16
1310300007,1992,1310300,13,009,01,#,5.6,#,0.21
1310300009,1992,1310300,13,009,01,#,5.2,#,0.46
1310300022,1992,1310300,13,009,01,#,4.1,#,0.2
1310300024,1992,1310300,13,009,01,#,4.5,#,0.34
1310300026,1992,1310300,13,009,01,#,10,#,0.35
1310300028,1992,1310300,13,009,01,#,5.3,#,0.13
1310300030,1992,1310300,13,009,01,#,4.4,#,0.24
1310300032,1992,1310300,13,009,01,#,4.4,#,0.42
1310300045,1992,1310300,13,009,01,#,4.9,#,0.31
1310310001,1992,1310310,13,010,01,#,4.4,#,0.28
1310310002,1992,1310310,13,010,01,#,2.3,#,0.29
1310310003,1992,1310310,13,010,01,#,3.7,#,0.32
1310310004,1992,1310310,13,010,01,#,6.1,#,0.37
1310310005,1992,1310310,13,010,01,#,5.5,#,0.67
1310310006,1992,1310310,13,010,01,#,3.9,#,0.26
1310310007,1992,1310310,13,010,01,#,2.8,#,0.33
1310310008,1992,1310310,13,010,01,#,5,#,0.28
1310310009,1992,1310310,13,010,01,#,2.7,#,0.24
1310310010,1992,1310310,13,010,01,#,5.4,#,0.35
1310310011,1992,1310310,13,010,01,#,3.7,#,0.24
1310310012,1992,1310310,13,010,01,#,4.6,#,0.24
1310320001,1992,1310320,13,011,01,#,4.7,#,0.44
1310320003,1992,1310320,13,011,01,#,2.6,#,0.39
1310320005,1992,1310320,13,011,01,#,4.9,#,0.47
1310320007,1992,1310320,13,011,01,#,4.9,#,0.62
1310320009,1992,1310320,13,011,01,#,7.5,#,0.54
1310320011,1992,1310320,13,011,01,#,4.9,#,0.55
1310320013,1992,1310320,13,011,01,#,3.2,#,0.39
1310320015,1992,1310320,13,011,01,#,6.3,#,0.34
1310320018,1992,1310320,13,011,01,#,3.9,#,0.25
1310320019,1992,1310320,13,011,01,#,5.7,#,0.4
1310320021,1992,1310320,13,011,01,#,4.8,#,0.33
1310320023,1992,1310320,13,011,01,#,9,#,0.42
1310330001,1992,1310330,13,012,01,#,5.1,#,0.61
1310330003,1992,1310330,13,012,01,#,3.9,#,0.53
1310330005,1992,1310330,13,012,01,#,3.9,#,0.41
1310330007,1992,1310330,13,012,01,#,4.3,#,0.61
1310330009,1992,1310330,13,012,01,#,6.3,#,0.47
1310330011,1992,1310330,13,012,01,#,5.2,#,0.5
1310330013,1992,1310330,13,012,01,#,3.9,#,0.49
1310330015,1992,1310330,13,012,01,#,6.7,#,0.45
1310330018,1992,1310330,13,012,01,#,3.6,#,0.36
1310330019,1992,1310330,13,012,01,#,6.1,#,0.46
1310330021,1992,1310330,13,012,01,#,4.8,#,0.42
1310330023,1992,1310330,13,012,01,#,7.8,#,0.51
1310340001,1992,1310340,13,013,01,#,0.56,#,0.011
1310340005,1992,1310340,13,013,01,#,0.41,#,0.009
1310340009,1992,1310340,13,013,01,#,0.54,#,0.011
1310340013,1992,1310340,13,013,01,#,0.58,#,0.012
1310340017,1992,1310340,13,013,01,#,0.48,#,0.026
1310340021,1992,1310340,13,013,01,#,0.46,#,0.01
1310340025,1992,1310340,13,013,01,#,0.91,#,0.015
1310340029,1992,1310340,13,013,01,#,0.5,#,0.01
1310340033,1992,1310340,13,013,01,#,0.51,#,0.009
1310340037,1992,1310340,13,013,01,#,0.53,#,0.008
1310340041,1992,1310340,13,013,01,#,0.57,#,0.011
1310340045,1992,1310340,13,013,01,#,0.49,#,0.009
1310370001,1992,1310370,13,014,01,#,1.2,#,0.022
1310370005,1992,1310370,13,014,01,#,1.8,#,0.03
1310370009,1992,1310370,13,014,01,#,1.4,#,0.08
1310370013,1992,1310370,13,014,01,#,1.7,#,0.022
1310370017,1992,1310370,13,014,01,#,0.87,#,0.053
1310370025,1992,1310370,13,014,01,#,0.83,#,0.088
1310370029,1992,1310370,13,014,01,#,1.6,#,0.072
1310370033,1992,1310370,13,014,01,#,1.7,#,0.065
1310370037,1992,1310370,13,014,01,#,1.3,#,0.048
1310370041,1992,1310370,13,014,01,#,1.3,#,0.056
1310370045,1992,1310370,13,014,01,#,1.6,#,0.081
1310370053,1992,1310370,13,014,01,#,1.2,#,0.047
1310380001,1992,1310380,13,014,51,#,0.91,#,0.01
1310380003,1992,1310380,13,014,51,#,0.46,#,0.012
1310380005,1992,1310380,13,014,51,#,0.53,#,0.058
1310380007,1992,1310380,13,014,51,#,0.71,#,0.01
1310380009,1992,1310380,13,014,51,#,0.5,#,0.034
1310380011,1992,1310380,13,014,51,#,0.4,#,0.03
1310380013,1992,1310380,13,014,51,#,0.86,#,0.039
1310380015,1992,1310380,13,014,51,#,0.75,#,0.016
1310380017,1992,1310380,13,014,51,#,0.65,#,0.007
1310380019,1992,1310380,13,014,51,#,0.69,#,0.014
1310380021,1992,1310380,13,014,51,#,0.79,#,0.012
1310380023,1992,1310380,13,014,51,#,0.49,#,0.007
1310390001,1992,1310390,13,014,52,#,0.57,#,0.014
1310390002,1992,1310390,13,014,52,#,0.4,#,0.007
1310390003,1992,1310390,13,014,52,#,0.56,#,0.012
1310390004,1992,1310390,13,014,52,#,0.54,#,0.012
1310390005,1992,1310390,13,014,52,#,0.5,#,0.029
1310390006,1992,1310390,13,014,52,#,0.49,#,0.009
1310390007,1992,1310390,13,014,52,#,1,#,0.017
1310390008,1992,1310390,13,014,52,#,0.55,#,0.012
1310390009,1992,1310390,13,014,52,#,0.6,#,0.009
1310390010,1992,1310390,13,014,52,#,0.53,#,0.01
1310390011,1992,1310390,13,014,52,#,0.65,#,0.011
1310390012,1992,1310390,13,014,52,#,0.52,#,0.009
1310400001,1992,1310400,13,014,53,#,0.77,#,0.026
1310400002,1992,1310400,13,014,53,#,1.9,#,0.037
1310400003,1992,1310400,13,014,53,#,1.3,#,0.04
1310400004,1992,1310400,13,014,53,#,1.6,#,0.025
1310400005,1992,1310400,13,014,53,#,0.5,#,0.032
1310400006,1992,1310400,13,014,53,#,0.91,#,0.053
1310400007,1992,1310400,13,014,53,#,2,#,0.061
1310400008,1992,1310400,13,014,53,#,1.6,#,0.039
1310400009,1992,1310400,13,014,53,#,1.2,#,0.035
1310400010,1992,1310400,13,014,53,#,1,#,0.028
1310400011,1992,1310400,13,014,53,#,1.4,#,0.042
1310400012,1992,1310400,13,014,53,#,1.1,#,0.039
1310410001,1992,1310410,13,015,01,#,2.8,#,0.26
1310410005,1992,1310410,13,015,01,#,6.3,#,0.55
1310410009,1992,1310410,13,015,01,#,7.2,#,0.66
1310410013,1992,1310410,13,015,01,#,3.9,#,0.37
1310410017,1992,1310410,13,015,01,#,3.5,#,0.25
1310410021,1992,1310410,13,015,01,#,7.5,#,0.61
1310410025,1992,1310410,13,015,01,#,2.9,#,0.25
1310410029,1992,1310410,13,015,01,#,5.6,#,0.5
1310410033,1992,1310410,13,015,01,#,7.4,#,0.57
1310410037,1992,1310410,13,015,01,#,6.5,#,0.48
1310410041,1992,1310410,13,015,01,#,7.5,#,0.48
1310410045,1992,1310410,13,015,01,#,8.9,#,0.89
1310420001,1992,1310420,13,015,02,#,3.3,#,0.22
1310420005,1992,1310420,13,015,02,#,4.1,#,0.35
1310420009,1992,1310420,13,015,02,#,6.5,#,0.48
1310420013,1992,1310420,13,015,02,#,4.3,#,0.31
1310420017,1992,1310420,13,015,02,#,3.1,#,0.2
1310420025,1992,1310420,13,015,02,#,5.2,#,0.34
1310420029,1992,1310420,13,015,02,#,4,#,0.32
1310420033,1992,1310420,13,015,02,#,5.9,#,0.54
1310420037,1992,1310420,13,015,02,#,6,#,0.37
1310420041,1992,1310420,13,015,02,#,7.9,#,0.55
1310420045,1992,1310420,13,015,02,#,7.1,#,0.41
1310420053,1992,1310420,13,015,02,#,6.3,#,0.44
1310430001,1992,1310430,13,015,51,#,1.8,#,0.18
1310430005,1992,1310430,13,015,51,#,4.9,#,0.32
1310430009,1992,1310430,13,015,51,#,3.2,#,0.29
1310430013,1992,1310430,13,015,51,#,2.6,#,0.25
1310430017,1992,1310430,13,015,51,#,1.4,#,0.094
1310430021,1992,1310430,13,015,51,#,2.8,#,0.28
1310430025,1992,1310430,13,015,51,#,2,#,0.22
1310430029,1992,1310430,13,015,51,#,3.1,#,0.19
1310430033,1992,1310430,13,015,51,#,3.3,#,0.2
1310430037,1992,1310430,13,015,51,#,4.1,#,0.24
1310430041,1992,1310430,13,015,51,#,3.8,#,0.23
1310430045,1992,1310430,13,015,51,#,4,#,0.37
1310440001,1992,1310440,13,015,52,#,2.2,#,0.23
1310440005,1992,1310440,13,015,52,#,4.8,#,0.4
1310440009,1992,1310440,13,015,52,#,5.4,#,0.39
1310440013,1992,1310440,13,015,52,#,3.2,#,0.22
1310440017,1992,1310440,13,015,52,#,2.2,#,0.12
1310440021,1992,1310440,13,015,52,#,3.6,#,0.25
1310440025,1992,1310440,13,015,52,#,2.5,#,0.19
1310440029,1992,1310440,13,015,52,#,4.1,#,0.32
1310440033,1992,1310440,13,015,52,#,5,#,0.33
1310440037,1992,1310440,13,015,52,#,6.5,#,0.38
1310440041,1992,1310440,13,015,52,#,5.9,#,0.31
1310440045,1992,1310440,13,015,52,#,5.2,#,0.41
1310450001,1992,1310450,13,015,53,#,3.8,#,0.23
1310450003,1992,1310450,13,015,53,#,4.5,#,0.47
1310450005,1992,1310450,13,015,53,#,7,#,0.58
1310450007,1992,1310450,13,015,53,#,3.7,#,0.29
1310450009,1992,1310450,13,015,53,#,3.2,#,0.17
1310450011,1992,1310450,13,015,53,#,6.6,#,0.37
1310450013,1992,1310450,13,015,53,#,3.8,#,0.32
1310450015,1992,1310450,13,015,53,#,4.6,#,0.35
1310450017,1992,1310450,13,015,53,#,6.2,#,0.47
1310450019,1992,1310450,13,015,53,#,8.1,#,0.57
1310450021,1992,1310450,13,015,53,#,7.4,#,0.41
1310450023,1992,1310450,13,015,53,#,7,#,0.53
1310460001,1992,1310460,13,015,54,#,2.6,#,0.19
1310460005,1992,1310460,13,015,54,#,5.1,#,0.42
1310460009,1992,1310460,13,015,54,#,6.1,#,0.35
1310460013,1992,1310460,13,015,54,#,4,#,0.35
1310460017,1992,1310460,13,015,54,#,2.6,#,0.18
1310460021,1992,1310460,13,015,54,#,5,#,0.39
1310460025,1992,1310460,13,015,54,#,2.7,#,0.26
1310460029,1992,1310460,13,015,54,#,5.5,#,0.45
1310460033,1992,1310460,13,015,54,#,6,#,0.69
1310460037,1992,1310460,13,015,54,#,7.9,#,0.63
1310460041,1992,1310460,13,015,54,#,7.4,#,0.44
1310460045,1992,1310460,13,015,54,#,6.3,#,0.54
1310470001,1992,1310470,13,015,55,#,3.6,#,0.23
1310470002,1992,1310470,13,015,55,#,6.2,#,0.47
1310470003,1992,1310470,13,015,55,#,5.5,#,0.38
1310470004,1992,1310470,13,015,55,#,4.5,#,0.35
1310470005,1992,1310470,13,015,55,#,2.8,#,0.25
1310470006,1992,1310470,13,015,55,#,4.4,#,0.37
1310470007,1992,1310470,13,015,55,#,3.7,#,0.27
1310470008,1992,1310470,13,015,55,#,5.1,#,0.29
1310470009,1992,1310470,13,015,55,#,5.3,#,0.44
1310470010,1992,1310470,13,015,55,#,7.2,#,0.56
1310470011,1992,1310470,13,015,55,#,6.8,#,0.42
1310470012,1992,1310470,13,015,55,#,6.3,#,0.51
1310480001,1992,1310480,13,015,56,#,3.4,#,0.25
1310480005,1992,1310480,13,015,56,#,4.5,#,0.34
1310480009,1992,1310480,13,015,56,#,6.6,#,0.31
1310480013,1992,1310480,13,015,56,#,5,#,0.32
1310480017,1992,1310480,13,015,56,#,2.6,#,0.19
1310480021,1992,1310480,13,015,56,#,6.5,#,0.36
1310480025,1992,1310480,13,015,56,#,3.6,#,0.32
1310480029,1992,1310480,13,015,56,#,5.9,#,0.62
1310480033,1992,1310480,13,015,56,#,6.7,#,0.37
1310480037,1992,1310480,13,015,56,#,8.6,#,0.6
1310480041,1992,1310480,13,015,56,#,8.1,#,0.41
1310480045,1992,1310480,13,015,56,#,6.1,#,0.45
1310490001,1992,1310490,13,015,57,#,4,#,0.26
1310490002,1992,1310490,13,015,57,#,6.3,#,0.46
1310490003,1992,1310490,13,015,57,#,5.4,#,0.39
1310490004,1992,1310490,13,015,57,#,4.5,#,0.33
1310490005,1992,1310490,13,015,57,#,2.8,#,0.23
1310490006,1992,1310490,13,015,57,#,4.6,#,0.35
1310490007,1992,1310490,13,015,57,#,3.7,#,0.26
1310490008,1992,1310490,13,015,57,#,5.2,#,0.28
1310490009,1992,1310490,13,015,57,#,6.1,#,0.48
1310490010,1992,1310490,13,015,57,#,7.4,#,0.51
1310490011,1992,1310490,13,015,57,#,6.7,#,0.38
1310490012,1992,1310490,13,015,57,#,6.3,#,0.46
1310530001,1992,1310530,13,016,01,#,2.9,#,0.23
1310530005,1992,1310530,13,016,01,#,4.3,#,0.35
1310530009,1992,1310530,13,016,01,#,5.3,#,0.55
1310530013,1992,1310530,13,016,01,#,4.1,#,0.39
1310530017,1992,1310530,13,016,01,#,2.8,#,0.19
1310530021,1992,1310530,13,016,01,#,4,#,0.34
1310530025,1992,1310530,13,016,01,#,2.4,#,0.37
1310530029,1992,1310530,13,016,01,#,5.6,#,0.4
1310530033,1992,1310530,13,016,01,#,4.6,#,0.3
1310530037,1992,1310530,13,016,01,#,4.4,#,0.34
1310530041,1992,1310530,13,016,01,#,5.4,#,0.28
1310530045,1992,1310530,13,016,01,#,5.5,#,0.56
1310540001,1992,1310540,13,016,51,#,3.1,#,0.22
1310540005,1992,1310540,13,016,51,#,4.4,#,0.39
1310540009,1992,1310540,13,016,51,#,5.2,#,0.38
1310540013,1992,1310540,13,016,51,#,3.8,#,0.33
1310540017,1992,1310540,13,016,51,#,3,#,0.17
1310540021,1992,1310540,13,016,51,#,4.2,#,0.35
1310540025,1992,1310540,13,016,51,#,2.3,#,0.33
1310540029,1992,1310540,13,016,51,#,5.7,#,0.42
1310540033,1992,1310540,13,016,51,#,4.8,#,0.35
1310540037,1992,1310540,13,016,51,#,6.7,#,0.4
1310540041,1992,1310540,13,016,51,#,6.8,#,0.4
1310540045,1992,1310540,13,016,51,#,5.2,#,0.54
1310550001,1992,1310550,13,017,01,#,12,#,0.79
1310550005,1992,1310550,13,017,01,#,12,#,0.99
1310550009,1992,1310550,13,017,01,#,9.3,#,0.65
1310550013,1992,1310550,13,017,01,#,10,#,0.61
1310550017,1992,1310550,13,017,01,#,9,#,0.38
1310550021,1992,1310550,13,017,01,#,12,#,0.87
1310550025,1992,1310550,13,017,01,#,8.7,#,0.38
1310550029,1992,1310550,13,017,01,#,9.9,#,0.47
1310550033,1992,1310550,13,017,01,#,11,#,0.28
1310550037,1992,1310550,13,017,01,#,14,#,0.89
1310550041,1992,1310550,13,017,01,#,13,#,0.93
1310550045,1992,1310550,13,017,01,#,13,#,0.84
1310560001,1992,1310560,13,017,51,#,8.4,#,0.51
1310560003,1992,1310560,13,017,51,#,7.9,#,0.56
1310560005,1992,1310560,13,017,51,#,6.8,#,0.39
1310560007,1992,1310560,13,017,51,#,6.7,#,0.35
1310560009,1992,1310560,13,017,51,#,6.9,#,0.32
1310560011,1992,1310560,13,017,51,#,11,#,0.84
1310560013,1992,1310560,13,017,51,#,6.7,#,0.42
1310560015,1992,1310560,13,017,51,#,8.7,#,0.35
1310560017,1992,1310560,13,017,51,#,11,#,0.37
1310560019,1992,1310560,13,017,51,#,11,#,0.76
1310560021,1992,1310560,13,017,51,#,10,#,0.49
1310560023,1992,1310560,13,017,51,#,10,#,0.51
1310570001,1992,1310570,13,017,52,#,11,#,0.62
1310570003,1992,1310570,13,017,52,#,10,#,0.78
1310570005,1992,1310570,13,017,52,#,9.1,#,0.5
1310570007,1992,1310570,13,017,52,#,8.1,#,0.43
1310570009,1992,1310570,13,017,52,#,9.8,#,0.34
1310570011,1992,1310570,13,017,52,#,15,#,1.5
1310570013,1992,1310570,13,017,52,#,8.4,#,0.38
1310570015,1992,1310570,13,017,52,#,10,#,0.41
1310570017,1992,1310570,13,017,52,#,12,#,0.58
1310570019,1992,1310570,13,017,52,#,14,#,0.94
1310570021,1992,1310570,13,017,52,#,13,#,0.58
1310570023,1992,1310570,13,017,52,#,14,#,0.81
1310580001,1992,1310580,13,018,01,#,11,#,0.26
1310580003,1992,1310580,13,018,01,#,8.6,#,0.34
1310580005,1992,1310580,13,018,01,#,8.9,#,0.25
1310580007,1992,1310580,13,018,01,#,7.5,#,0.13
1310580009,1992,1310580,13,018,01,#,7,#,0.31
1310580011,1992,1310580,13,018,01,#,11,#,0.84
1310580013,1992,1310580,13,018,01,#,10,#,0.17
1310580015,1992,1310580,13,018,01,#,9.6,#,0.22
1310580017,1992,1310580,13,018,01,#,10,#,0.078
1310580019,1992,1310580,13,018,01,#,10,#,0.72
1310580021,1992,1310580,13,018,01,#,10,#,0.44
1310580023,1992,1310580,13,018,01,#,10,#,0.42
1310600001,1992,1310600,13,019,01,#,8.7,#,0.24
1310600003,1992,1310600,13,019,01,#,9.7,#,0.44
1310600005,1992,1310600,13,019,01,#,7.4,#,0.18
1310600007,1992,1310600,13,019,01,#,7.8,#,0.49
1310600009,1992,1310600,13,019,01,#,9.2,#,0.35
1310600022,1992,1310600,13,019,01,#,12,#,0.96
1310600024,1992,1310600,13,019,01,#,8.3,#,0.24
1310600026,1992,1310600,13,019,01,#,10,#,0.43
1310600028,1992,1310600,13,019,01,#,8.3,#,0.03
1310600030,1992,1310600,13,019,01,#,8.9,#,0.25
1310600032,1992,1310600,13,019,01,#,8.9,#,0.14
1310600045,1992,1310600,13,019,01,#,10,#,0.31
1310630001,1992,1310630,13,020,01,#,11,#,0.44
1310630003,1992,1310630,13,020,01,#,10,#,0.69
1310630005,1992,1310630,13,020,01,#,9.4,#,0.46
1310630007,1992,1310630,13,020,01,#,3.5,#,0.33
1310630009,1992,1310630,13,020,01,#,9.6,#,0.55
1310630011,1992,1310630,13,020,01,#,9.1,#,0.47
1310630013,1992,1310630,13,020,01,#,7.6,#,0.39
1310630015,1992,1310630,13,020,01,#,10,#,0.46
1310630017,1992,1310630,13,020,01,#,8.7,#,0.19
1310630019,1992,1310630,13,020,01,#,12,#,0.42
1310630021,1992,1310630,13,020,01,#,12,#,0.58
1310630023,1992,1310630,13,020,01,#,11,#,0.47
1310650001,1992,1310650,13,020,52,#,12,#,0.41
1310650003,1992,1310650,13,020,52,#,11,#,0.44
1310650005,1992,1310650,13,020,52,#,9.7,#,0.38
1310650007,1992,1310650,13,020,52,#,6.7,#,0.33
1310650009,1992,1310650,13,020,52,#,10,#,0.48
1310650011,1992,1310650,13,020,52,#,10,#,0.41
1310650013,1992,1310650,13,020,52,#,9,#,0.36
1310650015,1992,1310650,13,020,52,#,11,#,0.45
1310650017,1992,1310650,13,020,52,#,10,#,0.3
1310650019,1992,1310650,13,020,52,#,13,#,0.5
1310650021,1992,1310650,13,020,52,#,12,#,0.62
1310650023,1992,1310650,13,020,52,#,13,#,0.28
1310660001,1992,1310660,13,021,01,#,3.5,#,0.063
1310660003,1992,1310660,13,021,01,#,3,#,0.041
1310660005,1992,1310660,13,021,01,#,3.1,#,0.056
1310660007,1992,1310660,13,021,01,#,3.5,#,0.031
1310660009,1992,1310660,13,021,01,#,2.8,#,0.061
1310660011,1992,1310660,13,021,01,#,2.9,#,0.048
1310660013,1992,1310660,13,021,01,#,3.1,#,0.077
1310660015,1992,1310660,13,021,01,#,3.9,#,0.044
1310660017,1992,1310660,13,021,01,#,4.3,#,0.041
1310660019,1992,1310660,13,021,01,#,4.6,#,0.063
1310660021,1992,1310660,13,021,01,#,3.8,#,0.032
1310660023,1992,1310660,13,021,01,#,3.8,#,0.034
1310670001,1992,1310670,13,022,01,#,1.3,#,0.014
1310670003,1992,1310670,13,022,01,#,1.1,#,0.016
1310670005,1992,1310670,13,022,01,#,1.2,#,0.019
1310670007,1992,1310670,13,022,01,#,1,#,0.018
1310670009,1992,1310670,13,022,01,#,1.4,#,0.024
1310670011,1992,1310670,13,022,01,#,1,#,0.013
1310670013,1992,1310670,13,022,01,#,1.9,#,0.046
1310670015,1992,1310670,13,022,01,#,1.1,#,0.016
1310670017,1992,1310670,13,022,01,#,1.2,#,0.008
1310670019,1992,1310670,13,022,01,#,1.1,#,0.01
1310670021,1992,1310670,13,022,01,#,1.4,#,0.008
1310670023,1992,1310670,13,022,01,#,0.93,#,0.009
1310690001,1992,1310690,13,023,01,#,7.4,#,0.45
1310690002,1992,1310690,13,023,01,#,6.9,#,0.62
1310690003,1992,1310690,13,023,01,#,5.8,#,0.88
1310690004,1992,1310690,13,023,01,#,9.4,#,1.6
1310690005,1992,1310690,13,023,01,#,16,#,1
1310690006,1992,1310690,13,023,01,#,6.8,#,0.72
1310690007,1992,1310690,13,023,01,#,3.7,#,0.58
1310690008,1992,1310690,13,023,01,#,6.1,#,0.71
1310690009,1992,1310690,13,023,01,#,5.3,#,0.78
1310690010,1992,1310690,13,023,01,#,4.7,#,0.96
1310690011,1992,1310690,13,023,01,#,4.7,#,1.1
1310690012,1992,1310690,13,023,01,#,4.9,#,1.6
1310690013,1992,1310690,13,023,01,#,5.3,#,0.76
1310690014,1992,1310690,13,023,01,#,5.1,#,0.95
1310690015,1992,1310690,13,023,01,#,6.6,#,0.75
1310690016,1992,1310690,13,023,01,#,6.3,#,0.96
1310690017,1992,1310690,13,023,01,#,4.8,#,0.69
1310690018,1992,1310690,13,023,01,#,4.8,#,0.84
1310690019,1992,1310690,13,023,01,#,7.1,#,0.75
1310690020,1992,1310690,13,023,01,#,6.7,#,1
1310690021,1992,1310690,13,023,01,#,6.7,#,0.72
1310690022,1992,1310690,13,023,01,#,6.4,#,1
1310690023,1992,1310690,13,023,01,#,5.8,#,0.84
1310690024,1992,1310690,13,023,01,#,5.6,#,1.2
1310700001,1992,1310700,13,024,01,#,6.3,#,0.078
1310700005,1992,1310700,13,024,01,#,2.6,#,0.054
1310700009,1992,1310700,13,024,01,#,2.2,#,0.06
1310700013,1992,1310700,13,024,01,#,3.4,#,0.052
1310700017,1992,1310700,13,024,01,#,3.6,#,0.061
1310700021,1992,1310700,13,024,01,#,2.2,#,0.06
1310700025,1992,1310700,13,024,01,#,4.3,#,0.054
1310700029,1992,1310700,13,024,01,#,5.3,#,0.034
1310700033,1992,1310700,13,024,01,#,4.1,#,0.084
1310700037,1992,1310700,13,024,01,#,6.3,#,0.026
1310700041,1992,1310700,13,024,01,#,6.5,#,0.028
1310700045,1992,1310700,13,024,01,#,4.1,#,0.023
1310730001,1992,1310730,13,025,01,#,2.8,#,0.058
1310730002,1992,1310730,13,025,01,#,2.8,#,0.059
1310730003,1992,1310730,13,025,01,#,3.9,#,0.42
1310730004,1992,1310730,13,025,01,#,2.4,#,0.1
1310730005,1992,1310730,13,025,01,#,4.4,#,0.064
1310730006,1992,1310730,13,025,01,#,6.7,#,0.061
1310730007,1992,1310730,13,025,01,#,1.5,#,0.061
1310730008,1992,1310730,13,025,01,#,1.4,#,0.06
1310730009,1992,1310730,13,025,01,#,2.6,#,0.081
1310730010,1992,1310730,13,025,01,#,2.5,#,0.072
1310730011,1992,1310730,13,025,01,#,2.4,#,0.1
1310730012,1992,1310730,13,025,01,#,2.2,#,0.1
1310730013,1992,1310730,13,025,01,#,2.2,#,0.058
1310730014,1992,1310730,13,025,01,#,2.2,#,0.049
1310730015,1992,1310730,13,025,01,#,2.8,#,0.086
1310730016,1992,1310730,13,025,01,#,2.6,#,0.085
1310730017,1992,1310730,13,025,01,#,4.9,#,0.098
1310730018,1992,1310730,13,025,01,#,4.2,#,0.079
1310730019,1992,1310730,13,025,01,#,3.2,#,0.13
1310730020,1992,1310730,13,025,01,#,3,#,0.14
1310730021,1992,1310730,13,025,01,#,2.7,#,0.1
1310730022,1992,1310730,13,025,01,#,2.7,#,0.09
1310730023,1992,1310730,13,025,01,#,3.7,#,0.17
1310730024,1992,1310730,13,025,01,#,3.1,#,0.15
1310740001,1992,1310740,13,026,01,#,8,#,0.35
1310740005,1992,1310740,13,026,01,#,5.8,#,0.57
1310740009,1992,1310740,13,026,01,#,8.9,#,0.63
1310740013,1992,1310740,13,026,01,#,5.1,#,0.38
1310740017,1992,1310740,13,026,01,#,5.8,#,0.26
1310740021,1992,1310740,13,026,01,#,6.3,#,0.5
1310740025,1992,1310740,13,026,01,#,5.6,#,0.26
1310740029,1992,1310740,13,026,01,#,6.1,#,0.5
1310740033,1992,1310740,13,026,01,#,8,#,0.58
1310740037,1992,1310740,13,026,01,#,11,#,0.87
1310740041,1992,1310740,13,026,01,#,8,#,0.72
1310740045,1992,1310740,13,026,01,#,8.9,#,0.77
1310750001,1992,1310750,13,026,51,#,7.6,#,0.38
1310750002,1992,1310750,13,026,51,#,8.6,#,0.52
1310750003,1992,1310750,13,026,51,#,13,#,0.31
1310750004,1992,1310750,13,026,51,#,4.5,#,0.43
1310750005,1992,1310750,13,026,51,#,5.9,#,0.56
1310750006,1992,1310750,13,026,51,#,5.8,#,0.55
1310750007,1992,1310750,13,026,51,#,4.9,#,0.33
1310750008,1992,1310750,13,026,51,#,7.3,#,0.49
1310750009,1992,1310750,13,026,51,#,15,#,0.61
1310750010,1992,1310750,13,026,51,#,8.5,#,0.62
1310750011,1992,1310750,13,026,51,#,8.4,#,0.8
1310750012,1992,1310750,13,026,51,#,9.2,#,0.84
1310780001,1992,1310780,13,027,01,#,4.8,#,0.1
1310780002,1992,1310780,13,027,01,#,3,#,0.1
1310780003,1992,1310780,13,027,01,#,4.2,#,0.54
1310780004,1992,1310780,13,027,01,#,7.8,#,0.2
1310780005,1992,1310780,13,027,01,#,6.2,#,0.12
1310780006,1992,1310780,13,027,01,#,33,#,0.1
1310780007,1992,1310780,13,027,01,#,29,#,1.4
1310780008,1992,1310780,13,027,01,#,13,#,0.35
1310780009,1992,1310780,13,027,01,#,3.4,#,0.097
1310780010,1992,1310780,13,027,01,#,24,#,1.2
1310780011,1992,1310780,13,027,01,#,6.2,#,0.46
1310780012,1992,1310780,13,027,01,#,28,#,2
1310780013,1992,1310780,13,027,01,#,15,#,0.68
1310780014,1992,1310780,13,027,01,#,2.6,#,0.1
1310780015,1992,1310780,13,027,01,#,10,#,0.5
1310780016,1992,1310780,13,027,01,#,12,#,0.25
1310780017,1992,1310780,13,027,01,#,35,#,1
1310780018,1992,1310780,13,027,01,#,5.4,#,0.18
1310780019,1992,1310780,13,027,01,#,6.7,#,0.25
1310780020,1992,1310780,13,027,01,#,7.9,#,0.24
1310780021,1992,1310780,13,027,01,#,19,#,1.8
1310780022,1992,1310780,13,027,01,#,20,#,1.7
1310780023,1992,1310780,13,027,01,#,6.4,#,0.47
1310780024,1992,1310780,13,027,01,#,6,#,0.35
1310790001,1992,1310790,13,028,01,#,8.3,#,0.64
1310790003,1992,1310790,13,028,01,#,7.5,#,0.72
1310790005,1992,1310790,13,028,01,#,6.1,#,0.61
1310790007,1992,1310790,13,028,01,#,4.4,#,0.33
1310790009,1992,1310790,13,028,01,#,5.2,#,0.46
1310790022,1992,1310790,13,028,01,#,4.1,#,0.34
1310790024,1992,1310790,13,028,01,#,4.8,#,0.29
1310790026,1992,1310790,13,028,01,#,6.2,#,0.44
1310790028,1992,1310790,13,028,01,#,5.3,#,0.35
1310790030,1992,1310790,13,028,01,#,7.6,#,0.55
1310790032,1992,1310790,13,028,01,#,7.2,#,0.58
1310790045,1992,1310790,13,028,01,E,99999,#,0.74
1310790046,1992,1310790,13,028,01,#,7.7,E,99999
1310800001,1992,1310800,13,029,01,#,3.2,#,0.12
1310800003,1992,1310800,13,029,01,#,3.4,#,0.19
1310800005,1992,1310800,13,029,01,#,2.8,#,0.19
1310800007,1992,1310800,13,029,01,#,2.4,#,0.15
1310800009,1992,1310800,13,029,01,#,4,#,0.14
1310800011,1992,1310800,13,029,01,#,2.8,#,0.28
1310800013,1992,1310800,13,029,01,#,1.7,#,0.13
1310800015,1992,1310800,13,029,01,#,2.3,#,0.16
1310800017,1992,1310800,13,029,01,#,3.1,#,0.19
1310800019,1992,1310800,13,029,01,#,4.1,#,0.44
1310800021,1992,1310800,13,029,01,#,4.1,#,0.25
1310800023,1992,1310800,13,029,01,#,3.2,#,0.23
1310810001,1992,1310810,13,030,01,#,13,#,0.38
1310810005,1992,1310810,13,030,01,#,10,#,0.42
1310810009,1992,1310810,13,030,01,#,14,#,0.6
1310810013,1992,1310810,13,030,01,#,12,#,0.55
1310810017,1992,1310810,13,030,01,#,9,#,0.3
1310810021,1992,1310810,13,030,01,#,18,#,0.62
1310810025,1992,1310810,13,030,01,#,8.5,#,0.41
1310810029,1992,1310810,13,030,01,#,9.2,#,0.54
1310810033,1992,1310810,13,030,01,#,10,#,0.41
1310810037,1992,1310810,13,030,01,#,14,#,0.59
1310810041,1992,1310810,13,030,01,#,14,#,0.72
1310810045,1992,1310810,13,030,01,#,13,#,0.67
1310830001,1992,1310830,13,031,01,#,14,#,0.93
1310830003,1992,1310830,13,031,01,#,9.3,#,0.83
1310830005,1992,1310830,13,031,01,#,8.8,#,0.57
1310830007,1992,1310830,13,031,01,#,7.2,#,0.85
1310830009,1992,1310830,13,031,01,#,7.7,#,0.94
1310830011,1992,1310830,13,031,01,#,7.9,#,1.1
1310830013,1992,1310830,13,031,01,#,7.2,#,0.72
1310830015,1992,1310830,13,031,01,#,8.4,#,0.99
1310830017,1992,1310830,13,031,01,#,7.6,#,0.57
1310830019,1992,1310830,13,031,01,#,12,#,0.99
1310830021,1992,1310830,13,031,01,#,12,#,1.2
1310830023,1992,1310830,13,031,01,#,12,#,1.4
1310850001,1992,1310850,13,032,01,#,1.1,#,0.022
1310850003,1992,1310850,13,032,01,#,1.2,#,0.034
1310850005,1992,1310850,13,032,01,#,1.7,#,0.03
1310850007,1992,1310850,13,032,01,#,1.2,#,0.028
1310850009,1992,1310850,13,032,01,#,1.1,#,0.034
1310850011,1992,1310850,13,032,01,#,1,#,0.022
1310850013,1992,1310850,13,032,01,#,1.4,#,0.03
1310850015,1992,1310850,13,032,01,#,1.1,#,0.02
1310850017,1992,1310850,13,032,01,#,1.4,#,0.025
1310850019,1992,1310850,13,032,01,#,1.4,#,0.017
1310850021,1992,1310850,13,032,01,#,1.2,#,0.02
1310850023,1992,1310850,13,032,01,#,0.91,#,0.013
1310860001,1992,1310860,13,033,01,#,1.6,#,0.054
1310860003,1992,1310860,13,033,01,#,1.7,#,0.072
1310860005,1992,1310860,13,033,01,#,2.1,#,0.053
1310860007,1992,1310860,13,033,01,#,1.5,#,0.048
1310860009,1992,1310860,13,033,01,#,1.5,#,0.044
1310860011,1992,1310860,13,033,01,#,1.3,#,0.049
1310860013,1992,1310860,13,033,01,#,1.9,#,0.036
1310860015,1992,1310860,13,033,01,#,1.4,#,0.032
1310860017,1992,1310860,13,033,01,#,1.7,#,0.03
1310860019,1992,1310860,13,033,01,#,2,#,0.03
1310860021,1992,1310860,13,033,01,#,1.7,#,0.033
1310860023,1992,1310860,13,033,01,#,1.4,#,0.036
1310870001,1992,1310870,13,034,01,#,15,#,0.67
1310870005,1992,1310870,13,034,01,#,10,#,0.26
1310870009,1992,1310870,13,034,01,#,12,#,0.27
1310870013,1992,1310870,13,034,01,#,8.7,#,0.28
1310870017,1992,1310870,13,034,01,#,11,#,0.36
1310870021,1992,1310870,13,034,01,#,14,#,0.49
1310870025,1992,1310870,13,034,01,#,9.9,#,0.3
1310870029,1992,1310870,13,034,01,#,12,#,0.43
1310870033,1992,1310870,13,034,01,#,6,#,0.12
1310870037,1992,1310870,13,034,01,#,13,#,0.64
1310870041,1992,1310870,13,034,01,#,13,#,0.43
1310870045,1992,1310870,13,034,01,#,12,#,0.54
1310880001,1992,1310880,13,035,01,#,11,#,0.37
1310880003,1992,1310880,13,035,01,#,10,#,0.46
1310880005,1992,1310880,13,035,01,#,11,#,0.36
1310880007,1992,1310880,13,035,01,#,10,#,0.49
1310880009,1992,1310880,13,035,01,#,10,#,0.76
1310880022,1992,1310880,13,035,01,#,8.6,#,0.63
1310880024,1992,1310880,13,035,01,#,10,#,0.17
1310880026,1992,1310880,13,035,01,#,10,#,0.52
1310880028,1992,1310880,13,035,01,#,10,#,0.2
1310880030,1992,1310880,13,035,01,#,11,#,0.47
1310880032,1992,1310880,13,035,01,#,9.9,#,0.39
1310880045,1992,1310880,13,035,01,#,9.6,#,0.38
1310940001,1992,1310940,13,036,01,#,6,#,0.3
1310940003,1992,1310940,13,036,01,#,4.6,#,0.36
1310940005,1992,1310940,13,036,01,#,4.2,#,0.31
1310940007,1992,1310940,13,036,01,#,3.8,#,0.27
1310940009,1992,1310940,13,036,01,#,4.1,#,0.3
1310940011,1992,1310940,13,036,01,#,2.9,#,0.36
1310940013,1992,1310940,13,036,01,#,4.1,#,0.3
1310940015,1992,1310940,13,036,01,#,4.3,#,0.39
1310940017,1992,1310940,13,036,01,#,3.8,#,0.29
1310940019,1992,1310940,13,036,01,#,6.5,#,0.54
1310940021,1992,1310940,13,036,01,#,8.1,#,0.53
1310940023,1992,1310940,13,036,01,#,5.5,#,0.46
1310950001,1992,1310950,13,037,01,#,26,#,0.74
1310950003,1992,1310950,13,037,01,#,21,#,0.39
1310950005,1992,1310950,13,037,01,#,22,#,0.9
1310950007,1992,1310950,13,037,01,#,12,#,0.43
1310950009,1992,1310950,13,037,01,#,17,#,0.41
1310950011,1992,1310950,13,037,01,#,28,#,1
1310950013,1992,1310950,13,037,01,#,20,#,1.9
1310950015,1992,1310950,13,037,01,#,13,#,0.74
1310950017,1992,1310950,13,037,01,#,14,#,0.47
1310950019,1992,1310950,13,037,01,#,21,#,0.36
1310950021,1992,1310950,13,037,01,#,22,#,0.66
1310950023,1992,1310950,13,037,01,#,20,#,0.53
1310960001,1992,1310960,13,038,01,#,6.4,#,0.81
1310960003,1992,1310960,13,038,01,#,6.9,#,0.86
1310960005,1992,1310960,13,038,01,#,6.4,#,0.46
1310960007,1992,1310960,13,038,01,#,4.5,#,0.22
1310960009,1992,1310960,13,038,01,#,4.3,#,0.73
1310960011,1992,1310960,13,038,01,#,7.5,#,1.7
1310960013,1992,1310960,13,038,01,#,4.8,#,0.2
1310960015,1992,1310960,13,038,01,#,8,#,1.3
1310960017,1992,1310960,13,038,01,#,4.8,#,0.29
1310960019,1992,1310960,13,038,01,#,8.9,#,1.3
1310960021,1992,1310960,13,038,01,#,10,#,1.3
1310960023,1992,1310960,13,038,01,#,10,#,1.9
1310970002,1992,1310970,13,039,51,#,5.1,#,0.57
1310970004,1992,1310970,13,039,51,#,3.5,#,0.33
1310970006,1992,1310970,13,039,51,#,2.2,#,0.24
1310970008,1992,1310970,13,039,51,#,2.6,#,0.21
1310970010,1992,1310970,13,039,51,#,2.6,#,0.22
1310970012,1992,1310970,13,039,51,#,3.7,#,0.26
1310970014,1992,1310970,13,039,51,#,3.8,#,0.21
1310970016,1992,1310970,13,039,51,#,6,#,0.33
1310970018,1992,1310970,13,039,51,#,5.3,#,0.44
1310970020,1992,1310970,13,039,51,#,6.8,#,0.52
1310970022,1992,1310970,13,039,51,#,8.4,#,0.49
1310970024,1992,1310970,13,039,51,#,8,#,0.42
1310990001,1992,1310990,13,202,01,#,9.3,#,0.32
1310990003,1992,1310990,13,202,01,#,6.4,#,0.52
1310990005,1992,1310990,13,202,01,#,5.1,#,0.34
1310990007,1992,1310990,13,202,01,#,5.2,#,0.24
1310990009,1992,1310990,13,202,01,#,3.6,#,0.28
1310990011,1992,1310990,13,202,01,#,3.4,#,0.21
1310990013,1992,1310990,13,202,01,#,4.8,#,0.2
1310990015,1992,1310990,13,202,01,#,8.4,#,0.43
1310990017,1992,1310990,13,202,01,#,6.3,#,0.36
1310990019,1992,1310990,13,202,01,#,9.7,#,0.37
1310990022,1992,1310990,13,202,01,#,12,#,0.52
1310990023,1992,1310990,13,202,01,#,15,#,0.55
1311010001,1992,1311010,13,203,02,#,3.7,#,0.14
1311010003,1992,1311010,13,203,02,#,3.6,#,0.22
1311010005,1992,1311010,13,203,02,#,3.6,#,0.27
1311010007,1992,1311010,13,203,02,#,3.3,#,0.1
1311010009,1992,1311010,13,203,02,#,2.6,#,0.16
1311010011,1992,1311010,13,203,02,#,3,#,0.16
1311010013,1992,1311010,13,203,02,#,5,#,0.15
1311010015,1992,1311010,13,203,02,#,4.3,#,0.18
1311010017,1992,1311010,13,203,02,#,5.4,#,0.27
1311010019,1992,1311010,13,203,02,#,4.2,#,0.15
1311010021,1992,1311010,13,203,02,#,6.1,#,0.25
1311010023,1992,1311010,13,203,02,#,4,#,0.13
1311100001,1992,1311100,13,212,01,#,8.3,#,0.32
1311100003,1992,1311100,13,212,01,#,7.3,#,0.33
1311100005,1992,1311100,13,212,01,#,7.5,#,0.33
1311100007,1992,1311100,13,212,01,#,5.1,#,0.25
1311100009,1992,1311100,13,212,01,#,7.7,#,0.3
1311100011,1992,1311100,13,212,01,#,5.5,#,0.34
1311100013,1992,1311100,13,212,01,#,5.7,#,0.26
1311100015,1992,1311100,13,212,01,#,5.9,#,0.24
1311100017,1992,1311100,13,212,01,#,5.2,#,0.17
1311100019,1992,1311100,13,212,01,#,8.4,#,0.66
1311100021,1992,1311100,13,212,01,#,7.8,#,0.37
1311100023,1992,1311100,13,212,01,#,7.8,#,0.39
1311110001,1992,1311110,13,213,01,#,4.7,#,0.036
1311110003,1992,1311110,13,213,01,#,3.9,#,0.032
1311110005,1992,1311110,13,213,01,#,4.2,#,0.024
1311110007,1992,1311110,13,213,01,#,4.9,#,0.039
1311110009,1992,1311110,13,213,01,#,4.2,#,0.037
1311110011,1992,1311110,13,213,01,#,1.2,#,0.019
1311110013,1992,1311110,13,213,01,#,5.1,#,0.044
1311110015,1992,1311110,13,213,01,#,3.9,#,0.023
1311110017,1992,1311110,13,213,01,#,3.9,#,0.021
1311110019,1992,1311110,13,213,01,#,3.8,#,0.035
1311110021,1992,1311110,13,213,01,#,3.8,#,0.076
1311110023,1992,1311110,13,213,01,#,2.4,#,0.035
1311130001,1992,1311130,13,215,01,#,11,#,0.21
1311130003,1992,1311130,13,215,01,#,9.8,#,0.18
1311130005,1992,1311130,13,215,01,#,10,#,0.17
1311130007,1992,1311130,13,215,01,#,9.8,#,0.21
1311130009,1992,1311130,13,215,01,#,11,#,0.15
1311130011,1992,1311130,13,215,01,#,9,#,0.16
1311130013,1992,1311130,13,215,01,#,10,#,0.11
1311130015,1992,1311130,13,215,01,#,10,#,0.17
1311130017,1992,1311130,13,215,01,#,9.6,#,0.13
1311130019,1992,1311130,13,215,01,#,10,#,0.18
1311130021,1992,1311130,13,215,01,#,9.4,#,0.21
1311130023,1992,1311130,13,215,01,#,9.6,#,0.19
1311140001,1992,1311140,13,005,54,#,7.7,#,0.34
1311140003,1992,1311140,13,005,54,#,5.1,#,0.36
1311140005,1992,1311140,13,005,54,#,4.8,#,0.2
1311140007,1992,1311140,13,005,54,#,5.2,#,0.2
1311140009,1992,1311140,13,005,54,#,3.6,#,0.26
1311140011,1992,1311140,13,005,54,#,3.8,#,0.61
1311140013,1992,1311140,13,005,54,#,5.5,#,0.28
1311140015,1992,1311140,13,005,54,#,8,#,0.69
1311140017,1992,1311140,13,005,54,#,9,#,0.56
1311140019,1992,1311140,13,005,54,#,11,#,1.1
1311140021,1992,1311140,13,005,54,#,11,#,0.58
1311140023,1992,1311140,13,005,54,#,11,#,1.1
1311160001,1992,1311160,13,216,01,#,1.9,#,0.081
1311160003,1992,1311160,13,216,01,#,3.1,#,0.11
1311160005,1992,1311160,13,216,01,#,1.9,#,0.055
1311160007,1992,1311160,13,216,01,#,2,#,0.085
1311160009,1992,1311160,13,216,01,#,1.8,#,0.072
1311160022,1992,1311160,13,216,01,#,2.3,#,0.088
1311160024,1992,1311160,13,216,01,#,2.1,#,0.066
1311160026,1992,1311160,13,216,01,#,2.2,#,0.059
1311160028,1992,1311160,13,216,01,#,1.7,#,0.038
1311160030,1992,1311160,13,216,01,#,2.1,#,0.036
1311160032,1992,1311160,13,216,01,#,2.3,#,0.05
1311160045,1992,1311160,13,216,01,#,2.1,#,0.049
1311170001,1992,1311170,13,218,01,#,0.62,#,0.017
1311170003,1992,1311170,13,218,01,#,0.55,#,0.014
1311170005,1992,1311170,13,218,01,#,0.56,#,0.017
1311170007,1992,1311170,13,218,01,#,0.53,#,0.014
1311170009,1992,1311170,13,218,01,#,0.79,#,0.019
1311170011,1992,1311170,13,218,01,#,0.47,#,0.016
1311170013,1992,1311170,13,218,01,#,0.8,#,0.027
1311170015,1992,1311170,13,218,01,#,0.43,#,0.017
1311170017,1992,1311170,13,218,01,#,0.47,#,0.015
1311170019,1992,1311170,13,218,01,#,0.48,#,0.019
1311170021,1992,1311170,13,218,01,#,0.56,#,0.014
1311170023,1992,1311170,13,218,01,#,0.47,#,0.014
1311200001,1992,1311200,13,219,01,#,5.5,#,0.57
1311200003,1992,1311200,13,219,01,#,5.3,#,0.4
1311200005,1992,1311200,13,219,01,#,4.9,#,0.39
1311200007,1992,1311200,13,219,01,#,5.4,#,0.7
1311200009,1992,1311200,13,219,01,#,3.5,#,0.31
1311200011,1992,1311200,13,219,01,#,5.3,#,0.72
1311200013,1992,1311200,13,219,01,#,5.6,#,0.3
1311200015,1992,1311200,13,219,01,#,8.5,#,0.83
1311200017,1992,1311200,13,219,01,#,8.2,#,0.58
1311200019,1992,1311200,13,219,01,#,11,#,1
1311200022,1992,1311200,13,219,01,#,10,#,1
1311200023,1992,1311200,13,219,01,#,12,#,1.2
1311210001,1992,1311210,13,220,01,#,5.7,#,0.23
1311210002,1992,1311210,13,220,01,#,5.1,#,1
1311210003,1992,1311210,13,220,01,#,6.3,#,0.68
1311210004,1992,1311210,13,220,01,#,6.7,#,0.87
1311210005,1992,1311210,13,220,01,#,4.9,#,0.99
1311210006,1992,1311210,13,220,01,#,4,#,1.1
1311210007,1992,1311210,13,220,01,#,4,#,0.98
1311210008,1992,1311210,13,220,01,#,4.3,#,0.43
1311210009,1992,1311210,13,220,01,#,5.8,#,0.81
1311210010,1992,1311210,13,220,01,#,4.6,#,0.9
1311210011,1992,1311210,13,220,01,#,5,#,1.1
1311210012,1992,1311210,13,220,01,#,5.9,#,0.45
1311220001,1992,1311220,13,221,01,#,6,#,0.38
1311220002,1992,1311220,13,221,01,#,5.6,#,0.5
1311220003,1992,1311220,13,221,01,#,8.4,#,0.33
1311220004,1992,1311220,13,221,01,#,7.2,#,0.38
1311220005,1992,1311220,13,221,01,#,4.9,#,0.42
1311220006,1992,1311220,13,221,01,#,4.6,#,0.55
1311220007,1992,1311220,13,221,01,#,4.1,#,0.35
1311220008,1992,1311220,13,221,01,#,5.4,#,0.43
1311220009,1992,1311220,13,221,01,#,10,#,0.45
1311220010,1992,1311220,13,221,01,#,7.4,#,0.55
1311220011,1992,1311220,13,221,01,#,7.6,#,0.6
1311220012,1992,1311220,13,221,01,#,6,#,0.57
1311230001,1992,1311230,13,029,51,#,3,#,0.09
1311230002,1992,1311230,13,029,51,#,3.1,#,0.056
1311230003,1992,1311230,13,029,51,#,3.9,#,0.094
1311230004,1992,1311230,13,029,51,#,4.1,#,0.071
1311230005,1992,1311230,13,029,51,#,2.3,#,0.11
1311230006,1992,1311230,13,029,51,#,1.3,#,0.1
1311230007,1992,1311230,13,029,51,#,4.3,#,0.076
1311230008,1992,1311230,13,029,51,#,2.3,#,0.1
1311230009,1992,1311230,13,029,51,#,4.4,#,0.098
1311230010,1992,1311230,13,029,51,#,2.8,#,0.12
1311230011,1992,1311230,13,029,51,#,2.7,#,0.12
1311230012,1992,1311230,13,029,51,#,2.1,#,0.1
1320010001,1992,1320010,13,401,01,#,0.41,#,0.009
1320010002,1992,1320010,13,401,01,#,0.47,#,0.007
1320010003,1992,1320010,13,401,01,#,0.31,#,0.008
1320010004,1992,1320010,13,401,01,#,0.43,#,0.006
1320010005,1992,1320010,13,401,01,#,0.3,#,0.006
1320010006,1992,1320010,13,401,01,#,0.48,#,0.005
1320010007,1992,1320010,13,401,01,#,0.26,#,0.01
1320010008,1992,1320010,13,401,01,#,0.47,#,0.005
1320010009,1992,1320010,13,401,01,#,0.48,#,0.024
1320010010,1992,1320010,13,401,01,#,0.52,#,0.006
1320010011,1992,1320010,13,401,01,#,0.35,#,0.013
1320010012,1992,1320010,13,401,01,#,0.51,#,0.005
1320010013,1992,1320010,13,401,01,#,0.31,#,0.006
1320010014,1992,1320010,13,401,01,#,0.51,#,0.008
1320010015,1992,1320010,13,401,01,#,0.4,#,0.008
1320010016,1992,1320010,13,401,01,#,0.44,#,0.008
1320010017,1992,1320010,13,401,01,#,0.41,#,0.016
1320010018,1992,1320010,13,401,01,#,0.59,#,0.01
1320010019,1992,1320010,13,401,01,#,0.42,#,0.006
1320010020,1992,1320010,13,401,01,#,0.42,#,0.014
1320010021,1992,1320010,13,401,01,#,0.39,#,0.004
1320010022,1992,1320010,13,401,01,#,0.42,#,0.005
1320010023,1992,1320010,13,401,01,#,0.41,#,0.005
1320010024,1992,1320010,13,401,01,#,0.43,#,0.01
1320020001,1992,1320020,13,401,02,#,0.4,#,0.008
1320020002,1992,1320020,13,401,02,#,0.45,#,0.007
1320020003,1992,1320020,13,401,02,#,0.49,#,0.009
1320020004,1992,1320020,13,401,02,#,0.27,#,0.004
1320020005,1992,1320020,13,401,02,#,0.41,#,0.004
1320020006,1992,1320020,13,401,02,#,0.4,#,0.005
1320020007,1992,1320020,13,401,02,#,0.33,#,0.009
1320020008,1992,1320020,13,401,02,#,0.46,<,0.003
1320020009,1992,1320020,13,401,02,#,0.47,#,0.005
1320020010,1992,1320020,13,401,02,#,0.25,#,0.005
1320020011,1992,1320020,13,401,02,#,0.45,<,0.003
1320020012,1992,1320020,13,401,02,#,0.45,#,0.004
1320020013,1992,1320020,13,401,02,#,0.33,#,0.008
1320020014,1992,1320020,13,401,02,#,0.38,<,0.003
1320020015,1992,1320020,13,401,02,#,0.4,#,0.003
1320020016,1992,1320020,13,401,02,#,0.35,#,0.003
1320020017,1992,1320020,13,401,02,#,0.47,<,0.003
1320020018,1992,1320020,13,401,02,#,0.45,#,0.003
1320020019,1992,1320020,13,401,02,#,0.31,<,0.003
1320020020,1992,1320020,13,401,02,#,0.48,<,0.003
1320020021,1992,1320020,13,401,02,#,0.5,<,0.003
1320020022,1992,1320020,13,401,02,#,0.37,#,0.003
1320020023,1992,1320020,13,401,02,#,0.44,<,0.003
1320020024,1992,1320020,13,401,02,#,0.46,#,0.004
1320020025,1992,1320020,13,401,02,#,0.39,#,0.004
1320020026,1992,1320020,13,401,02,#,0.52,#,0.004
1320020027,1992,1320020,13,401,02,#,0.52,#,0.004
1320020028,1992,1320020,13,401,02,#,0.4,#,0.003
1320020029,1992,1320020,13,401,02,#,0.45,#,0.006
1320020030,1992,1320020,13,401,02,#,0.47,#,0.004
1320020031,1992,1320020,13,401,02,#,0.39,#,0.004
1320020032,1992,1320020,13,401,02,#,0.43,#,0.004
1320020033,1992,1320020,13,401,02,#,0.41,#,0.007
1320020034,1992,1320020,13,401,02,#,0.39,#,0.004
1320020035,1992,1320020,13,401,02,#,0.39,#,0.005
1320020036,1992,1320020,13,401,02,#,0.4,#,0.005
1330010001,1992,1330010,13,601,01,#,3.3,#,0.23
1330010002,1992,1330010,13,601,01,#,1.2,#,0.14
1330010004,1992,1330010,13,601,01,#,3.2,#,0.25
1330010005,1992,1330010,13,601,01,#,1.2,#,0.098
1330010006,1992,1330010,13,601,01,#,3.4,#,0.33
1330010007,1992,1330010,13,601,01,#,1,#,0.17
1330010009,1992,1330010,13,601,01,#,7.2,#,0.85
1330010010,1992,1330010,13,601,01,#,1,#,0.16
1330010011,1992,1330010,13,601,01,#,3.1,#,0.26
1330010012,1992,1330010,13,601,01,#,0.76,#,0.21
1330010014,1992,1330010,13,601,01,#,2.5,#,0.26
1330010015,1992,1330010,13,601,01,#,0.94,#,0.15
1330010016,1992,1330010,13,601,01,#,2.2,#,0.21
1330010017,1992,1330010,13,601,01,#,0.87,#,0.092
1330010019,1992,1330010,13,601,01,#,2.2,#,0.17
1330010020,1992,1330010,13,601,01,#,1.1,#,0.1
1330010021,1992,1330010,13,601,01,#,2.2,#,0.15
1330010022,1992,1330010,13,601,01,#,1,#,0.083
1330010024,1992,1330010,13,601,01,#,1.5,#,0.1
1330010025,1992,1330010,13,601,01,#,1.1,#,0.076
1330010026,1992,1330010,13,601,01,#,1.9,#,0.13
1330010027,1992,1330010,13,601,01,#,1.3,#,0.079
1330010029,1992,1330010,13,601,01,#,3.2,#,0.19
1330010030,1992,1330010,13,601,01,#,1.2,#,0.076
1330020001,1992,1330020,13,601,02,#,2.3,#,0.15
1330020002,1992,1330020,13,601,02,#,1.2,#,0.11
1330020004,1992,1330020,13,601,02,#,2.5,#,0.17
1330020005,1992,1330020,13,601,02,#,1,#,0.1
1330020006,1992,1330020,13,601,02,#,2.4,#,0.18
1330020007,1992,1330020,13,601,02,#,1,#,0.18
1330020009,1992,1330020,13,601,02,#,2.6,#,0.22
1330020010,1992,1330020,13,601,02,#,0.96,#,0.16
1330020011,1992,1330020,13,601,02,#,2.7,#,0.23
1330020012,1992,1330020,13,601,02,#,1.2,#,0.25
1330020014,1992,1330020,13,601,02,#,1.9,#,0.21
1330020015,1992,1330020,13,601,02,#,0.84,#,0.15
1330020016,1992,1330020,13,601,02,#,2.5,#,0.2
1330020017,1992,1330020,13,601,02,#,0.81,#,0.1
1330020019,1992,1330020,13,601,02,#,2.1,#,0.14
1330020020,1992,1330020,13,601,02,#,1,#,0.1
1330020021,1992,1330020,13,601,02,#,1.7,#,0.12
1330020022,1992,1330020,13,601,02,#,0.92,#,0.088
1330020024,1992,1330020,13,601,02,#,1.5,#,0.09
1330020025,1992,1330020,13,601,02,#,1.4,#,0.085
1330020026,1992,1330020,13,601,02,#,1.7,#,0.094
1330020027,1992,1330020,13,601,02,#,1,#,0.064
1330020029,1992,1330020,13,601,02,#,2.1,#,0.11
1330020030,1992,1330020,13,601,02,#,1.1,#,0.068
1330030001,1992,1330030,13,601,03,#,3.8,#,0.29
1330030002,1992,1330030,13,601,03,#,0.88,#,0.1
1330030004,1992,1330030,13,601,03,#,3,#,0.23
1330030005,1992,1330030,13,601,03,#,0.86,#,0.072
1330030006,1992,1330030,13,601,03,#,3.1,#,0.4
1330030007,1992,1330030,13,601,03,#,1,#,0.16
1330030009,1992,1330030,13,601,03,#,2.7,#,0.22
1330030010,1992,1330030,13,601,03,#,0.83,#,0.15
1330030011,1992,1330030,13,601,03,#,3,#,0.28
1330030012,1992,1330030,13,601,03,#,0.81,#,0.21
1330030014,1992,1330030,13,601,03,#,2.4,#,0.23
1330030015,1992,1330030,13,601,03,#,0.86,#,0.14
1330030016,1992,1330030,13,601,03,#,2.3,#,0.22
1330030017,1992,1330030,13,601,03,#,0.74,#,0.093
1330030019,1992,1330030,13,601,03,#,2.2,#,0.18
1330030020,1992,1330030,13,601,03,#,0.91,#,0.1
1330030021,1992,1330030,13,601,03,#,1.8,#,0.14
1330030022,1992,1330030,13,601,03,#,0.73,#,0.073
1330030024,1992,1330030,13,601,03,#,1.7,#,0.11
1330030025,1992,1330030,13,601,03,#,1.1,#,0.078
1330030026,1992,1330030,13,601,03,#,1.6,#,0.13
1330030027,1992,1330030,13,601,03,#,0.99,#,0.054
1330030029,1992,1330030,13,601,03,#,2.7,#,0.16
1330030030,1992,1330030,13,601,03,#,1.1,#,0.072
1330040001,1992,1330040,13,601,04,#,6.1,#,0.51
1330040002,1992,1330040,13,601,04,#,2.1,#,0.15
1330040004,1992,1330040,13,601,04,#,3.9,#,0.27
1330040005,1992,1330040,13,601,04,#,1.7,#,0.11
1330040006,1992,1330040,13,601,04,#,4.3,#,0.51
1330040007,1992,1330040,13,601,04,#,1.2,#,0.14
1330040009,1992,1330040,13,601,04,#,4.1,#,0.33
1330040010,1992,1330040,13,601,04,#,1.5,#,0.16
1330040011,1992,1330040,13,601,04,#,4,#,0.29
1330040012,1992,1330040,13,601,04,#,1.6,#,0.18
1330040014,1992,1330040,13,601,04,#,3.4,#,0.3
1330040015,1992,1330040,13,601,04,#,1.3,#,0.16
1330040016,1992,1330040,13,601,04,#,2.4,#,0.24
1330040017,1992,1330040,13,601,04,#,1.4,#,0.14
1330040019,1992,1330040,13,601,04,#,1.5,#,0.12
1330040020,1992,1330040,13,601,04,#,1.1,#,0.098
1330040021,1992,1330040,13,601,04,#,2,#,0.14
1330040022,1992,1330040,13,601,04,#,1.5,#,0.11
1330040024,1992,1330040,13,601,04,#,1.8,#,0.11
1330040025,1992,1330040,13,601,04,#,1.5,#,0.1
1330040026,1992,1330040,13,601,04,#,2.7,#,0.19
1330040027,1992,1330040,13,601,04,#,1.8,#,0.13
1330040029,1992,1330040,13,601,04,#,3.2,#,0.21
1330040030,1992,1330040,13,601,04,#,1.9,#,0.11
1330130001,1992,1330130,13,601,59,#,10,#,0.35
1330130003,1992,1330130,13,601,59,#,13,#,0.42
1330130005,1992,1330130,13,601,59,#,9.6,#,0.55
1330130007,1992,1330130,13,601,59,#,13,#,0.34
1330130009,1992,1330130,13,601,59,#,10,#,0.4
1330130011,1992,1330130,13,601,59,#,11,#,0.53
1330130013,1992,1330130,13,601,59,#,11,#,0.5
1330130015,1992,1330130,13,601,59,#,15,#,0.33
1330130017,1992,1330130,13,601,59,#,10,#,0.34
1330130019,1992,1330130,13,601,59,#,8.4,#,0.31
1330130021,1992,1330130,13,601,59,#,15,#,0.5
1330130023,1992,1330130,13,601,59,#,14,#,0.65
1330150001,1992,1330150,13,601,61,#,9.5,#,0.33
1330150003,1992,1330150,13,601,61,#,10,#,0.44
1330150005,1992,1330150,13,601,61,#,9.3,#,0.56
1330150007,1992,1330150,13,601,61,#,8.6,#,0.27
1330150009,1992,1330150,13,601,61,#,9.1,#,0.39
1330150011,1992,1330150,13,601,61,#,11,#,0.52
1330150013,1992,1330150,13,601,61,#,11,#,0.42
1330150015,1992,1330150,13,601,61,#,9.1,#,0.23
1330150017,1992,1330150,13,601,61,#,9.4,#,0.3
1330150019,1992,1330150,13,601,61,#,4.7,#,0.2
1330150021,1992,1330150,13,601,61,#,12,#,0.3
1330150023,1992,1330150,13,601,61,#,8.7,#,0.41
1330180001,1992,1330180,13,601,64,#,6.9,#,0.27
1330180003,1992,1330180,13,601,64,#,7.6,#,0.32
1330180005,1992,1330180,13,601,64,#,6.5,#,0.46
1330180007,1992,1330180,13,601,64,#,6.8,#,0.28
1330180009,1992,1330180,13,601,64,#,6.5,#,0.34
1330180011,1992,1330180,13,601,64,#,6.2,#,0.38
1330180013,1992,1330180,13,601,64,#,4.9,#,0.31
1330180015,1992,1330180,13,601,64,#,5,#,0.25
1330180017,1992,1330180,13,601,64,#,4.6,#,0.2
1330180019,1992,1330180,13,601,64,#,4.1,#,0.2
1330180021,1992,1330180,13,601,64,#,5.7,#,0.19
1330180023,1992,1330180,13,601,64,#,5.3,#,0.25
1330230001,1992,1330230,13,601,69,#,5.5,#,0.26
1330230003,1992,1330230,13,601,69,#,5.5,#,0.31
1330230005,1992,1330230,13,601,69,#,6.7,#,0.5
1330230007,1992,1330230,13,601,69,#,4.2,#,0.34
1330230009,1992,1330230,13,601,69,#,5.4,#,0.34
1330230011,1992,1330230,13,601,69,#,4.5,#,0.38
1330230013,1992,1330230,13,601,69,#,5.5,#,0.32
1330230015,1992,1330230,13,601,69,#,5.1,#,0.28
1330230017,1992,1330230,13,601,69,#,4.4,#,0.21
1330230019,1992,1330230,13,601,69,#,3.7,#,0.19
1330230021,1992,1330230,13,601,69,#,4.4,#,0.22
1330230023,1992,1330230,13,601,69,#,4.6,#,0.17
1330240001,1992,1330240,13,601,70,#,6.8,#,0.27
1330240003,1992,1330240,13,601,70,#,7,#,0.34
1330240005,1992,1330240,13,601,70,#,5.3,#,0.38
1330240007,1992,1330240,13,601,70,#,6.9,#,0.31
1330240009,1992,1330240,13,601,70,#,5.3,#,0.31
1330240011,1992,1330240,13,601,70,#,5.6,#,0.35
1330240013,1992,1330240,13,601,70,#,4.6,#,0.25
1330240015,1992,1330240,13,601,70,#,3.4,#,0.15
1330240017,1992,1330240,13,601,70,#,2.8,#,0.14
1330240019,1992,1330240,13,601,70,#,4.6,#,0.18
1330240021,1992,1330240,13,601,70,#,5,#,0.17
1330240023,1992,1330240,13,601,70,#,5.4,#,0.24
1330260001,1992,1330260,13,601,72,#,3.5,#,0.18
1330260003,1992,1330260,13,601,72,#,3.8,#,0.2
1330260005,1992,1330260,13,601,72,#,3.8,#,0.31
1330260007,1992,1330260,13,601,72,#,2,#,0.22
1330260009,1992,1330260,13,601,72,#,3.4,#,0.27
1330260011,1992,1330260,13,601,72,#,2.6,#,0.24
1330260013,1992,1330260,13,601,72,#,3.6,#,0.2
1330260015,1992,1330260,13,601,72,#,2.8,#,0.15
1330260017,1992,1330260,13,601,72,#,2.9,#,0.14
1330260019,1992,1330260,13,601,72,#,2.2,#,0.11
1330260021,1992,1330260,13,601,72,#,2.7,#,0.11
1330260023,1992,1330260,13,601,72,#,3,#,0.15
1330280001,1992,1330280,13,601,74,#,9.5,#,0.56
1330280003,1992,1330280,13,601,74,#,11,#,1
1330280005,1992,1330280,13,601,74,#,8.9,#,0.98
1330280007,1992,1330280,13,601,74,#,9.6,#,0.88
1330280009,1992,1330280,13,601,74,#,10,#,0.74
1330280011,1992,1330280,13,601,74,#,10,#,1.4
1330280013,1992,1330280,13,601,74,#,9.2,#,0.36
1330280015,1992,1330280,13,601,74,#,9.9,#,1.5
1330280017,1992,1330280,13,601,74,#,15,#,0.76
1330280019,1992,1330280,13,601,74,#,13,#,0.97
1330280021,1992,1330280,13,601,74,#,10,#,1.4
1330280023,1992,1330280,13,601,74,#,13,#,1
1330290001,1992,1330290,13,601,75,#,5.9,#,0.35
1330290003,1992,1330290,13,601,75,#,8.3,#,0.51
1330290005,1992,1330290,13,601,75,#,8.2,#,0.59
1330290007,1992,1330290,13,601,75,#,5.9,#,0.52
1330290009,1992,1330290,13,601,75,#,7.1,#,0.78
1330290011,1992,1330290,13,601,75,#,5.9,#,0.65
1330290013,1992,1330290,13,601,75,#,7,#,0.41
1330290015,1992,1330290,13,601,75,#,4.7,#,0.57
1330290017,1992,1330290,13,601,75,#,5.2,#,0.27
1330290019,1992,1330290,13,601,75,#,6.3,#,0.45
1330290021,1992,1330290,13,601,75,#,5.5,#,0.35
1330290023,1992,1330290,13,601,75,#,7.1,#,0.46
1330300001,1992,1330300,13,601,76,#,16,#,0.6
1330300003,1992,1330300,13,601,76,#,15,#,0.61
1330300005,1992,1330300,13,601,76,#,14,#,0.72
1330300007,1992,1330300,13,601,76,#,11,#,0.56
1330300009,1992,1330300,13,601,76,#,12,#,0.86
1330300011,1992,1330300,13,601,76,#,10,#,0.73
1330300013,1992,1330300,13,601,76,#,8.1,#,0.61
1330300015,1992,1330300,13,601,76,#,11,#,0.85
1330300017,1992,1330300,13,601,76,#,12,#,0.51
1330300019,1992,1330300,13,601,76,#,13,#,0.7
1330300021,1992,1330300,13,601,76,#,13,#,0.94
1330300023,1992,1330300,13,601,76,#,15,#,0.68
1330320001,1992,1330320,13,601,78,#,4.9,#,0.29
1330320003,1992,1330320,13,601,78,#,4.6,#,0.31
1330320005,1992,1330320,13,601,78,#,6.8,#,0.5
1330320007,1992,1330320,13,601,78,#,4.9,#,0.41
1330320009,1992,1330320,13,601,78,#,6.9,#,0.62
1330320011,1992,1330320,13,601,78,#,6.8,#,0.45
1330320013,1992,1330320,13,601,78,#,6.4,#,0.42
1330320015,1992,1330320,13,601,78,#,6.3,#,0.33
1330320017,1992,1330320,13,601,78,#,4.6,#,0.21
1330320019,1992,1330320,13,601,78,#,2.8,#,0.18
1330320021,1992,1330320,13,601,78,#,4.1,#,0.22
1330320023,1992,1330320,13,601,78,#,5.3,#,0.25
1330340001,1992,1330340,13,601,80,#,8.8,#,0.35
1330340003,1992,1330340,13,601,80,#,10,#,0.72
1330340005,1992,1330340,13,601,80,#,7.7,#,0.53
1330340007,1992,1330340,13,601,80,#,7.5,#,0.48
1330340009,1992,1330340,13,601,80,#,10,#,0.69
1330340011,1992,1330340,13,601,80,#,9.7,#,0.52
1330340013,1992,1330340,13,601,80,#,9.2,#,0.47
1330340015,1992,1330340,13,601,80,#,10,#,0.43
1330340017,1992,1330340,13,601,80,#,5.8,#,0.35
1330340019,1992,1330340,13,601,80,#,7.3,#,0.51
1330340021,1992,1330340,13,601,80,#,10,#,0.54
1330340023,1992,1330340,13,601,80,#,9,#,0.34
1330350001,1992,1330350,13,601,81,#,5.2,#,0.26
1330350003,1992,1330350,13,601,81,#,6.5,#,0.45
1330350005,1992,1330350,13,601,81,#,6.5,#,0.54
1330350007,1992,1330350,13,601,81,#,5.2,#,0.51
1330350009,1992,1330350,13,601,81,#,7.5,#,0.68
1330350011,1992,1330350,13,601,81,#,9.9,#,0.81
1330350013,1992,1330350,13,601,81,#,8.5,#,0.62
1330350015,1992,1330350,13,601,81,#,8.8,#,0.62
1330350017,1992,1330350,13,601,81,#,7.9,#,0.56
1330350019,1992,1330350,13,601,81,#,8.8,#,0.66
1330350021,1992,1330350,13,601,81,#,7.6,#,0.55
1330350023,1992,1330350,13,601,81,#,8.1,#,0.41
1330370001,1992,1330370,13,602,01,#,2.9,#,0.21
1330370002,1992,1330370,13,602,01,#,1.3,#,0.082
1330370004,1992,1330370,13,602,01,#,3.1,#,0.19
1330370005,1992,1330370,13,602,01,#,0.88,#,0.068
1330370006,1992,1330370,13,602,01,#,2.6,#,0.17
1330370007,1992,1330370,13,602,01,#,1.2,#,0.15
1330370009,1992,1330370,13,602,01,#,3,#,0.25
1330370010,1992,1330370,13,602,01,#,1.2,#,0.13
1330370011,1992,1330370,13,602,01,#,1.9,#,0.17
1330370012,1992,1330370,13,602,01,#,1,#,0.17
1330370014,1992,1330370,13,602,01,#,1.5,#,0.16
1330370015,1992,1330370,13,602,01,#,1.1,#,0.2
1330370016,1992,1330370,13,602,01,#,1.5,#,0.14
1330370017,1992,1330370,13,602,01,#,0.8,#,0.097
1330370019,1992,1330370,13,602,01,#,1.4,#,0.11
1330370020,1992,1330370,13,602,01,#,1,#,0.091
1330370021,1992,1330370,13,602,01,#,1.6,#,0.1
1330370022,1992,1330370,13,602,01,#,1.1,#,0.086
1330370024,1992,1330370,13,602,01,#,2.2,#,0.13
1330370025,1992,1330370,13,602,01,#,1.1,#,0.072
1330370026,1992,1330370,13,602,01,#,1,#,0.069
1330370027,1992,1330370,13,602,01,#,1,#,0.079
1330370029,1992,1330370,13,602,01,#,3.2,#,0.17
1330370030,1992,1330370,13,602,01,#,1.3,#,0.076
1330440001,1992,1330440,13,603,01,#,1.3,#,0.068
1330440002,1992,1330440,13,603,01,#,1.1,#,0.062
1330440004,1992,1330440,13,603,01,#,1.2,#,0.072
1330440005,1992,1330440,13,603,01,#,0.76,#,0.049
1330440006,1992,1330440,13,603,01,#,2,#,0.2
1330440007,1992,1330440,13,603,01,#,1.1,#,0.21
1330440009,1992,1330440,13,603,01,#,1.6,#,0.11
1330440010,1992,1330440,13,603,01,#,0.94,#,0.18
1330440011,1992,1330440,13,603,01,#,1.3,#,0.12
1330440012,1992,1330440,13,603,01,#,0.65,#,0.15
1330440014,1992,1330440,13,603,01,#,1.1,#,0.083
1330440015,1992,1330440,13,603,01,#,0.73,#,0.11
1330440016,1992,1330440,13,603,01,#,1.1,#,0.076
1330440017,1992,1330440,13,603,01,#,0.59,#,0.08
1330440019,1992,1330440,13,603,01,#,1.1,#,0.07
1330440020,1992,1330440,13,603,01,#,0.8,#,0.074
1330440021,1992,1330440,13,603,01,#,1.3,#,0.092
1330440022,1992,1330440,13,603,01,#,0.82,#,0.052
1330440024,1992,1330440,13,603,01,#,1.1,#,0.064
1330440025,1992,1330440,13,603,01,#,0.86,#,0.046
1330440026,1992,1330440,13,603,01,#,1.1,#,0.049
1330440027,1992,1330440,13,603,01,#,1,#,0.052
1330440029,1992,1330440,13,603,01,#,1.3,#,0.044
1330440030,1992,1330440,13,603,01,#,0.91,#,0.047
1330450001,1992,1330450,13,603,02,#,2.6,#,0.15
1330450002,1992,1330450,13,603,02,#,0.76,#,0.082
1330450004,1992,1330450,13,603,02,#,2.2,#,0.14
1330450005,1992,1330450,13,603,02,#,0.79,#,0.052
1330450006,1992,1330450,13,603,02,#,4.8,#,0.73
1330450007,1992,1330450,13,603,02,#,0.98,#,0.16
1330450009,1992,1330450,13,603,02,#,2.2,#,0.15
1330450010,1992,1330450,13,603,02,#,0.77,#,0.14
1330450011,1992,1330450,13,603,02,#,2.1,#,0.17
1330450012,1992,1330450,13,603,02,#,0.44,#,0.13
1330450014,1992,1330450,13,603,02,#,2,#,0.18
1330450015,1992,1330450,13,603,02,#,0.72,#,0.15
1330450016,1992,1330450,13,603,02,#,2,#,0.17
1330450017,1992,1330450,13,603,02,#,0.45,#,0.058
1330450019,1992,1330450,13,603,02,#,1.6,#,0.11
1330450020,1992,1330450,13,603,02,#,0.71,#,0.078
1330450021,1992,1330450,13,603,02,#,1.7,#,0.1
1330450022,1992,1330450,13,603,02,#,0.55,#,0.055
1330450024,1992,1330450,13,603,02,#,1.5,#,0.096
1330450025,1992,1330450,13,603,02,#,0.68,#,0.05
1330450026,1992,1330450,13,603,02,#,1.5,#,0.089
1330450027,1992,1330450,13,603,02,#,0.55,#,0.049
1330450029,1992,1330450,13,603,02,#,1.5,#,0.06
1330450030,1992,1330450,13,603,02,#,0.8,#,0.055
1330600001,1992,1330600,13,604,01,#,1.1,#,0.049
1330600002,1992,1330600,13,604,01,#,0.58,#,0.052
1330600004,1992,1330600,13,604,01,#,0.9,#,0.045
1330600005,1992,1330600,13,604,01,#,0.43,#,0.044
1330600006,1992,1330600,13,604,01,#,1.6,#,0.093
1330600007,1992,1330600,13,604,01,#,0.46,#,0.055
1330600009,1992,1330600,13,604,01,#,1.9,#,0.13
1330600010,1992,1330600,13,604,01,#,0.73,#,0.11
1330600011,1992,1330600,13,604,01,#,0.92,#,0.089
1330600012,1992,1330600,13,604,01,#,0.44,#,0.073
1330600014,1992,1330600,13,604,01,#,0.91,#,0.072
1330600015,1992,1330600,13,604,01,#,0.6,#,0.13
1330600016,1992,1330600,13,604,01,#,0.95,#,0.1
1330600017,1992,1330600,13,604,01,#,0.33,#,0.043
1330600019,1992,1330600,13,604,01,#,0.79,#,0.06
1330600020,1992,1330600,13,604,01,#,0.59,#,0.055
1330600021,1992,1330600,13,604,01,#,0.96,#,0.071
1330600022,1992,1330600,13,604,01,#,0.4,#,0.043
1330600024,1992,1330600,13,604,01,#,1.3,#,0.068
1330600025,1992,1330600,13,604,01,#,0.86,#,0.048
1330600026,1992,1330600,13,604,01,#,1,#,0.048
1330600027,1992,1330600,13,604,01,#,0.66,#,0.049
1330600029,1992,1330600,13,604,01,#,1.1,#,0.035
1330600030,1992,1330600,13,604,01,#,0.8,#,0.058
