レコードID,測定年度,絶対番号,都道府県コード,水域コード,地点コード,全窒素_C,全窒素(mg/l),全燐_C,全燐(mg/l)
1310010001,1989,1310010,13,001,01,#,3.4,#,0.42
1310010004,1989,1310010,13,001,01,#,2.3,#,0.22
1310010007,1989,1310010,13,001,01,#,3,#,0.12
1310010010,1989,1310010,13,001,01,#,2.7,#,0.13
1310010017,1989,1310010,13,001,01,#,3.7,#,0.17
1310010020,1989,1310010,13,001,01,#,3,#,0.41
1310010023,1989,1310010,13,001,01,#,3.7,#,0.11
1310010026,1989,1310010,13,001,01,#,3.3,#,0.11
1310010029,1989,1310010,13,001,01,#,3.8,#,0.18
1310010036,1989,1310010,13,001,01,#,4.7,#,0.22
1310010039,1989,1310010,13,001,01,#,4.8,#,0.24
1310010042,1989,1310010,13,001,01,#,2.8,#,0.12
1310020001,1989,1310020,13,001,51,#,5.8,#,0.1
1310020002,1989,1310020,13,001,51,#,4.9,#,0.086
1310020003,1989,1310020,13,001,51,#,3.6,#,0.12
1310020004,1989,1310020,13,001,51,#,3.3,#,0.091
1310020005,1989,1310020,13,001,51,#,5.4,#,0.11
1310020006,1989,1310020,13,001,51,#,3.5,#,0.092
1310020007,1989,1310020,13,001,51,#,3.8,#,0.084
1310020008,1989,1310020,13,001,51,#,5.4,#,0.087
1310020009,1989,1310020,13,001,51,#,4.4,#,0.14
1310020010,1989,1310020,13,001,51,#,6.8,#,0.23
1310020011,1989,1310020,13,001,51,#,4.3,#,0.22
1310020012,1989,1310020,13,001,51,#,3.3,#,0.1
1310030001,1989,1310030,13,002,01,#,2.7,#,0.33
1310030004,1989,1310030,13,002,01,#,2.5,#,0.24
1310030007,1989,1310030,13,002,01,#,3.3,#,0.17
1310030010,1989,1310030,13,002,01,#,3.1,#,0.11
1310030017,1989,1310030,13,002,01,#,3.2,#,0.11
1310030020,1989,1310030,13,002,01,#,3,#,0.26
1310030023,1989,1310030,13,002,01,#,3.6,#,0.17
1310030026,1989,1310030,13,002,01,#,3.6,#,0.12
1310030029,1989,1310030,13,002,01,#,4.5,#,0.24
1310030036,1989,1310030,13,002,01,#,4.5,#,0.18
1310030039,1989,1310030,13,002,01,#,6.1,#,0.32
1310030042,1989,1310030,13,002,01,#,3.3,#,0.14
1310060001,1989,1310060,13,003,01,#,6.2,#,0.21
1310060005,1989,1310060,13,003,01,#,5,#,0.09
1310060009,1989,1310060,13,003,01,#,3.5,#,0.14
1310060013,1989,1310060,13,003,01,#,3.1,#,0.11
1310060017,1989,1310060,13,003,01,#,5.3,#,0.16
1310060021,1989,1310060,13,003,01,#,3.7,#,0.15
1310060025,1989,1310060,13,003,01,#,3.5,#,0.11
1310060029,1989,1310060,13,003,01,#,4.6,#,0.13
1310060033,1989,1310060,13,003,01,#,4.7,#,0.16
1310060037,1989,1310060,13,003,01,#,5.2,#,0.23
1310060041,1989,1310060,13,003,01,#,4.6,#,0.23
1310060045,1989,1310060,13,003,01,#,3.1,#,0.12
1310090002,1989,1310090,13,004,01,#,4.7,#,0.52
1310090005,1989,1310090,13,004,01,#,4.6,#,0.21
1310090008,1989,1310090,13,004,01,#,3.1,#,0.18
1310090012,1989,1310090,13,004,01,#,3,#,0.18
1310090014,1989,1310090,13,004,01,#,3.2,#,0.2
1310090021,1989,1310090,13,004,01,#,4.2,#,0.19
1310090024,1989,1310090,13,004,01,#,4.4,#,0.17
1310090027,1989,1310090,13,004,01,#,5.5,#,0.3
1310090030,1989,1310090,13,004,01,#,7.9,#,0.53
1310090033,1989,1310090,13,004,01,#,10,#,0.77
1310090040,1989,1310090,13,004,01,#,7,#,0.36
1310090043,1989,1310090,13,004,01,#,7.2,#,0.49
1310100001,1989,1310100,13,004,02,#,7.2,#,0.34
1310100005,1989,1310100,13,004,02,#,5.2,#,0.4
1310100009,1989,1310100,13,004,02,#,3.9,#,0.53
1310100013,1989,1310100,13,004,02,#,3.6,#,0.56
1310100017,1989,1310100,13,004,02,#,4.8,#,0.19
1310100021,1989,1310100,13,004,02,#,4,#,0.19
1310100025,1989,1310100,13,004,02,#,4.1,#,0.23
1310100029,1989,1310100,13,004,02,#,5.6,#,0.28
1310100033,1989,1310100,13,004,02,#,4.8,#,0.3
1310100037,1989,1310100,13,004,02,#,6.8,#,0.35
1310100041,1989,1310100,13,004,02,#,4.2,#,0.26
1310100045,1989,1310100,13,004,02,#,6.1,#,0.47
1310140002,1989,1310140,13,005,01,#,5.6,#,0.51
1310140004,1989,1310140,13,005,01,#,4.3,#,0.35
1310140006,1989,1310140,13,005,01,#,4.3,#,0.41
1310140008,1989,1310140,13,005,01,#,5.2,#,0.43
1310140021,1989,1310140,13,005,01,#,4.7,#,0.33
1310140023,1989,1310140,13,005,01,#,7.2,#,0.62
1310140025,1989,1310140,13,005,01,#,6.6,#,0.67
1310140026,1989,1310140,13,005,01,#,7.3,#,0.83
1310140029,1989,1310140,13,005,01,#,10,#,1.4
1310140031,1989,1310140,13,005,01,#,14,#,1.6
1310140044,1989,1310140,13,005,01,#,11,#,0.87
1310140046,1989,1310140,13,005,01,#,8.3,#,0.91
1310160002,1989,1310160,13,005,52,#,14,#,1
1310160003,1989,1310160,13,005,52,#,6.8,#,0.38
1310160005,1989,1310160,13,005,52,#,5.5,#,0.71
1310160007,1989,1310160,13,005,52,#,5,#,0.54
1310160009,1989,1310160,13,005,52,#,6,#,0.33
1310160012,1989,1310160,13,005,52,#,4.9,#,0.64
1310160014,1989,1310160,13,005,52,#,6.4,#,1
1310160015,1989,1310160,13,005,52,#,8.2,#,0.46
1310160017,1989,1310160,13,005,52,#,7.8,#,0.57
1310160019,1989,1310160,13,005,52,#,13,#,0.87
1310160021,1989,1310160,13,005,52,#,10,#,0.55
1310160023,1989,1310160,13,005,52,#,8.9,#,0.72
1310180001,1989,1310180,13,006,01,#,4.4,#,0.3
1310180004,1989,1310180,13,006,01,#,4.2,#,0.21
1310180007,1989,1310180,13,006,01,#,3,#,0.17
1310180010,1989,1310180,13,006,01,#,5.1,#,0.35
1310180013,1989,1310180,13,006,01,#,4.3,#,0.17
1310180021,1989,1310180,13,006,01,#,5.9,#,0.25
1310180024,1989,1310180,13,006,01,#,4.6,#,0.25
1310180027,1989,1310180,13,006,01,#,6.7,#,0.34
1310180030,1989,1310180,13,006,01,#,7.3,#,0.58
1310180033,1989,1310180,13,006,01,#,12,#,0.74
1310180036,1989,1310180,13,006,01,#,6.9,#,0.41
1310180044,1989,1310180,13,006,01,#,9.9,#,1.1
1310190001,1989,1310190,13,006,02,#,4.4,#,0.29
1310190004,1989,1310190,13,006,02,#,4.3,#,0.23
1310190007,1989,1310190,13,006,02,#,2.8,#,0.16
1310190010,1989,1310190,13,006,02,#,3.5,#,0.21
1310190013,1989,1310190,13,006,02,#,2.6,#,0.18
1310190021,1989,1310190,13,006,02,#,3.9,#,0.18
1310190024,1989,1310190,13,006,02,#,3.3,#,0.092
1310190027,1989,1310190,13,006,02,#,3.4,#,0.21
1310190030,1989,1310190,13,006,02,#,1.6,#,0.14
1310190033,1989,1310190,13,006,02,#,2.2,#,0.14
1310190036,1989,1310190,13,006,02,#,6.1,#,0.35
1310190044,1989,1310190,13,006,02,#,6.2,#,0.34
1310200001,1989,1310200,13,006,51,#,3.8,#,0.22
1310200003,1989,1310200,13,006,51,#,3.3,#,0.17
1310200005,1989,1310200,13,006,51,#,2.7,#,0.17
1310200007,1989,1310200,13,006,51,#,4.6,#,0.17
1310200009,1989,1310200,13,006,51,#,4.9,#,0.22
1310200011,1989,1310200,13,006,51,#,5.4,#,0.24
1310200013,1989,1310200,13,006,51,#,4.4,#,0.3
1310200015,1989,1310200,13,006,51,#,5,#,0.18
1310200017,1989,1310200,13,006,51,#,9.1,#,0.59
1310200019,1989,1310200,13,006,51,#,11,#,0.76
1310200021,1989,1310200,13,006,51,#,6.4,#,0.32
1310200023,1989,1310200,13,006,51,#,7.8,#,0.51
1310210001,1989,1310210,13,006,52,#,4.3,#,0.36
1310210003,1989,1310210,13,006,52,#,6.6,#,0.37
1310210005,1989,1310210,13,006,52,#,2.8,#,0.22
1310210007,1989,1310210,13,006,52,#,6,#,0.37
1310210009,1989,1310210,13,006,52,#,5,#,0.18
1310210011,1989,1310210,13,006,52,#,5.8,#,0.3
1310210013,1989,1310210,13,006,52,#,4.7,#,0.3
1310210015,1989,1310210,13,006,52,#,7.8,#,0.38
1310210017,1989,1310210,13,006,52,#,9.2,#,0.61
1310210019,1989,1310210,13,006,52,#,12,#,0.9
1310210021,1989,1310210,13,006,52,#,9.3,#,0.57
1310210023,1989,1310210,13,006,52,#,10,#,1.2
1310220001,1989,1310220,13,006,53,#,5.5,#,0.31
1310220003,1989,1310220,13,006,53,#,4.8,#,0.23
1310220005,1989,1310220,13,006,53,#,2.9,#,0.2
1310220007,1989,1310220,13,006,53,#,5.1,#,0.28
1310220009,1989,1310220,13,006,53,#,4.3,#,0.18
1310220011,1989,1310220,13,006,53,#,5.4,#,0.22
1310220013,1989,1310220,13,006,53,#,4.6,#,0.18
1310220015,1989,1310220,13,006,53,#,7,#,0.34
1310220017,1989,1310220,13,006,53,#,4.9,#,0.35
1310220019,1989,1310220,13,006,53,#,10,#,0.73
1310220021,1989,1310220,13,006,53,#,5.5,#,0.35
1310220023,1989,1310220,13,006,53,#,7.4,#,0.35
1310230001,1989,1310230,13,007,01,#,15,#,0.69
1310230005,1989,1310230,13,007,01,#,10,#,0.59
1310230009,1989,1310230,13,007,01,#,11,#,0.67
1310230013,1989,1310230,13,007,01,#,8.9,#,0.57
1310230017,1989,1310230,13,007,01,#,18,#,0.58
1310230021,1989,1310230,13,007,01,#,5.8,#,0.53
1310230025,1989,1310230,13,007,01,#,7.2,#,0.45
1310230029,1989,1310230,13,007,01,#,9.5,#,0.49
1310230033,1989,1310230,13,007,01,#,10,#,0.52
1310230037,1989,1310230,13,007,01,#,12,#,0.53
1310230041,1989,1310230,13,007,01,#,10,#,0.57
1310230045,1989,1310230,13,007,01,#,8.9,#,0.51
1310240001,1989,1310240,13,007,02,#,17,#,0.77
1310240005,1989,1310240,13,007,02,#,13,#,0.85
1310240009,1989,1310240,13,007,02,#,14,#,0.87
1310240013,1989,1310240,13,007,02,#,9.4,#,0.51
1310240017,1989,1310240,13,007,02,#,11,#,0.45
1310240021,1989,1310240,13,007,02,#,9.9,#,0.56
1310240025,1989,1310240,13,007,02,#,9.7,#,0.55
1310240029,1989,1310240,13,007,02,#,14,#,0.92
1310240033,1989,1310240,13,007,02,#,18,#,1.2
1310240037,1989,1310240,13,007,02,#,20,#,1.2
1310240041,1989,1310240,13,007,02,#,17,#,1.3
1310240045,1989,1310240,13,007,02,#,12,#,0.86
1310250001,1989,1310250,13,007,51,#,4.6,#,0.29
1310250003,1989,1310250,13,007,51,#,6,#,0.39
1310250005,1989,1310250,13,007,51,#,2.9,#,0.17
1310250007,1989,1310250,13,007,51,#,5.7,#,0.29
1310250009,1989,1310250,13,007,51,#,8.6,#,0.55
1310250011,1989,1310250,13,007,51,#,5.3,#,0.27
1310250013,1989,1310250,13,007,51,#,5.6,#,0.64
1310250015,1989,1310250,13,007,51,#,6.7,#,0.31
1310250017,1989,1310250,13,007,51,#,1.1,#,0.88
1310250019,1989,1310250,13,007,51,#,12,#,0.87
1310250021,1989,1310250,13,007,51,#,11,#,0.7
1310250023,1989,1310250,13,007,51,#,8.3,#,0.62
1310260001,1989,1310260,13,007,53,#,20,#,0.74
1310260003,1989,1310260,13,007,53,#,11,#,0.7
1310260005,1989,1310260,13,007,53,#,14,#,1
1310260007,1989,1310260,13,007,53,#,9.8,#,0.7
1310260009,1989,1310260,13,007,53,#,11,#,0.59
1310260011,1989,1310260,13,007,53,#,8.2,#,0.62
1310260013,1989,1310260,13,007,53,#,9.7,#,0.61
1310260015,1989,1310260,13,007,53,#,13,#,0.71
1310260017,1989,1310260,13,007,53,#,14,#,0.82
1310260019,1989,1310260,13,007,53,#,17,#,0.82
1310260021,1989,1310260,13,007,53,#,15,#,0.93
1310260023,1989,1310260,13,007,53,#,9.1,#,0.72
1310290001,1989,1310290,13,008,01,#,8.6,#,0.5
1310290003,1989,1310290,13,008,01,#,4.8,#,0.43
1310290005,1989,1310290,13,008,01,#,6.8,#,0.33
1310290007,1989,1310290,13,008,01,#,3.3,#,0.35
1310290009,1989,1310290,13,008,01,#,5.5,#,0.19
1310290011,1989,1310290,13,008,01,#,7.8,#,0.63
1310290013,1989,1310290,13,008,01,#,5.7,#,0.57
1310290015,1989,1310290,13,008,01,#,9.1,#,0.48
1310290017,1989,1310290,13,008,01,#,7.2,#,0.2
1310290019,1989,1310290,13,008,01,#,10,#,0.3
1310290021,1989,1310290,13,008,01,#,5.7,#,0.28
1310290023,1989,1310290,13,008,01,#,4.8,#,0.34
1310300001,1989,1310300,13,009,01,#,7.7,#,0.24
1310300003,1989,1310300,13,009,01,#,4.3,#,0.56
1310300005,1989,1310300,13,009,01,#,5.5,#,0.29
1310300007,1989,1310300,13,009,01,#,10,#,0.57
1310300009,1989,1310300,13,009,01,#,9.7,#,0.63
1310300011,1989,1310300,13,009,01,#,6.6,#,0.54
1310300013,1989,1310300,13,009,01,#,5.7,#,0.47
1310300015,1989,1310300,13,009,01,#,15,#,0.55
1310300017,1989,1310300,13,009,01,#,7.1,#,0.19
1310300019,1989,1310300,13,009,01,#,5.7,#,0.19
1310300021,1989,1310300,13,009,01,#,8.1,#,0.35
1310300023,1989,1310300,13,009,01,#,7.6,#,0.69
1310310001,1989,1310310,13,010,01,#,4.7,#,0.18
1310310002,1989,1310310,13,010,01,#,1.8,#,0.41
1310310003,1989,1310310,13,010,01,#,4.2,#,0.26
1310310004,1989,1310310,13,010,01,#,4.7,#,0.44
1310310005,1989,1310310,13,010,01,#,8.4,#,0.29
1310310006,1989,1310310,13,010,01,#,5.4,#,0.34
1310310007,1989,1310310,13,010,01,#,4.9,#,0.37
1310310008,1989,1310310,13,010,01,#,6.6,#,0.51
1310310009,1989,1310310,13,010,01,#,4.3,#,0.24
1310310010,1989,1310310,13,010,01,#,6.6,#,0.21
1310310011,1989,1310310,13,010,01,#,5.1,#,0.32
1310310012,1989,1310310,13,010,01,#,5.2,#,0.46
1310320001,1989,1310320,13,011,01,#,9.8,#,0.61
1310320003,1989,1310320,13,011,01,#,6.8,#,0.73
1310320005,1989,1310320,13,011,01,#,9.2,#,0.77
1310320007,1989,1310320,13,011,01,#,6.2,#,0.8
1310320009,1989,1310320,13,011,01,#,6.5,#,0.82
1310320011,1989,1310320,13,011,01,#,5.4,#,0.41
1310320013,1989,1310320,13,011,01,#,5.5,#,0.39
1310320015,1989,1310320,13,011,01,#,6.6,#,0.52
1310320017,1989,1310320,13,011,01,#,9.8,#,0.4
1310320019,1989,1310320,13,011,01,#,10,#,0.31
1310320021,1989,1310320,13,011,01,#,6.7,#,0.44
1310320023,1989,1310320,13,011,01,#,4.6,#,0.38
1310330001,1989,1310330,13,012,01,#,6.3,#,0.47
1310330003,1989,1310330,13,012,01,#,5,#,1.5
1310330005,1989,1310330,13,012,01,#,6.7,#,1.1
1310330007,1989,1310330,13,012,01,#,5.2,#,0.9
1310330009,1989,1310330,13,012,01,#,5.8,#,0.43
1310330022,1989,1310330,13,012,01,#,5.3,#,1.1
1310330024,1989,1310330,13,012,01,#,5.5,#,1.1
1310330026,1989,1310330,13,012,01,#,7.5,#,0.86
1310330028,1989,1310330,13,012,01,#,9.2,#,1.4
1310330030,1989,1310330,13,012,01,#,10,#,1.4
1310330032,1989,1310330,13,012,01,#,7.8,#,0.6
1310330045,1989,1310330,13,012,01,#,5.9,#,0.77
1310340001,1989,1310340,13,013,01,#,0.66,#,0.014
1310340005,1989,1310340,13,013,01,#,0.43,#,0.011
1310340009,1989,1310340,13,013,01,#,0.6,#,0.01
1310340013,1989,1310340,13,013,01,#,0.69,#,0.014
1310340017,1989,1310340,13,013,01,#,0.62,#,0.017
1310340021,1989,1310340,13,013,01,#,0.61,#,0.013
1310340025,1989,1310340,13,013,01,#,0.58,#,0.015
1310340029,1989,1310340,13,013,01,#,0.58,#,0.016
1310340033,1989,1310340,13,013,01,#,0.48,#,0.011
1310340037,1989,1310340,13,013,01,#,0.52,#,0.014
1310340041,1989,1310340,13,013,01,#,0.62,#,0.015
1310340045,1989,1310340,13,013,01,#,0.78,#,0.011
1310370001,1989,1310370,13,014,01,#,3.1,#,0.068
1310370005,1989,1310370,13,014,01,#,2.6,#,0.072
1310370009,1989,1310370,13,014,01,#,1.9,#,0.076
1310370013,1989,1310370,13,014,01,#,1.2,#,0.063
1310370017,1989,1310370,13,014,01,#,0.86,#,0.13
1310370025,1989,1310370,13,014,01,#,1.6,#,0.045
1310370029,1989,1310370,13,014,01,#,1.4,#,0.058
1310370033,1989,1310370,13,014,01,#,2.4,#,0.088
1310370037,1989,1310370,13,014,01,#,2.8,#,0.13
1310370041,1989,1310370,13,014,01,#,2.8,#,0.25
1310370045,1989,1310370,13,014,01,#,3.8,#,0.18
1310370053,1989,1310370,13,014,01,#,2,#,0.11
1310380001,1989,1310380,13,014,51,#,0.84,E,99999
1310380003,1989,1310380,13,014,51,#,0.6,E,99999
1310380005,1989,1310380,13,014,51,#,0.53,E,99999
1310380007,1989,1310380,13,014,51,#,0.63,E,99999
1310380009,1989,1310380,13,014,51,#,0.84,E,99999
1310380011,1989,1310380,13,014,51,#,0.63,E,99999
1310380013,1989,1310380,13,014,51,#,0.67,E,99999
1310380015,1989,1310380,13,014,51,#,0.61,E,99999
1310380017,1989,1310380,13,014,51,#,0.7,E,99999
1310380019,1989,1310380,13,014,51,#,0.33,E,99999
1310380021,1989,1310380,13,014,51,#,0.6,E,99999
1310380023,1989,1310380,13,014,51,#,0.79,E,99999
1310390001,1989,1310390,13,014,52,#,0.74,#,0.013
1310390002,1989,1310390,13,014,52,#,0.63,#,0.012
1310390003,1989,1310390,13,014,52,#,0.5,#,0.01
1310390004,1989,1310390,13,014,52,#,0.65,#,0.014
1310390005,1989,1310390,13,014,52,#,0.76,#,0.019
1310390006,1989,1310390,13,014,52,#,0.63,#,0.012
1310390007,1989,1310390,13,014,52,#,0.6,#,0.025
1310390008,1989,1310390,13,014,52,#,0.63,#,0.012
1310390009,1989,1310390,13,014,52,#,0.47,#,0.01
1310390010,1989,1310390,13,014,52,#,0.5,#,0.006
1310390011,1989,1310390,13,014,52,#,0.75,#,0.014
1310390012,1989,1310390,13,014,52,#,0.85,#,0.01
1310400001,1989,1310400,13,014,53,#,3.7,#,0.074
1310400002,1989,1310400,13,014,53,#,2.5,#,0.099
1310400003,1989,1310400,13,014,53,#,2.1,#,0.086
1310400004,1989,1310400,13,014,53,#,2.6,#,0.056
1310400005,1989,1310400,13,014,53,#,1.6,#,0.029
1310400006,1989,1310400,13,014,53,#,1.2,#,0.03
1310400007,1989,1310400,13,014,53,#,1.5,#,0.045
1310400008,1989,1310400,13,014,53,#,2.9,#,0.1
1310400009,1989,1310400,13,014,53,#,3.8,#,0.13
1310400010,1989,1310400,13,014,53,#,4.4,#,0.19
1310400011,1989,1310400,13,014,53,#,4.6,#,0.17
1310400012,1989,1310400,13,014,53,#,3.3,#,0.074
1310410001,1989,1310410,13,015,01,#,6.8,#,0.57
1310410005,1989,1310410,13,015,01,#,6.3,#,0.67
1310410009,1989,1310410,13,015,01,#,6.1,#,0.59
1310410013,1989,1310410,13,015,01,#,4.7,#,0.81
1310410017,1989,1310410,13,015,01,#,2.1,#,0.27
1310410021,1989,1310410,13,015,01,#,4.8,#,0.44
1310410025,1989,1310410,13,015,01,#,5.1,#,0.6
1310410029,1989,1310410,13,015,01,#,6.8,#,0.8
1310410033,1989,1310410,13,015,01,#,9.6,#,0.97
1310410037,1989,1310410,13,015,01,#,8.8,#,1.1
1310410041,1989,1310410,13,015,01,#,11,#,1.1
1310410045,1989,1310410,13,015,01,#,7.7,#,0.94
1310420001,1989,1310420,13,015,02,#,7,#,0.46
1310420005,1989,1310420,13,015,02,#,5.3,#,0.44
1310420009,1989,1310420,13,015,02,#,4.5,#,0.47
1310420013,1989,1310420,13,015,02,#,4.3,#,0.53
1310420017,1989,1310420,13,015,02,#,2,#,0.26
1310420025,1989,1310420,13,015,02,#,4.4,#,0.37
1310420029,1989,1310420,13,015,02,#,4,#,0.46
1310420033,1989,1310420,13,015,02,#,6.1,#,0.63
1310420037,1989,1310420,13,015,02,#,7.4,#,0.74
1310420041,1989,1310420,13,015,02,#,7.3,#,0.85
1310420045,1989,1310420,13,015,02,#,8.9,#,0.76
1310420053,1989,1310420,13,015,02,#,4.7,#,0.55
1310430001,1989,1310430,13,015,51,#,5.6,E,99999
1310430005,1989,1310430,13,015,51,#,4.1,E,99999
1310430009,1989,1310430,13,015,51,#,3.1,E,99999
1310430013,1989,1310430,13,015,51,#,2.1,E,99999
1310430017,1989,1310430,13,015,51,#,1,E,99999
1310430021,1989,1310430,13,015,51,#,2.4,E,99999
1310430025,1989,1310430,13,015,51,#,2.4,E,99999
1310430029,1989,1310430,13,015,51,#,4,E,99999
1310430033,1989,1310430,13,015,51,#,6.6,E,99999
1310430037,1989,1310430,13,015,51,#,5.9,E,99999
1310430041,1989,1310430,13,015,51,#,7.3,E,99999
1310430045,1989,1310430,13,015,51,#,3.3,E,99999
1310450001,1989,1310450,13,015,53,#,6.4,E,99999
1310450003,1989,1310450,13,015,53,#,6.3,E,99999
1310450005,1989,1310450,13,015,53,#,5.8,E,99999
1310450007,1989,1310450,13,015,53,#,4.8,E,99999
1310450009,1989,1310450,13,015,53,#,2,E,99999
1310450011,1989,1310450,13,015,53,#,4.7,E,99999
1310450013,1989,1310450,13,015,53,#,5,E,99999
1310450015,1989,1310450,13,015,53,#,6.7,E,99999
1310450017,1989,1310450,13,015,53,#,8.6,E,99999
1310450019,1989,1310450,13,015,53,#,8.2,E,99999
1310450021,1989,1310450,13,015,53,#,10,E,99999
1310450023,1989,1310450,13,015,53,#,6.1,E,99999
1310460001,1989,1310460,13,015,54,#,6.9,#,0.48
1310460005,1989,1310460,13,015,54,#,5.6,#,0.52
1310460009,1989,1310460,13,015,54,#,5,#,0.51
1310460013,1989,1310460,13,015,54,#,4.4,#,0.62
1310460017,1989,1310460,13,015,54,#,1.8,#,0.24
1310460021,1989,1310460,13,015,54,#,4.3,#,0.43
1310460025,1989,1310460,13,015,54,#,4.4,#,0.47
1310460029,1989,1310460,13,015,54,#,6.6,#,0.69
1310460033,1989,1310460,13,015,54,#,6.2,#,0.63
1310460037,1989,1310460,13,015,54,#,8.4,#,0.97
1310460041,1989,1310460,13,015,54,#,10,#,0.94
1310460045,1989,1310460,13,015,54,#,5.4,#,0.56
1310470001,1989,1310470,13,015,55,#,6.3,#,0.45
1310470002,1989,1310470,13,015,55,#,6,#,0.58
1310470003,1989,1310470,13,015,55,#,6.1,#,0.42
1310470004,1989,1310470,13,015,55,#,4.2,#,0.33
1310470005,1989,1310470,13,015,55,#,4.2,#,0.3
1310470006,1989,1310470,13,015,55,#,4.3,#,0.23
1310470007,1989,1310470,13,015,55,#,3.5,#,0.37
1310470008,1989,1310470,13,015,55,#,5.1,#,0.4
1310470009,1989,1310470,13,015,55,#,7.5,#,0.49
1310470010,1989,1310470,13,015,55,#,9.6,#,0.61
1310470011,1989,1310470,13,015,55,#,9.2,#,0.52
1310470012,1989,1310470,13,015,55,#,6.8,#,0.38
1310490001,1989,1310490,13,015,57,#,5.8,#,0.37
1310490002,1989,1310490,13,015,57,#,8,#,0.46
1310490003,1989,1310490,13,015,57,#,5.2,#,0.4
1310490004,1989,1310490,13,015,57,#,4.2,#,0.33
1310490005,1989,1310490,13,015,57,#,8.4,#,0.26
1310490006,1989,1310490,13,015,57,#,4.2,#,0.23
1310490007,1989,1310490,13,015,57,#,3.9,#,0.36
1310490008,1989,1310490,13,015,57,#,5.5,#,0.41
1310490009,1989,1310490,13,015,57,#,7,#,0.51
1310490010,1989,1310490,13,015,57,#,8.3,#,0.56
1310490011,1989,1310490,13,015,57,#,9.3,#,0.51
1310490012,1989,1310490,13,015,57,#,6.6,#,0.33
1310530001,1989,1310530,13,016,01,#,6.6,#,0.35
1310530005,1989,1310530,13,016,01,#,7.8,#,0.35
1310530009,1989,1310530,13,016,01,#,7.3,#,0.32
1310530013,1989,1310530,13,016,01,#,7.2,#,0.33
1310530017,1989,1310530,13,016,01,#,2.3,#,0.23
1310530021,1989,1310530,13,016,01,#,3.7,#,0.32
1310530025,1989,1310530,13,016,01,#,3.6,#,0.31
1310530029,1989,1310530,13,016,01,#,6.2,#,0.42
1310530033,1989,1310530,13,016,01,#,9.8,#,0.63
1310530037,1989,1310530,13,016,01,#,5.6,#,0.38
1310530041,1989,1310530,13,016,01,#,9.6,#,0.66
1310530045,1989,1310530,13,016,01,#,6,#,0.5
1310550001,1989,1310550,13,017,01,#,20,#,0.69
1310550005,1989,1310550,13,017,01,#,10,#,0.78
1310550009,1989,1310550,13,017,01,#,12,#,0.66
1310550013,1989,1310550,13,017,01,#,10,#,0.71
1310550017,1989,1310550,13,017,01,#,12,#,0.51
1310550021,1989,1310550,13,017,01,#,8.3,#,0.49
1310550025,1989,1310550,13,017,01,#,9.4,#,0.44
1310550029,1989,1310550,13,017,01,#,11,#,0.56
1310550033,1989,1310550,13,017,01,#,12,#,0.83
1310550037,1989,1310550,13,017,01,#,17,#,1.1
1310550041,1989,1310550,13,017,01,#,14,#,0.93
1310550045,1989,1310550,13,017,01,#,11,#,0.56
1310560001,1989,1310560,13,017,51,#,10,#,0.58
1310560003,1989,1310560,13,017,51,#,7.3,#,0.35
1310560005,1989,1310560,13,017,51,#,8.4,#,0.37
1310560007,1989,1310560,13,017,51,#,6.8,#,0.35
1310560009,1989,1310560,13,017,51,#,10,#,0.3
1310560011,1989,1310560,13,017,51,#,6.4,#,0.36
1310560013,1989,1310560,13,017,51,#,7.3,#,0.35
1310560015,1989,1310560,13,017,51,#,9.3,#,0.39
1310560017,1989,1310560,13,017,51,#,8.8,#,0.45
1310560019,1989,1310560,13,017,51,#,15,#,0.78
1310560021,1989,1310560,13,017,51,#,10,#,0.61
1310560023,1989,1310560,13,017,51,#,11,#,0.45
1310570001,1989,1310570,13,017,52,#,19,#,0.61
1310570003,1989,1310570,13,017,52,#,9.4,#,0.56
1310570005,1989,1310570,13,017,52,#,12,#,0.61
1310570007,1989,1310570,13,017,52,#,6.9,#,0.4
1310570009,1989,1310570,13,017,52,#,12,#,0.46
1310570011,1989,1310570,13,017,52,#,11,#,0.53
1310570013,1989,1310570,13,017,52,#,26,#,0.52
1310570015,1989,1310570,13,017,52,#,13,#,0.52
1310570017,1989,1310570,13,017,52,#,13,#,0.75
1310570019,1989,1310570,13,017,52,#,19,#,1.3
1310570021,1989,1310570,13,017,52,#,15,#,0.85
1310570023,1989,1310570,13,017,52,#,12,#,0.6
1310580001,1989,1310580,13,018,01,#,13,#,0.66
1310580003,1989,1310580,13,018,01,#,10,#,0.47
1310580005,1989,1310580,13,018,01,#,11,#,0.77
1310580007,1989,1310580,13,018,01,#,7.6,#,0.41
1310580009,1989,1310580,13,018,01,#,13,#,0.31
1310580011,1989,1310580,13,018,01,#,10,#,0.46
1310580013,1989,1310580,13,018,01,#,8.2,#,0.57
1310580015,1989,1310580,13,018,01,#,10,#,0.47
1310580017,1989,1310580,13,018,01,#,7.9,#,0.75
1310580019,1989,1310580,13,018,01,#,15,#,0.84
1310580021,1989,1310580,13,018,01,#,12,#,0.74
1310580023,1989,1310580,13,018,01,#,10,#,0.47
1310600001,1989,1310600,13,019,01,#,9.4,#,0.28
1310600003,1989,1310600,13,019,01,#,8.4,#,0.33
1310600005,1989,1310600,13,019,01,#,8.4,#,0.26
1310600007,1989,1310600,13,019,01,#,7,#,0.47
1310600009,1989,1310600,13,019,01,#,10,#,0.24
1310600011,1989,1310600,13,019,01,#,5.8,#,0.16
1310600013,1989,1310600,13,019,01,#,10,#,0.33
1310600015,1989,1310600,13,019,01,#,13,#,0.73
1310600017,1989,1310600,13,019,01,#,14,#,0.76
1310600019,1989,1310600,13,019,01,#,12,#,0.44
1310600021,1989,1310600,13,019,01,#,12,#,0.67
1310600023,1989,1310600,13,019,01,#,12,#,0.56
1310630001,1989,1310630,13,020,01,#,23,#,0.4
1310630003,1989,1310630,13,020,01,#,15,#,0.73
1310630005,1989,1310630,13,020,01,#,13,#,0.67
1310630007,1989,1310630,13,020,01,#,10,#,0.78
1310630009,1989,1310630,13,020,01,#,11,#,0.54
1310630011,1989,1310630,13,020,01,#,4.5,#,0.53
1310630013,1989,1310630,13,020,01,#,8.4,#,0.32
1310630015,1989,1310630,13,020,01,#,12,#,0.55
1310630017,1989,1310630,13,020,01,#,10,#,0.65
1310630019,1989,1310630,13,020,01,#,15,#,0.64
1310630021,1989,1310630,13,020,01,#,12,#,0.67
1310630023,1989,1310630,13,020,01,#,5.6,#,0.37
1310650001,1989,1310650,13,020,52,#,23,#,0.5
1310650003,1989,1310650,13,020,52,#,14,#,0.85
1310650005,1989,1310650,13,020,52,#,12,#,0.62
1310650007,1989,1310650,13,020,52,#,16,#,0.57
1310650009,1989,1310650,13,020,52,#,21,#,0.58
1310650022,1989,1310650,13,020,52,#,5.8,#,0.42
1310650024,1989,1310650,13,020,52,#,11,#,0.44
1310650026,1989,1310650,13,020,52,#,14,#,0.34
1310650028,1989,1310650,13,020,52,#,13,#,0.53
1310650030,1989,1310650,13,020,52,#,15,#,0.64
1310650032,1989,1310650,13,020,52,#,13,#,0.51
1310650045,1989,1310650,13,020,52,#,12,#,0.4
1310660001,1989,1310660,13,021,01,#,2.8,#,0.057
1310660003,1989,1310660,13,021,01,#,3.1,#,0.073
1310660005,1989,1310660,13,021,01,#,3.3,#,0.037
1310660007,1989,1310660,13,021,01,#,3.6,#,0.039
1310660009,1989,1310660,13,021,01,#,4.9,#,0.027
1310660011,1989,1310660,13,021,01,#,4.3,#,0.025
1310660013,1989,1310660,13,021,01,#,3.9,#,0.032
1310660015,1989,1310660,13,021,01,#,4.4,#,0.08
1310660017,1989,1310660,13,021,01,#,4.8,#,0.035
1310660019,1989,1310660,13,021,01,#,4.5,#,0.024
1310660021,1989,1310660,13,021,01,#,3.7,#,0.039
1310660023,1989,1310660,13,021,01,#,3.4,#,0.026
1310670001,1989,1310670,13,022,01,#,1.5,#,0.019
1310670003,1989,1310670,13,022,01,#,0.92,#,0.018
1310670005,1989,1310670,13,022,01,#,1.3,#,0.022
1310670007,1989,1310670,13,022,01,#,1.2,#,0.02
1310670009,1989,1310670,13,022,01,#,1.2,#,0.018
1310670022,1989,1310670,13,022,01,#,0.99,#,0.012
1310670024,1989,1310670,13,022,01,#,1.1,#,0.016
1310670026,1989,1310670,13,022,01,#,1.1,#,0.014
1310670028,1989,1310670,13,022,01,#,1,#,0.009
1310670030,1989,1310670,13,022,01,#,1.1,#,0.02
1310670032,1989,1310670,13,022,01,#,1.4,#,0.011
1310670045,1989,1310670,13,022,01,#,1.5,#,0.011
1310690001,1989,1310690,13,023,01,#,9.5,#,1.2
1310690002,1989,1310690,13,023,01,#,8.9,#,1.1
1310690003,1989,1310690,13,023,01,#,6.9,#,0.91
1310690004,1989,1310690,13,023,01,#,6,#,0.7
1310690005,1989,1310690,13,023,01,#,7.1,#,0.71
1310690006,1989,1310690,13,023,01,#,5.8,#,0.78
1310690007,1989,1310690,13,023,01,#,5,#,0.34
1310690008,1989,1310690,13,023,01,#,5.3,#,0.37
1310690009,1989,1310690,13,023,01,#,7.1,#,0.43
1310690010,1989,1310690,13,023,01,#,7.3,#,0.58
1310690011,1989,1310690,13,023,01,#,6.6,#,0.39
1310690012,1989,1310690,13,023,01,#,5.2,#,0.52
1310690013,1989,1310690,13,023,01,#,6.6,#,0.67
1310690014,1989,1310690,13,023,01,#,5.8,#,0.72
1310690015,1989,1310690,13,023,01,#,7,#,0.81
1310690016,1989,1310690,13,023,01,#,6.9,#,0.75
1310690017,1989,1310690,13,023,01,#,9.2,#,1.1
1310690018,1989,1310690,13,023,01,#,7.8,#,1
1310690019,1989,1310690,13,023,01,#,15,#,1.3
1310690020,1989,1310690,13,023,01,#,13,#,1.2
1310690021,1989,1310690,13,023,01,#,7.5,#,0.81
1310690022,1989,1310690,13,023,01,#,5.1,#,0.66
1310690023,1989,1310690,13,023,01,#,10,#,0.7
1310690024,1989,1310690,13,023,01,#,8.9,#,1.5
1310700001,1989,1310700,13,024,01,#,4.2,#,0.46
1310700005,1989,1310700,13,024,01,#,4.7,#,0.4
1310700009,1989,1310700,13,024,01,#,4.4,#,0.79
1310700013,1989,1310700,13,024,01,#,4.6,#,0.22
1310700017,1989,1310700,13,024,01,#,6.2,#,0.2
1310700021,1989,1310700,13,024,01,#,4.4,#,0.15
1310700025,1989,1310700,13,024,01,#,4.4,#,0.45
1310700029,1989,1310700,13,024,01,#,11,#,1.2
1310700033,1989,1310700,13,024,01,#,5.8,#,0.89
1310700037,1989,1310700,13,024,01,#,8.1,#,0.75
1310700041,1989,1310700,13,024,01,#,9.5,#,1.8
1310700045,1989,1310700,13,024,01,#,8.2,#,1.6
1310730001,1989,1310730,13,025,01,#,3.6,#,0.1
1310730002,1989,1310730,13,025,01,#,3.7,#,0.13
1310730003,1989,1310730,13,025,01,#,4.4,#,0.059
1310730004,1989,1310730,13,025,01,#,3.5,#,0.053
1310730005,1989,1310730,13,025,01,#,2.5,#,0.11
1310730006,1989,1310730,13,025,01,#,1.9,#,0.1
1310730007,1989,1310730,13,025,01,#,3,#,0.061
1310730008,1989,1310730,13,025,01,#,2.7,#,0.06
1310730009,1989,1310730,13,025,01,#,2.8,#,0.055
1310730010,1989,1310730,13,025,01,#,2.6,#,0.056
1310730011,1989,1310730,13,025,01,#,2.7,#,0.086
1310730012,1989,1310730,13,025,01,#,4.7,#,0.066
1310730013,1989,1310730,13,025,01,#,3.5,#,0.057
1310730014,1989,1310730,13,025,01,#,2.4,#,0.056
1310730015,1989,1310730,13,025,01,#,3.1,#,0.13
1310730016,1989,1310730,13,025,01,#,2.8,#,0.14
1310730017,1989,1310730,13,025,01,#,3.1,#,0.4
1310730018,1989,1310730,13,025,01,#,2.7,#,0.27
1310730019,1989,1310730,13,025,01,#,9.3,#,0.32
1310730020,1989,1310730,13,025,01,#,9.4,#,0.34
1310730021,1989,1310730,13,025,01,#,3.9,#,0.17
1310730022,1989,1310730,13,025,01,#,3.1,#,0.16
1310730023,1989,1310730,13,025,01,#,3.7,#,0.092
1310730024,1989,1310730,13,025,01,#,4.3,#,0.076
1310740001,1989,1310740,13,026,01,#,6,#,0.43
1310740005,1989,1310740,13,026,01,#,6.2,#,0.53
1310740009,1989,1310740,13,026,01,#,6,#,0.57
1310740013,1989,1310740,13,026,01,#,7,#,0.92
1310740017,1989,1310740,13,026,01,#,6.1,#,0.32
1310740021,1989,1310740,13,026,01,#,6,#,0.47
1310740025,1989,1310740,13,026,01,#,6.8,#,0.47
1310740029,1989,1310740,13,026,01,#,6.6,#,0.79
1310740033,1989,1310740,13,026,01,#,9.1,#,0.82
1310740037,1989,1310740,13,026,01,#,10,#,1.3
1310740041,1989,1310740,13,026,01,#,11,#,1.1
1310740045,1989,1310740,13,026,01,#,6,#,0.77
1310750001,1989,1310750,13,026,51,#,12,#,0.75
1310750002,1989,1310750,13,026,51,#,6,#,0.44
1310750003,1989,1310750,13,026,51,#,7.4,#,0.61
1310750004,1989,1310750,13,026,51,#,6,#,0.34
1310750005,1989,1310750,13,026,51,#,6,#,0.32
1310750006,1989,1310750,13,026,51,#,5.5,#,0.31
1310750007,1989,1310750,13,026,51,#,4.9,#,0.29
1310750008,1989,1310750,13,026,51,#,7.7,#,0.65
1310750009,1989,1310750,13,026,51,#,9.9,#,0.87
1310750010,1989,1310750,13,026,51,#,20,#,1.1
1310750011,1989,1310750,13,026,51,#,11,#,0.78
1310750012,1989,1310750,13,026,51,#,12,#,0.67
1310780001,1989,1310780,13,027,01,#,13,#,0.5
1310780002,1989,1310780,13,027,01,#,15,#,0.29
1310780003,1989,1310780,13,027,01,#,3.6,#,0.13
1310780004,1989,1310780,13,027,01,#,3.2,#,0.12
1310780005,1989,1310780,13,027,01,#,5.2,#,0.39
1310780006,1989,1310780,13,027,01,#,4.3,#,0.37
1310780007,1989,1310780,13,027,01,#,3.6,#,0.17
1310780008,1989,1310780,13,027,01,#,3.4,#,0.21
1310780009,1989,1310780,13,027,01,#,3.4,#,0.17
1310780010,1989,1310780,13,027,01,#,3.4,#,0.13
1310780011,1989,1310780,13,027,01,#,9.5,#,0.11
1310780012,1989,1310780,13,027,01,#,3.9,#,0.1
1310780013,1989,1310780,13,027,01,#,3.3,#,0.11
1310780014,1989,1310780,13,027,01,#,2.9,#,0.12
1310780015,1989,1310780,13,027,01,#,41,#,0.45
1310780016,1989,1310780,13,027,01,#,5.4,#,0.38
1310780017,1989,1310780,13,027,01,#,75,#,0.61
1310780018,1989,1310780,13,027,01,#,11,#,0.47
1310780019,1989,1310780,13,027,01,#,11,#,0.72
1310780020,1989,1310780,13,027,01,#,56,#,0.71
1310780021,1989,1310780,13,027,01,#,20,#,0.31
1310780022,1989,1310780,13,027,01,#,8.7,#,0.38
1310780023,1989,1310780,13,027,01,#,6,#,0.16
1310780024,1989,1310780,13,027,01,#,18,#,0.17
1310790001,1989,1310790,13,028,01,#,6.8,#,0.48
1310790003,1989,1310790,13,028,01,#,7.2,#,0.7
1310790005,1989,1310790,13,028,01,#,6,#,0.53
1310790007,1989,1310790,13,028,01,#,4.7,#,0.31
1310790009,1989,1310790,13,028,01,#,4.9,#,0.35
1310790011,1989,1310790,13,028,01,#,4.5,#,0.19
1310790013,1989,1310790,13,028,01,#,6.6,#,0.37
1310790015,1989,1310790,13,028,01,#,5.5,#,0.56
1310790017,1989,1310790,13,028,01,#,7.8,#,0.68
1310790019,1989,1310790,13,028,01,#,9.1,#,0.68
1310790021,1989,1310790,13,028,01,#,7.9,#,0.53
1310790023,1989,1310790,13,028,01,#,7.2,#,0.39
1310800001,1989,1310800,13,029,01,#,4.1,#,0.19
1310800003,1989,1310800,13,029,01,#,3.3,#,0.33
1310800005,1989,1310800,13,029,01,#,3.1,#,0.31
1310800007,1989,1310800,13,029,01,#,2.9,#,0.22
1310800009,1989,1310800,13,029,01,#,2.8,#,0.13
1310800011,1989,1310800,13,029,01,#,2.9,#,0.22
1310800013,1989,1310800,13,029,01,#,3.9,#,0.32
1310800015,1989,1310800,13,029,01,#,4,#,0.36
1310800017,1989,1310800,13,029,01,#,5.1,#,0.47
1310800019,1989,1310800,13,029,01,#,3.1,#,0.73
1310800021,1989,1310800,13,029,01,#,4.4,#,0.36
1310800023,1989,1310800,13,029,01,#,3.4,#,0.24
1310810001,1989,1310810,13,030,01,#,5.4,#,0.48
1310810005,1989,1310810,13,030,01,#,14,#,0.5
1310810009,1989,1310810,13,030,01,#,6.5,#,0.51
1310810013,1989,1310810,13,030,01,#,3.5,#,0.3
1310810017,1989,1310810,13,030,01,#,8.8,#,0.22
1310810021,1989,1310810,13,030,01,#,9.1,#,0.2
1310810025,1989,1310810,13,030,01,#,10,#,0.31
1310810029,1989,1310810,13,030,01,#,8.3,#,0.27
1310810033,1989,1310810,13,030,01,#,14,#,0.46
1310810037,1989,1310810,13,030,01,#,8.3,#,0.58
1310810041,1989,1310810,13,030,01,#,21,#,0.96
1310810045,1989,1310810,13,030,01,#,17,#,0.58
1310830001,1989,1310830,13,031,01,#,11,#,1
1310830003,1989,1310830,13,031,01,#,11,#,0.98
1310830005,1989,1310830,13,031,01,#,9.3,#,0.92
1310830007,1989,1310830,13,031,01,#,9.2,#,0.87
1310830009,1989,1310830,13,031,01,#,7.5,#,0.47
1310830022,1989,1310830,13,031,01,#,9,#,0.87
1310830024,1989,1310830,13,031,01,#,9.4,#,0.62
1310830026,1989,1310830,13,031,01,#,9.2,#,0.45
1310830028,1989,1310830,13,031,01,#,13,#,0.94
1310830030,1989,1310830,13,031,01,#,15,#,0.93
1310830032,1989,1310830,13,031,01,#,15,#,1
1310830045,1989,1310830,13,031,01,#,12,#,0.89
1310850001,1989,1310850,13,032,01,#,1.1,#,0.02
1310850003,1989,1310850,13,032,01,#,1.4,#,0.027
1310850005,1989,1310850,13,032,01,#,1.2,#,0.036
1310850007,1989,1310850,13,032,01,#,1.1,#,0.026
1310850009,1989,1310850,13,032,01,#,1.2,#,0.032
1310850011,1989,1310850,13,032,01,#,1.2,#,0.056
1310850013,1989,1310850,13,032,01,#,1.3,#,0.094
1310850015,1989,1310850,13,032,01,#,1.1,#,0.02
1310850017,1989,1310850,13,032,01,#,1,#,0.025
1310850019,1989,1310850,13,032,01,#,0.99,#,0.024
1310850021,1989,1310850,13,032,01,#,1.3,#,0.025
1310850023,1989,1310850,13,032,01,#,1.4,#,0.02
1310860001,1989,1310860,13,033,01,#,1.9,#,0.048
1310860003,1989,1310860,13,033,01,#,1.9,#,0.048
1310860005,1989,1310860,13,033,01,#,1.8,#,0.047
1310860007,1989,1310860,13,033,01,#,1.5,#,0.054
1310860009,1989,1310860,13,033,01,#,1.7,#,0.046
1310860011,1989,1310860,13,033,01,#,1.6,#,0.052
1310860013,1989,1310860,13,033,01,#,1.9,#,0.14
1310860015,1989,1310860,13,033,01,#,1.9,#,0.035
1310860017,1989,1310860,13,033,01,#,2.1,#,0.042
1310860019,1989,1310860,13,033,01,#,2.3,#,0.052
1310860021,1989,1310860,13,033,01,#,2.7,#,0.052
1310860023,1989,1310860,13,033,01,#,2,#,0.062
1310870001,1989,1310870,13,034,01,#,13,#,0.68
1310870005,1989,1310870,13,034,01,#,13,#,0.62
1310870009,1989,1310870,13,034,01,#,12,#,1
1310870013,1989,1310870,13,034,01,#,9.9,#,0.54
1310870017,1989,1310870,13,034,01,#,10,#,0.35
1310870021,1989,1310870,13,034,01,#,4.4,#,0.46
1310870025,1989,1310870,13,034,01,#,14,#,0.42
1310870029,1989,1310870,13,034,01,#,14,#,0.42
1310870033,1989,1310870,13,034,01,#,16,#,0.86
1310870037,1989,1310870,13,034,01,#,17,#,1.5
1310870041,1989,1310870,13,034,01,#,20,#,1.7
1310870045,1989,1310870,13,034,01,#,19,#,0.65
1310880001,1989,1310880,13,035,01,#,12,#,0.57
1310880003,1989,1310880,13,035,01,#,10,#,0.54
1310880005,1989,1310880,13,035,01,#,11,#,0.48
1310880007,1989,1310880,13,035,01,#,10,#,0.28
1310880009,1989,1310880,13,035,01,#,10,#,0.31
1310880011,1989,1310880,13,035,01,#,12,#,0.42
1310880013,1989,1310880,13,035,01,#,12,#,0.34
1310880015,1989,1310880,13,035,01,#,11,#,0.39
1310880017,1989,1310880,13,035,01,#,13,#,0.42
1310880019,1989,1310880,13,035,01,#,13,#,0.75
1310880021,1989,1310880,13,035,01,#,13,#,0.65
1310880023,1989,1310880,13,035,01,#,13,#,0.53
1310940001,1989,1310940,13,036,01,#,4.6,#,0.38
1310940003,1989,1310940,13,036,01,#,6.1,#,0.4
1310940005,1989,1310940,13,036,01,#,5.7,#,0.46
1310940007,1989,1310940,13,036,01,#,4.1,#,0.33
1310940009,1989,1310940,13,036,01,#,5.3,#,0.18
1310940011,1989,1310940,13,036,01,#,6,#,0.28
1310940013,1989,1310940,13,036,01,#,5.2,#,0.25
1310940015,1989,1310940,13,036,01,#,6.8,#,0.29
1310940017,1989,1310940,13,036,01,#,6.7,#,0.37
1310940019,1989,1310940,13,036,01,#,8.3,#,0.66
1310940021,1989,1310940,13,036,01,#,6,#,0.5
1310940023,1989,1310940,13,036,01,#,5.8,#,0.58
1310950001,1989,1310950,13,037,01,#,23,#,0.92
1310950003,1989,1310950,13,037,01,#,16,#,1.1
1310950005,1989,1310950,13,037,01,#,18,#,1
1310950007,1989,1310950,13,037,01,#,14,#,0.8
1310950009,1989,1310950,13,037,01,#,13,#,0.48
1310950022,1989,1310950,13,037,01,#,11,#,0.7
1310950024,1989,1310950,13,037,01,#,19,#,0.69
1310950026,1989,1310950,13,037,01,#,22,#,0.94
1310950028,1989,1310950,13,037,01,#,25,#,0.93
1310950030,1989,1310950,13,037,01,#,28,#,0.73
1310950032,1989,1310950,13,037,01,#,30,#,1.3
1310950045,1989,1310950,13,037,01,#,19,#,0.77
1310960001,1989,1310960,13,038,01,#,14,#,1.6
1310960003,1989,1310960,13,038,01,#,11,#,1.3
1310960005,1989,1310960,13,038,01,#,9.5,#,1.5
1310960007,1989,1310960,13,038,01,#,6.7,#,1.3
1310960009,1989,1310960,13,038,01,#,7.5,#,0.5
1310960011,1989,1310960,13,038,01,#,8.3,#,0.78
1310960013,1989,1310960,13,038,01,#,9.3,#,1.2
1310960015,1989,1310960,13,038,01,#,8.1,#,1.3
1310960017,1989,1310960,13,038,01,#,12,#,1.4
1310960019,1989,1310960,13,038,01,#,15,#,1.7
1310960021,1989,1310960,13,038,01,#,15,#,1.6
1310960023,1989,1310960,13,038,01,#,13,#,1.7
1310990001,1989,1310990,13,202,01,#,13,#,0.46
1310990003,1989,1310990,13,202,01,#,4.7,#,0.57
1310990005,1989,1310990,13,202,01,#,9.5,#,0.58
1310990007,1989,1310990,13,202,01,#,8,#,0.48
1310990009,1989,1310990,13,202,01,#,6.2,#,0.58
1310990011,1989,1310990,13,202,01,#,5.2,#,0.25
1310990013,1989,1310990,13,202,01,#,6.3,#,0.27
1310990015,1989,1310990,13,202,01,#,9.5,#,0.36
1310990017,1989,1310990,13,202,01,#,14,#,0.64
1310990019,1989,1310990,13,202,01,#,18,#,1.5
1310990021,1989,1310990,13,202,01,#,10,#,0.53
1310990023,1989,1310990,13,202,01,#,14,#,0.77
1311010001,1989,1311010,13,203,02,#,5.5,#,0.17
1311010003,1989,1311010,13,203,02,#,5.7,#,0.18
1311010005,1989,1311010,13,203,02,#,4,#,0.12
1311010007,1989,1311010,13,203,02,#,3.5,#,0.11
1311010009,1989,1311010,13,203,02,#,5.3,#,0.56
1311010011,1989,1311010,13,203,02,#,3.7,#,0.12
1311010013,1989,1311010,13,203,02,#,3.9,#,0.1
1311010015,1989,1311010,13,203,02,#,4.8,#,0.12
1311010017,1989,1311010,13,203,02,#,4.8,#,0.17
1311010019,1989,1311010,13,203,02,#,6.9,#,0.21
1311010021,1989,1311010,13,203,02,#,5.1,#,0.24
1311010023,1989,1311010,13,203,02,#,4,#,0.12
1311100001,1989,1311100,13,212,01,#,7.3,#,0.4
1311100003,1989,1311100,13,212,01,#,7.3,#,0.55
1311100005,1989,1311100,13,212,01,#,6.5,#,0.34
1311100007,1989,1311100,13,212,01,#,6.1,#,0.29
1311100009,1989,1311100,13,212,01,#,6.4,#,0.15
1311100011,1989,1311100,13,212,01,#,7.4,#,0.26
1311100013,1989,1311100,13,212,01,#,7.4,#,0.61
1311100015,1989,1311100,13,212,01,#,6.9,#,0.18
1311100017,1989,1311100,13,212,01,#,7.7,#,0.33
1311100019,1989,1311100,13,212,01,#,8.5,#,0.48
1311100021,1989,1311100,13,212,01,#,7.4,#,0.45
1311100023,1989,1311100,13,212,01,#,7.6,#,0.32
1311110001,1989,1311110,13,213,01,#,4.3,#,0.066
1311110003,1989,1311110,13,213,01,#,5.1,#,0.052
1311110005,1989,1311110,13,213,01,#,5.5,#,0.059
1311110007,1989,1311110,13,213,01,#,4.6,#,0.098
1311110009,1989,1311110,13,213,01,#,5.6,#,0.046
1311110011,1989,1311110,13,213,01,#,4.4,#,0.075
1311110013,1989,1311110,13,213,01,#,5.5,#,0.29
1311110015,1989,1311110,13,213,01,#,3.9,#,0.091
1311110017,1989,1311110,13,213,01,#,3.9,#,0.11
1311110019,1989,1311110,13,213,01,#,3.2,#,0.071
1311110021,1989,1311110,13,213,01,#,6.9,#,0.069
1311110023,1989,1311110,13,213,01,#,5.4,#,0.046
1311130001,1989,1311130,13,215,01,#,10,#,0.34
1311130003,1989,1311130,13,215,01,#,9.6,#,0.26
1311130005,1989,1311130,13,215,01,#,10,#,0.33
1311130007,1989,1311130,13,215,01,#,9.9,#,0.22
1311130009,1989,1311130,13,215,01,#,10,#,0.13
1311130011,1989,1311130,13,215,01,#,12,#,0.17
1311130013,1989,1311130,13,215,01,#,13,#,0.18
1311130015,1989,1311130,13,215,01,#,11,#,0.44
1311130017,1989,1311130,13,215,01,#,12,#,0.22
1311130019,1989,1311130,13,215,01,#,12,#,0.43
1311130021,1989,1311130,13,215,01,#,12,#,0.24
1311130023,1989,1311130,13,215,01,#,11,#,0.24
1311140001,1989,1311140,13,005,54,#,11,#,0.83
1311140003,1989,1311140,13,005,54,#,5.9,#,0.39
1311140005,1989,1311140,13,005,54,#,5.2,#,0.39
1311140007,1989,1311140,13,005,54,#,4.2,#,0.32
1311140009,1989,1311140,13,005,54,#,6,#,0.26
1311140011,1989,1311140,13,005,54,#,4.4,#,0.96
1311140013,1989,1311140,13,005,54,#,7,#,1
1311140015,1989,1311140,13,005,54,#,8.4,#,0.89
1311140017,1989,1311140,13,005,54,#,12,#,1.3
1311140019,1989,1311140,13,005,54,#,15,#,1.3
1311140021,1989,1311140,13,005,54,#,9.5,#,0.72
1311140023,1989,1311140,13,005,54,#,7.4,#,0.63
1311160001,1989,1311160,13,216,01,#,2.3,#,0.075
1311160003,1989,1311160,13,216,01,#,2.1,#,0.07
1311160005,1989,1311160,13,216,01,#,2.2,#,0.068
1311160007,1989,1311160,13,216,01,#,2,#,0.1
1311160009,1989,1311160,13,216,01,#,1.9,#,0.073
1311160011,1989,1311160,13,216,01,#,2.3,#,0.1
1311160013,1989,1311160,13,216,01,#,2.2,#,0.21
1311160015,1989,1311160,13,216,01,#,2.5,#,0.057
1311160017,1989,1311160,13,216,01,#,2.9,#,0.064
1311160019,1989,1311160,13,216,01,#,2.5,#,0.045
1311160021,1989,1311160,13,216,01,#,2.9,#,0.052
1311160023,1989,1311160,13,216,01,#,2.5,#,0.041
1311170001,1989,1311170,13,218,01,#,0.63,#,0.015
1311170003,1989,1311170,13,218,01,#,0.48,#,0.016
1311170005,1989,1311170,13,218,01,#,0.45,#,0.017
1311170007,1989,1311170,13,218,01,#,0.56,#,0.019
1311170009,1989,1311170,13,218,01,#,0.5,#,0.022
1311170011,1989,1311170,13,218,01,#,0.42,#,0.019
1311170013,1989,1311170,13,218,01,#,0.49,#,0.014
1311170015,1989,1311170,13,218,01,#,0.43,#,0.013
1311170017,1989,1311170,13,218,01,#,0.48,#,0.015
1311170019,1989,1311170,13,218,01,#,0.47,#,0.015
1311170021,1989,1311170,13,218,01,#,0.51,#,0.016
1311170023,1989,1311170,13,218,01,#,0.8,#,0.011
1311200001,1989,1311200,13,219,01,#,10,#,0.85
1311200003,1989,1311200,13,219,01,#,4.9,#,0.53
1311200005,1989,1311200,13,219,01,#,5.8,#,0.51
1311200007,1989,1311200,13,219,01,#,5,#,0.49
1311200009,1989,1311200,13,219,01,#,6,#,0.51
1311200011,1989,1311200,13,219,01,#,6.5,#,0.97
1311200013,1989,1311200,13,219,01,#,6.8,#,1
1311200015,1989,1311200,13,219,01,#,8.8,#,0.94
1311200017,1989,1311200,13,219,01,#,12,#,1.3
1311200019,1989,1311200,13,219,01,#,14,#,1.4
1311200021,1989,1311200,13,219,01,#,9.6,#,0.75
1311200023,1989,1311200,13,219,01,#,8,#,0.73
1311210001,1989,1311210,13,220,01,#,4.9,#,0.4
1311210002,1989,1311210,13,220,01,#,5,#,0.23
1311210003,1989,1311210,13,220,01,#,4.7,#,0.49
1311210004,1989,1311210,13,220,01,#,4.4,#,0.22
1311210005,1989,1311210,13,220,01,#,5.2,#,0.15
1311210006,1989,1311210,13,220,01,#,5.3,#,0.33
1311210007,1989,1311210,13,220,01,#,4.8,#,0.2
1311210008,1989,1311210,13,220,01,#,4.8,#,0.63
1311210009,1989,1311210,13,220,01,#,9.5,#,1.3
1311210010,1989,1311210,13,220,01,#,11,#,1.2
1311210011,1989,1311210,13,220,01,#,4.1,#,0.65
1311210012,1989,1311210,13,220,01,#,7.9,#,0.39
1311220001,1989,1311220,13,221,01,#,8.6,#,0.63
1311220002,1989,1311220,13,221,01,#,3.6,#,0.32
1311220003,1989,1311220,13,221,01,#,5.2,#,0.77
1311220004,1989,1311220,13,221,01,#,5.1,#,0.26
1311220005,1989,1311220,13,221,01,#,5.3,#,0.27
1311220006,1989,1311220,13,221,01,#,4.8,#,0.25
1311220007,1989,1311220,13,221,01,#,4.5,#,0.28
1311220008,1989,1311220,13,221,01,#,6,#,0.45
1311220009,1989,1311220,13,221,01,#,7.7,#,0.72
1311220010,1989,1311220,13,221,01,#,13,#,0.92
1311220011,1989,1311220,13,221,01,#,6.3,#,0.54
1311220012,1989,1311220,13,221,01,#,8.6,#,0.49
1311230001,1989,1311230,13,029,51,#,3.6,#,0.14
1311230002,1989,1311230,13,029,51,#,2.2,#,0.11
1311230003,1989,1311230,13,029,51,#,1.1,#,0.18
1311230004,1989,1311230,13,029,51,#,2.4,#,0.1
1311230005,1989,1311230,13,029,51,#,2,#,0.08
1311230006,1989,1311230,13,029,51,#,1.8,#,0.12
1311230007,1989,1311230,13,029,51,#,2.5,#,0.11
1311230008,1989,1311230,13,029,51,#,2.2,#,0.14
1311230009,1989,1311230,13,029,51,#,3.6,#,0.33
1311230010,1989,1311230,13,029,51,#,8,#,0.27
1311230011,1989,1311230,13,029,51,#,2.4,#,0.17
1311230012,1989,1311230,13,029,51,#,4.7,#,0.12
1320010001,1989,1320010,13,401,01,#,0.42,#,0.013
1320010002,1989,1320010,13,401,01,#,0.5,#,0.008
1320010003,1989,1320010,13,401,01,#,0.38,#,0.013
1320010004,1989,1320010,13,401,01,#,0.43,#,0.005
1320010005,1989,1320010,13,401,01,#,0.34,#,0.008
1320010006,1989,1320010,13,401,01,#,0.46,#,0.007
1320010007,1989,1320010,13,401,01,#,0.38,#,0.011
1320010008,1989,1320010,13,401,01,#,0.56,#,0.011
1320010009,1989,1320010,13,401,01,#,0.49,#,0.023
1320010010,1989,1320010,13,401,01,#,0.48,#,0.019
1320010011,1989,1320010,13,401,01,#,0.34,#,0.019
1320010012,1989,1320010,13,401,01,#,0.47,#,0.033
1320010013,1989,1320010,13,401,01,#,0.3,#,0.016
1320010014,1989,1320010,13,401,01,#,0.35,#,0.021
1320010015,1989,1320010,13,401,01,#,0.42,#,0.01
1320010016,1989,1320010,13,401,01,#,0.38,#,0.017
1320010017,1989,1320010,13,401,01,#,0.39,#,0.01
1320010018,1989,1320010,13,401,01,#,0.39,#,0.013
1320010019,1989,1320010,13,401,01,#,0.36,#,0.017
1320010020,1989,1320010,13,401,01,#,0.38,#,0.013
1320010021,1989,1320010,13,401,01,#,0.37,#,0.011
1320010022,1989,1320010,13,401,01,#,0.37,#,0.011
1320010023,1989,1320010,13,401,01,#,0.45,#,0.006
1320010024,1989,1320010,13,401,01,#,0.57,#,0.01
1320020001,1989,1320020,13,401,02,#,0.38,#,0.007
1320020002,1989,1320020,13,401,02,#,0.44,#,0.006
1320020003,1989,1320020,13,401,02,#,0.46,#,0.024
1320020004,1989,1320020,13,401,02,#,0.44,#,0.006
1320020005,1989,1320020,13,401,02,#,0.43,#,0.006
1320020006,1989,1320020,13,401,02,#,0.43,#,0.007
1320020007,1989,1320020,13,401,02,#,0.45,#,0.005
1320020008,1989,1320020,13,401,02,#,0.44,#,0.005
1320020009,1989,1320020,13,401,02,#,0.48,#,0.007
1320020010,1989,1320020,13,401,02,#,0.37,#,0.012
1320020011,1989,1320020,13,401,02,#,0.48,#,0.007
1320020012,1989,1320020,13,401,02,#,0.69,#,0.033
1320020013,1989,1320020,13,401,02,#,0.45,#,0.018
1320020014,1989,1320020,13,401,02,#,0.41,#,0.009
1320020015,1989,1320020,13,401,02,#,0.57,#,0.038
1320020016,1989,1320020,13,401,02,#,0.39,#,0.018
1320020017,1989,1320020,13,401,02,#,0.31,#,0.007
1320020018,1989,1320020,13,401,02,#,0.42,#,0.024
1320020019,1989,1320020,13,401,02,#,0.25,#,0.013
1320020020,1989,1320020,13,401,02,#,0.45,#,0.015
1320020021,1989,1320020,13,401,02,#,0.5,#,0.015
1320020022,1989,1320020,13,401,02,#,0.44,#,0.014
1320020023,1989,1320020,13,401,02,#,0.4,#,0.013
1320020024,1989,1320020,13,401,02,#,0.56,#,0.028
1320020025,1989,1320020,13,401,02,#,0.36,#,0.01
1320020026,1989,1320020,13,401,02,#,0.34,#,0.01
1320020027,1989,1320020,13,401,02,#,0.41,#,0.02
1320020028,1989,1320020,13,401,02,#,0.43,#,0.005
1320020029,1989,1320020,13,401,02,#,0.39,#,0.01
1320020030,1989,1320020,13,401,02,#,0.41,#,0.012
1320020031,1989,1320020,13,401,02,#,0.49,#,0.009
1320020032,1989,1320020,13,401,02,#,0.43,#,0.012
1320020033,1989,1320020,13,401,02,#,0.52,#,0.01
1320020034,1989,1320020,13,401,02,#,0.44,#,0.006
1320020035,1989,1320020,13,401,02,#,0.48,#,0.014
1320020036,1989,1320020,13,401,02,#,0.56,#,0.01
1330010001,1989,1330010,13,601,01,#,4.5,#,0.25
1330010002,1989,1330010,13,601,01,#,1.8,#,0.1
1330010004,1989,1330010,13,601,01,#,3.3,#,0.26
1330010005,1989,1330010,13,601,01,#,0.86,#,0.12
1330010006,1989,1330010,13,601,01,#,3.4,#,0.33
1330010007,1989,1330010,13,601,01,#,0.88,#,0.14
1330010009,1989,1330010,13,601,01,#,3.6,#,0.28
1330010010,1989,1330010,13,601,01,#,1.1,#,0.15
1330010011,1989,1330010,13,601,01,#,3.2,#,0.19
1330010012,1989,1330010,13,601,01,#,1,#,0.2
1330010014,1989,1330010,13,601,01,#,3.7,#,0.23
1330010015,1989,1330010,13,601,01,#,1.7,#,0.16
1330010016,1989,1330010,13,601,01,#,2.5,#,0.2
1330010017,1989,1330010,13,601,01,#,0.59,#,0.13
1330010019,1989,1330010,13,601,01,#,2.5,#,0.21
1330010020,1989,1330010,13,601,01,#,1,#,0.11
1330010021,1989,1330010,13,601,01,#,2.5,#,0.18
1330010022,1989,1330010,13,601,01,#,0.86,#,0.082
1330010024,1989,1330010,13,601,01,#,2.4,#,0.17
1330010025,1989,1330010,13,601,01,#,1.1,#,0.077
1330010026,1989,1330010,13,601,01,#,2.5,#,0.15
1330010027,1989,1330010,13,601,01,#,1.2,#,0.075
1330010029,1989,1330010,13,601,01,#,2.3,#,0.16
1330010030,1989,1330010,13,601,01,#,1.3,#,0.079
1330020001,1989,1330020,13,601,02,#,3.9,#,0.22
1330020002,1989,1330020,13,601,02,#,1.5,#,0.083
1330020004,1989,1330020,13,601,02,#,2.3,#,0.16
1330020005,1989,1330020,13,601,02,#,0.6,#,0.12
1330020006,1989,1330020,13,601,02,#,3.2,#,0.4
1330020007,1989,1330020,13,601,02,#,0.95,#,0.2
1330020009,1989,1330020,13,601,02,#,2.5,#,0.19
1330020010,1989,1330020,13,601,02,#,1,#,0.17
1330020011,1989,1330020,13,601,02,#,3.3,#,0.23
1330020012,1989,1330020,13,601,02,#,0.91,#,0.16
1330020014,1989,1330020,13,601,02,#,3.6,#,0.21
1330020015,1989,1330020,13,601,02,#,1.4,#,0.12
1330020016,1989,1330020,13,601,02,#,1.9,#,0.18
1330020017,1989,1330020,13,601,02,#,0.43,#,0.15
1330020019,1989,1330020,13,601,02,#,2.4,#,0.17
1330020020,1989,1330020,13,601,02,#,1,#,0.1
1330020021,1989,1330020,13,601,02,#,2.6,#,0.14
1330020022,1989,1330020,13,601,02,#,0.85,#,0.08
1330020024,1989,1330020,13,601,02,#,2,#,0.12
1330020025,1989,1330020,13,601,02,#,0.96,#,0.067
1330020026,1989,1330020,13,601,02,#,2.2,#,0.12
1330020027,1989,1330020,13,601,02,#,1.1,#,0.071
1330020029,1989,1330020,13,601,02,#,1.7,#,0.096
1330020030,1989,1330020,13,601,02,#,1,#,0.062
1330030001,1989,1330030,13,601,03,#,5.4,#,0.41
1330030002,1989,1330030,13,601,03,#,1.6,#,0.082
1330030004,1989,1330030,13,601,03,#,2.1,#,0.19
1330030005,1989,1330030,13,601,03,#,0.71,#,0.11
1330030006,1989,1330030,13,601,03,#,4.4,#,0.34
1330030007,1989,1330030,13,601,03,#,0.93,#,0.15
1330030009,1989,1330030,13,601,03,#,2.8,#,0.21
1330030010,1989,1330030,13,601,03,#,1,#,0.21
1330030011,1989,1330030,13,601,03,#,4.3,#,0.18
1330030012,1989,1330030,13,601,03,#,0.92,#,0.19
1330030014,1989,1330030,13,601,03,#,5.3,#,0.26
1330030015,1989,1330030,13,601,03,#,1.4,#,0.096
1330030016,1989,1330030,13,601,03,#,3,#,0.25
1330030017,1989,1330030,13,601,03,#,0.46,#,0.1
1330030019,1989,1330030,13,601,03,#,2.9,#,0.22
1330030020,1989,1330030,13,601,03,#,0.74,#,0.1
1330030021,1989,1330030,13,601,03,#,4.9,#,0.21
1330030022,1989,1330030,13,601,03,#,1.1,#,0.076
1330030024,1989,1330030,13,601,03,#,2.5,#,0.16
1330030025,1989,1330030,13,601,03,#,0.93,#,0.067
1330030026,1989,1330030,13,601,03,#,2.6,#,0.18
1330030027,1989,1330030,13,601,03,#,1,#,0.074
1330030029,1989,1330030,13,601,03,#,2,#,0.12
1330030030,1989,1330030,13,601,03,#,1.1,#,0.065
1330040001,1989,1330040,13,601,04,#,4.7,#,0.35
1330040002,1989,1330040,13,601,04,#,2.1,#,0.11
1330040004,1989,1330040,13,601,04,#,4,#,0.26
1330040005,1989,1330040,13,601,04,#,1.8,#,0.12
1330040006,1989,1330040,13,601,04,#,4.1,#,0.35
1330040007,1989,1330040,13,601,04,#,1.6,#,0.18
1330040009,1989,1330040,13,601,04,#,2.4,#,0.19
1330040010,1989,1330040,13,601,04,#,0.81,#,0.059
1330040011,1989,1330040,13,601,04,#,3.4,#,0.25
1330040012,1989,1330040,13,601,04,#,1,#,0.14
1330040014,1989,1330040,13,601,04,#,3.8,#,0.27
1330040015,1989,1330040,13,601,04,#,1.5,#,0.12
1330040016,1989,1330040,13,601,04,#,3.1,#,0.26
1330040017,1989,1330040,13,601,04,#,0.65,#,0.13
1330040019,1989,1330040,13,601,04,#,4.1,#,0.25
1330040020,1989,1330040,13,601,04,#,1.9,#,0.13
1330040021,1989,1330040,13,601,04,#,2.9,#,0.16
1330040022,1989,1330040,13,601,04,#,1,#,0.097
1330040024,1989,1330040,13,601,04,#,3.6,#,0.22
1330040025,1989,1330040,13,601,04,#,1.6,#,0.1
1330040026,1989,1330040,13,601,04,#,3.1,#,0.18
1330040027,1989,1330040,13,601,04,#,1.5,#,0.082
1330040029,1989,1330040,13,601,04,#,2.3,#,0.12
1330040030,1989,1330040,13,601,04,#,1.5,#,0.1
1330130001,1989,1330130,13,601,59,#,25,#,0.77
1330130003,1989,1330130,13,601,59,#,21,#,0.83
1330130005,1989,1330130,13,601,59,#,16,#,0.7
1330130007,1989,1330130,13,601,59,#,16,#,0.79
1330130009,1989,1330130,13,601,59,#,12,#,0.59
1330130011,1989,1330130,13,601,59,#,12,#,0.65
1330130013,1989,1330130,13,601,59,#,10,#,0.47
1330130015,1989,1330130,13,601,59,#,13,#,0.54
1330130017,1989,1330130,13,601,59,#,20,#,0.75
1330130019,1989,1330130,13,601,59,#,13,#,0.57
1330130021,1989,1330130,13,601,59,#,17,#,0.58
1330130023,1989,1330130,13,601,59,#,15,#,0.51
1330150001,1989,1330150,13,601,61,#,13,#,0.43
1330150003,1989,1330150,13,601,61,#,15,#,0.8
1330150005,1989,1330150,13,601,61,#,11,#,0.53
1330150007,1989,1330150,13,601,61,#,8.7,#,0.54
1330150009,1989,1330150,13,601,61,#,8.6,#,0.41
1330150011,1989,1330150,13,601,61,#,7.2,#,0.43
1330150013,1989,1330150,13,601,61,#,8.1,#,0.41
1330150015,1989,1330150,13,601,61,#,11,#,0.52
1330150017,1989,1330150,13,601,61,#,15,#,0.53
1330150019,1989,1330150,13,601,61,#,9.2,#,0.41
1330150021,1989,1330150,13,601,61,#,16,#,0.54
1330150023,1989,1330150,13,601,61,#,11,#,0.38
1330180001,1989,1330180,13,601,64,#,12,#,0.44
1330180003,1989,1330180,13,601,64,#,5.8,#,0.36
1330180005,1989,1330180,13,601,64,#,9.2,#,0.47
1330180007,1989,1330180,13,601,64,#,5.5,#,0.42
1330180009,1989,1330180,13,601,64,#,6.6,#,0.27
1330180011,1989,1330180,13,601,64,#,6.9,#,0.37
1330180013,1989,1330180,13,601,64,#,4.5,#,0.29
1330180015,1989,1330180,13,601,64,#,5.2,#,0.3
1330180017,1989,1330180,13,601,64,#,8.2,#,0.29
1330180019,1989,1330180,13,601,64,#,5.7,#,0.23
1330180021,1989,1330180,13,601,64,#,8.3,#,0.33
1330180023,1989,1330180,13,601,64,#,7.8,#,0.27
1330230001,1989,1330230,13,601,69,#,8.4,#,0.36
1330230003,1989,1330230,13,601,69,#,5.5,#,0.37
1330230005,1989,1330230,13,601,69,#,5.6,#,0.36
1330230007,1989,1330230,13,601,69,#,4.7,#,0.37
1330230009,1989,1330230,13,601,69,#,6.1,#,0.25
1330230011,1989,1330230,13,601,69,#,6.3,#,0.32
1330230013,1989,1330230,13,601,69,#,3.6,#,0.25
1330230015,1989,1330230,13,601,69,#,3.6,#,0.25
1330230017,1989,1330230,13,601,69,#,6.2,#,0.23
1330230019,1989,1330230,13,601,69,#,14,#,0.23
1330230021,1989,1330230,13,601,69,#,5.4,#,0.27
1330230023,1989,1330230,13,601,69,#,5.8,#,0.23
1330240001,1989,1330240,13,601,70,#,10,#,0.37
1330240003,1989,1330240,13,601,70,#,6.4,#,0.38
1330240005,1989,1330240,13,601,70,#,5.9,#,0.36
1330240007,1989,1330240,13,601,70,#,5.6,#,0.44
1330240009,1989,1330240,13,601,70,#,6.6,#,0.33
1330240011,1989,1330240,13,601,70,#,7.3,#,0.41
1330240013,1989,1330240,13,601,70,#,4.8,#,0.29
1330240015,1989,1330240,13,601,70,#,3.5,#,0.21
1330240017,1989,1330240,13,601,70,#,5,#,0.19
1330240019,1989,1330240,13,601,70,#,6.9,#,0.24
1330240021,1989,1330240,13,601,70,#,7.4,#,0.27
1330240023,1989,1330240,13,601,70,#,6.5,#,0.23
1330260001,1989,1330260,13,601,72,#,6.6,#,0.23
1330260003,1989,1330260,13,601,72,#,3,#,0.22
1330260005,1989,1330260,13,601,72,#,3.1,#,0.18
1330260007,1989,1330260,13,601,72,#,4,#,0.33
1330260009,1989,1330260,13,601,72,#,4,#,0.25
1330260011,1989,1330260,13,601,72,#,5.5,#,0.37
1330260013,1989,1330260,13,601,72,#,2.2,#,0.2
1330260015,1989,1330260,13,601,72,#,2.1,#,0.16
1330260017,1989,1330260,13,601,72,#,2.3,#,0.11
1330260019,1989,1330260,13,601,72,#,3.3,#,0.13
1330260021,1989,1330260,13,601,72,#,3.8,#,0.16
1330260023,1989,1330260,13,601,72,#,3.7,#,0.18
1330280001,1989,1330280,13,601,74,#,13,#,0.84
1330280003,1989,1330280,13,601,74,#,13,#,1.1
1330280005,1989,1330280,13,601,74,#,11,#,1.1
1330280007,1989,1330280,13,601,74,#,12,#,1.1
1330280009,1989,1330280,13,601,74,#,10,#,1.2
1330280011,1989,1330280,13,601,74,#,9.7,#,0.9
1330280013,1989,1330280,13,601,74,#,10,#,1.3
1330280015,1989,1330280,13,601,74,#,9.1,#,0.6
1330280017,1989,1330280,13,601,74,#,8.9,#,0.96
1330280019,1989,1330280,13,601,74,#,11,#,0.52
1330280021,1989,1330280,13,601,74,#,15,#,1.1
1330280023,1989,1330280,13,601,74,#,11,#,0.84
1330290001,1989,1330290,13,601,75,#,9.9,#,0.53
1330290003,1989,1330290,13,601,75,#,6,#,0.42
1330290005,1989,1330290,13,601,75,#,29,#,1.1
1330290007,1989,1330290,13,601,75,#,8.8,#,0.63
1330290009,1989,1330290,13,601,75,#,7.5,#,0.87
1330290011,1989,1330290,13,601,75,#,6.8,#,0.61
1330290013,1989,1330290,13,601,75,#,5.4,#,0.65
1330290015,1989,1330290,13,601,75,#,4.3,#,0.24
1330290017,1989,1330290,13,601,75,#,5.8,#,0.31
1330290019,1989,1330290,13,601,75,#,4.8,#,0.2
1330290021,1989,1330290,13,601,75,#,6.5,#,0.34
1330290023,1989,1330290,13,601,75,#,6.7,#,0.28
1330300001,1989,1330300,13,601,76,#,19,#,1.2
1330300003,1989,1330300,13,601,76,#,16,#,1
1330300005,1989,1330300,13,601,76,#,13,#,0.93
1330300007,1989,1330300,13,601,76,#,9.8,#,0.99
1330300009,1989,1330300,13,601,76,#,15,#,1.1
1330300011,1989,1330300,13,601,76,#,14,#,0.96
1330300013,1989,1330300,13,601,76,#,11,#,1.2
1330300015,1989,1330300,13,601,76,#,10,#,0.57
1330300017,1989,1330300,13,601,76,#,7.9,#,0.59
1330300019,1989,1330300,13,601,76,#,10,#,0.66
1330300021,1989,1330300,13,601,76,#,13,#,0.56
1330300023,1989,1330300,13,601,76,#,15,#,0.66
1330320001,1989,1330320,13,601,78,#,6.9,#,0.34
1330320003,1989,1330320,13,601,78,#,15,#,0.43
1330320005,1989,1330320,13,601,78,#,5.8,#,0.44
1330320007,1989,1330320,13,601,78,#,7,#,0.53
1330320009,1989,1330320,13,601,78,#,5.5,#,0.36
1330320011,1989,1330320,13,601,78,#,5.4,#,0.4
1330320013,1989,1330320,13,601,78,#,4.3,#,0.57
1330320015,1989,1330320,13,601,78,#,4.2,#,0.28
1330320017,1989,1330320,13,601,78,#,4.8,#,0.28
1330320019,1989,1330320,13,601,78,#,4.6,#,0.19
1330320021,1989,1330320,13,601,78,#,5.2,#,0.29
1330320023,1989,1330320,13,601,78,#,5.7,#,0.26
1330340001,1989,1330340,13,601,80,#,12,#,0.52
1330340003,1989,1330340,13,601,80,#,8.5,#,0.4
1330340005,1989,1330340,13,601,80,#,8.3,#,0.56
1330340007,1989,1330340,13,601,80,#,8.6,#,0.67
1330340009,1989,1330340,13,601,80,#,7.4,#,0.54
1330340011,1989,1330340,13,601,80,#,7,#,0.46
1330340013,1989,1330340,13,601,80,#,2.4,#,0.33
1330340015,1989,1330340,13,601,80,#,8.3,#,0.41
1330340017,1989,1330340,13,601,80,#,10,#,0.72
1330340019,1989,1330340,13,601,80,#,11,#,0.56
1330340021,1989,1330340,13,601,80,#,9.4,#,0.3
1330340023,1989,1330340,13,601,80,#,9.2,#,0.46
1330350001,1989,1330350,13,601,81,#,7.6,#,0.44
1330350003,1989,1330350,13,601,81,#,7.9,#,0.78
1330350005,1989,1330350,13,601,81,#,6,#,0.5
1330350007,1989,1330350,13,601,81,#,7.1,#,0.62
1330350009,1989,1330350,13,601,81,#,6.5,#,0.51
1330350011,1989,1330350,13,601,81,#,7.9,#,0.62
1330350013,1989,1330350,13,601,81,#,4.9,#,0.54
1330350015,1989,1330350,13,601,81,#,7,#,0.56
1330350017,1989,1330350,13,601,81,#,9,#,0.57
1330350019,1989,1330350,13,601,81,#,9.9,#,0.59
1330350021,1989,1330350,13,601,81,#,6.7,#,0.41
1330350023,1989,1330350,13,601,81,#,10,#,0.65
1330370001,1989,1330370,13,602,01,#,5,#,0.3
1330370002,1989,1330370,13,602,01,#,1.9,#,0.12
1330370004,1989,1330370,13,602,01,#,4.2,#,0.22
1330370005,1989,1330370,13,602,01,#,1,#,0.13
1330370006,1989,1330370,13,602,01,#,4.4,#,0.28
1330370007,1989,1330370,13,602,01,#,0.89,#,0.1
1330370009,1989,1330370,13,602,01,#,2.9,#,0.19
1330370010,1989,1330370,13,602,01,#,0.98,#,0.16
1330370011,1989,1330370,13,602,01,#,3.5,#,0.15
1330370012,1989,1330370,13,602,01,#,1.1,#,0.12
1330370014,1989,1330370,13,602,01,#,5.1,#,0.15
1330370015,1989,1330370,13,602,01,#,1.6,#,0.17
1330370016,1989,1330370,13,602,01,#,2.5,#,0.2
1330370017,1989,1330370,13,602,01,#,0.7,#,0.13
1330370019,1989,1330370,13,602,01,#,3.1,#,0.19
1330370020,1989,1330370,13,602,01,#,0.98,#,0.078
1330370021,1989,1330370,13,602,01,#,3.9,#,0.18
1330370022,1989,1330370,13,602,01,#,1.4,#,0.08
1330370024,1989,1330370,13,602,01,#,1.8,#,0.13
1330370025,1989,1330370,13,602,01,#,1.5,#,0.1
1330370026,1989,1330370,13,602,01,#,2.6,#,0.14
1330370027,1989,1330370,13,602,01,#,1.1,#,0.069
1330370029,1989,1330370,13,602,01,#,2.2,#,0.12
1330370030,1989,1330370,13,602,01,#,1.3,#,0.1
1330440001,1989,1330440,13,603,01,#,1.4,#,0.071
1330440002,1989,1330440,13,603,01,#,1.3,#,0.12
1330440004,1989,1330440,13,603,01,#,1.3,#,0.11
1330440005,1989,1330440,13,603,01,#,0.79,#,0.13
1330440006,1989,1330440,13,603,01,#,5.7,#,0.37
1330440007,1989,1330440,13,603,01,#,0.81,#,0.083
1330440009,1989,1330440,13,603,01,#,1,#,0.076
1330440010,1989,1330440,13,603,01,#,0.84,#,0.13
1330440011,1989,1330440,13,603,01,#,2.4,#,0.17
1330440012,1989,1330440,13,603,01,#,0.89,#,0.1
1330440014,1989,1330440,13,603,01,#,1.8,#,0.12
1330440015,1989,1330440,13,603,01,#,0.96,#,0.15
1330440016,1989,1330440,13,603,01,#,1.3,#,0.11
1330440017,1989,1330440,13,603,01,#,0.35,#,0.066
1330440019,1989,1330440,13,603,01,#,1.8,#,0.16
1330440020,1989,1330440,13,603,01,#,0.64,#,0.1
1330440021,1989,1330440,13,603,01,#,1.1,#,0.074
1330440022,1989,1330440,13,603,01,#,0.89,#,0.073
1330440024,1989,1330440,13,603,01,#,1.1,#,0.09
1330440025,1989,1330440,13,603,01,#,0.78,#,0.059
1330440026,1989,1330440,13,603,01,#,1.4,#,0.087
1330440027,1989,1330440,13,603,01,#,1,#,0.075
1330440029,1989,1330440,13,603,01,#,1,#,0.067
1330440030,1989,1330440,13,603,01,#,1,#,0.084
1330450001,1989,1330450,13,603,02,#,3.6,#,0.15
1330450002,1989,1330450,13,603,02,#,1.2,#,0.096
1330450004,1989,1330450,13,603,02,#,1.9,#,0.11
1330450005,1989,1330450,13,603,02,#,0.47,#,0.09
1330450006,1989,1330450,13,603,02,#,2.8,#,0.14
1330450007,1989,1330450,13,603,02,#,0.83,#,0.095
1330450009,1989,1330450,13,603,02,#,1.3,#,0.11
1330450010,1989,1330450,13,603,02,#,1,#,0.14
1330450011,1989,1330450,13,603,02,#,2.8,#,0.16
1330450012,1989,1330450,13,603,02,#,0.99,#,0.11
1330450014,1989,1330450,13,603,02,#,2.7,#,0.18
1330450015,1989,1330450,13,603,02,#,1,#,0.11
1330450016,1989,1330450,13,603,02,#,2.3,#,0.17
1330450017,1989,1330450,13,603,02,#,0.46,#,0.1
1330450019,1989,1330450,13,603,02,#,2.5,#,0.15
1330450020,1989,1330450,13,603,02,#,0.75,#,0.087
1330450021,1989,1330450,13,603,02,#,1.2,#,0.11
1330450022,1989,1330450,13,603,02,#,1.3,#,0.07
1330450024,1989,1330450,13,603,02,#,1.3,#,0.097
1330450025,1989,1330450,13,603,02,#,0.68,#,0.054
1330450026,1989,1330450,13,603,02,#,1.9,#,0.11
1330450027,1989,1330450,13,603,02,#,0.89,#,0.053
1330450029,1989,1330450,13,603,02,#,1.5,#,0.077
1330450030,1989,1330450,13,603,02,#,0.92,#,0.054
1330600001,1989,1330600,13,604,01,#,1.7,#,0.076
1330600002,1989,1330600,13,604,01,#,1,#,0.057
1330600004,1989,1330600,13,604,01,#,0.58,#,0.052
1330600005,1989,1330600,13,604,01,#,0.42,#,0.071
1330600006,1989,1330600,13,604,01,#,1.1,#,0.054
1330600007,1989,1330600,13,604,01,#,0.43,#,0.053
1330600009,1989,1330600,13,604,01,#,1.3,#,0.094
1330600010,1989,1330600,13,604,01,#,0.47,#,0.072
1330600011,1989,1330600,13,604,01,#,1.2,#,0.11
1330600012,1989,1330600,13,604,01,#,0.62,#,0.1
1330600014,1989,1330600,13,604,01,#,1.1,#,0.086
1330600015,1989,1330600,13,604,01,#,0.73,#,0.11
1330600016,1989,1330600,13,604,01,#,1,#,0.08
1330600017,1989,1330600,13,604,01,#,0.4,#,0.066
1330600019,1989,1330600,13,604,01,#,1.4,#,0.13
1330600020,1989,1330600,13,604,01,#,0.57,#,0.068
1330600021,1989,1330600,13,604,01,#,1.6,#,0.086
1330600022,1989,1330600,13,604,01,#,1.3,#,0.056
1330600024,1989,1330600,13,604,01,#,0.92,#,0.069
1330600025,1989,1330600,13,604,01,#,0.66,#,0.051
1330600026,1989,1330600,13,604,01,#,1.1,#,0.066
1330600027,1989,1330600,13,604,01,#,0.8,#,0.054
1330600029,1989,1330600,13,604,01,#,0.93,#,0.054
1330600030,1989,1330600,13,604,01,#,0.69,#,0.052
