レコードID,測定年度,絶対番号,都道府県コード,水域コード,地点コード,全窒素_C,全窒素(mg/l),全燐_C,全燐(mg/l)
1210010001,1989,1210010,12,001,01,#,2.7,#,0.37
1210010004,1989,1210010,12,001,01,#,2.8,#,0.15
1210010007,1989,1210010,12,001,01,#,2.8,#,0.13
1210010010,1989,1210010,12,001,01,#,3.2,#,0.12
1210010013,1989,1210010,12,001,01,#,3.1,#,0.08
1210010016,1989,1210010,12,001,01,#,2.7,#,0.45
1210010019,1989,1210010,12,001,01,#,3.3,#,0.12
1210010022,1989,1210010,12,001,01,#,3.4,#,0.09
1210010025,1989,1210010,12,001,01,#,3.4,#,0.15
1210010028,1989,1210010,12,001,01,#,4.1,#,0.19
1210010031,1989,1210010,12,001,01,#,4.1,#,0.2
1210010034,1989,1210010,12,001,01,#,2.8,#,0.15
1210020001,1989,1210020,12,001,02,#,3.4,#,0.41
1210020004,1989,1210020,12,001,02,#,2.3,#,0.2
1210020007,1989,1210020,12,001,02,#,3.3,#,0.14
1210020010,1989,1210020,12,001,02,#,3,#,0.11
1210020013,1989,1210020,12,001,02,#,3.4,#,0.14
1210020016,1989,1210020,12,001,02,#,3.2,#,0.45
1210020019,1989,1210020,12,001,02,#,3.4,#,0.11
1210020022,1989,1210020,12,001,02,#,3.3,#,0.12
1210020025,1989,1210020,12,001,02,#,3.9,#,0.18
1210020028,1989,1210020,12,001,02,#,4.4,#,0.19
1210020031,1989,1210020,12,001,02,#,4.6,#,0.24
1210020034,1989,1210020,12,001,02,#,2.9,#,0.1
1210030001,1989,1210030,12,001,51,#,2.5,#,0.27
1210030003,1989,1210030,12,001,51,#,1.9,#,0.11
1210030005,1989,1210030,12,001,51,#,2.8,#,0.1
1210030007,1989,1210030,12,001,51,#,2.4,#,0.11
1210030009,1989,1210030,12,001,51,#,3,#,0.08
1210030011,1989,1210030,12,001,51,#,2.9,#,0.35
1210030013,1989,1210030,12,001,51,#,3.2,#,0.08
1210030015,1989,1210030,12,001,51,#,3.1,#,0.07
1210030017,1989,1210030,12,001,51,#,3.4,#,0.13
1210030019,1989,1210030,12,001,51,#,3.9,#,0.14
1210030021,1989,1210030,12,001,51,#,3.9,#,0.15
1210030023,1989,1210030,12,001,51,#,2.7,#,0.09
1210040001,1989,1210040,12,001,52,#,2.5,#,0.23
1210040003,1989,1210040,12,001,52,#,2,#,0.15
1210040005,1989,1210040,12,001,52,#,2.9,#,0.1
1210040007,1989,1210040,12,001,52,#,2.8,#,0.12
1210040009,1989,1210040,12,001,52,#,3.1,#,0.09
1210040011,1989,1210040,12,001,52,#,2.9,#,0.44
1210040013,1989,1210040,12,001,52,#,3.2,#,0.09
1210040015,1989,1210040,12,001,52,#,3.2,#,0.07
1210040017,1989,1210040,12,001,52,#,3.5,#,0.14
1210040019,1989,1210040,12,001,52,#,3.6,#,0.13
1210040021,1989,1210040,12,001,52,#,3.8,#,0.18
1210040023,1989,1210040,12,001,52,#,2.6,#,0.12
1210050001,1989,1210050,12,001,53,#,3.4,#,0.42
1210050004,1989,1210050,12,001,53,#,2.3,#,0.22
1210050007,1989,1210050,12,001,53,#,3,#,0.12
1210050010,1989,1210050,12,001,53,#,2.7,#,0.13
1210050013,1989,1210050,12,001,53,#,3.7,#,0.17
1210050016,1989,1210050,12,001,53,#,3,#,0.41
1210050019,1989,1210050,12,001,53,#,3.7,#,0.11
1210050022,1989,1210050,12,001,53,#,3.3,#,0.11
1210050025,1989,1210050,12,001,53,#,3.8,#,0.18
1210050028,1989,1210050,12,001,53,#,4.7,#,0.22
1210050031,1989,1210050,12,001,53,#,4.8,#,0.24
1210050034,1989,1210050,12,001,53,#,2.8,#,0.12
1210060001,1989,1210060,12,002,01,#,2.7,#,0.33
1210060004,1989,1210060,12,002,01,#,2.5,#,0.24
1210060007,1989,1210060,12,002,01,#,3.3,#,0.17
1210060010,1989,1210060,12,002,01,#,3.1,#,0.11
1210060013,1989,1210060,12,002,01,#,3.2,#,0.11
1210060016,1989,1210060,12,002,01,#,3,#,0.26
1210060019,1989,1210060,12,002,01,#,3.6,#,0.17
1210060022,1989,1210060,12,002,01,#,3.6,#,0.12
1210060025,1989,1210060,12,002,01,#,4.5,#,0.24
1210060028,1989,1210060,12,002,01,#,4.5,#,0.18
1210060031,1989,1210060,12,002,01,#,6.1,#,0.32
1210060034,1989,1210060,12,002,01,#,3.3,#,0.14
1210070001,1989,1210070,12,002,51,#,2.3,#,0.17
1210070003,1989,1210070,12,002,51,#,2.4,#,0.2
1210070005,1989,1210070,12,002,51,#,3.4,#,0.22
1210070007,1989,1210070,12,002,51,#,3.1,#,0.11
1210070009,1989,1210070,12,002,51,#,3.4,#,0.1
1210070011,1989,1210070,12,002,51,#,2.7,#,0.28
1210070013,1989,1210070,12,002,51,#,3.6,#,0.11
1210070015,1989,1210070,12,002,51,#,3.7,#,0.15
1210070017,1989,1210070,12,002,51,#,4.9,#,0.22
1210070019,1989,1210070,12,002,51,#,5.3,#,0.33
1210070021,1989,1210070,12,002,51,#,6,#,0.3
1210070023,1989,1210070,12,002,51,#,2.9,#,0.1
1210090001,1989,1210090,12,003,01,#,1.6,#,0.17
1210090003,1989,1210090,12,003,01,#,1.8,#,0.12
1210090005,1989,1210090,12,003,01,#,2.4,#,0.22
1210090007,1989,1210090,12,003,01,#,1.3,#,0.15
1210090009,1989,1210090,12,003,01,#,1.8,#,0.14
1210090011,1989,1210090,12,003,01,#,2.2,#,0.17
1210090013,1989,1210090,12,003,01,#,1.3,#,0.18
1210090015,1989,1210090,12,003,01,#,1.7,#,0.14
1210090017,1989,1210090,12,003,01,#,1.7,#,0.19
1210090019,1989,1210090,12,003,01,#,2.1,#,0.11
1210090021,1989,1210090,12,003,01,#,2.6,#,0.15
1210090023,1989,1210090,12,003,01,#,1.9,#,0.1
1210100001,1989,1210100,12,004,01,#,6.2,#,0.21
1210100003,1989,1210100,12,004,01,#,5,#,0.09
1210100005,1989,1210100,12,004,01,#,3.5,#,0.14
1210100007,1989,1210100,12,004,01,#,3.1,#,0.11
1210100009,1989,1210100,12,004,01,#,5.3,#,0.16
1210100011,1989,1210100,12,004,01,#,3.7,#,0.15
1210100013,1989,1210100,12,004,01,#,3.5,#,0.11
1210100015,1989,1210100,12,004,01,#,4.6,#,0.13
1210100017,1989,1210100,12,004,01,#,4.7,#,0.16
1210100019,1989,1210100,12,004,01,#,5.2,#,0.23
1210100021,1989,1210100,12,004,01,#,4.6,#,0.23
1210100023,1989,1210100,12,004,01,#,3.1,#,0.12
1210110002,1989,1210110,12,005,02,#,1.1,#,0.092
1210110004,1989,1210110,12,005,02,#,1.1,#,0.098
1210110006,1989,1210110,12,005,02,#,1.1,#,0.088
1210110008,1989,1210110,12,005,02,#,1.2,#,0.091
1210110010,1989,1210110,12,005,02,#,1.4,#,0.1
1210110012,1989,1210110,12,005,02,#,1.5,#,0.11
1210120002,1989,1210120,12,006,01,#,1.7,#,0.15
1210120004,1989,1210120,12,006,01,#,1.6,#,0.12
1210120006,1989,1210120,12,006,01,#,1.4,#,0.12
1210120008,1989,1210120,12,006,01,#,1.5,#,0.14
1210120010,1989,1210120,12,006,01,#,1.6,#,0.13
1210120012,1989,1210120,12,006,01,#,1.8,#,0.13
1210130001,1989,1210130,12,007,01,#,2.4,#,0.16
1210130002,1989,1210130,12,007,01,#,2.1,#,0.18
1210130003,1989,1210130,12,007,01,#,2.3,#,0.17
1210130004,1989,1210130,12,007,01,#,1.8,#,0.14
1210130005,1989,1210130,12,007,01,#,1.2,#,0.096
1210130006,1989,1210130,12,007,01,#,1.6,#,0.11
1210130007,1989,1210130,12,007,01,#,1.9,#,0.17
1210130008,1989,1210130,12,007,01,#,1.7,#,0.12
1210130009,1989,1210130,12,007,01,#,1.6,#,0.11
1210130010,1989,1210130,12,007,01,#,1.8,#,0.11
1210130011,1989,1210130,12,007,01,#,1.6,#,0.12
1210130012,1989,1210130,12,007,01,#,2,#,0.13
1210140001,1989,1210140,12,008,01,#,2.1,#,0.17
1210140003,1989,1210140,12,008,01,#,2.5,#,0.11
1210140005,1989,1210140,12,008,01,#,2.9,#,0.09
1210140007,1989,1210140,12,008,01,#,2.6,#,0.1
1210140009,1989,1210140,12,008,01,#,2.4,#,0.15
1210140011,1989,1210140,12,008,01,#,2.2,#,0.23
1210140013,1989,1210140,12,008,01,#,2.9,#,0.07
1210140015,1989,1210140,12,008,01,#,3.1,#,0.08
1210140017,1989,1210140,12,008,01,#,3,#,0.09
1210140019,1989,1210140,12,008,01,#,3.3,#,0.13
1210140021,1989,1210140,12,008,01,#,3.5,#,0.12
1210140023,1989,1210140,12,008,01,#,2.5,#,0.11
1210150001,1989,1210150,12,008,02,#,2.1,#,0.1
1210150003,1989,1210150,12,008,02,#,2.4,#,0.09
1210150005,1989,1210150,12,008,02,#,2.6,#,0.09
1210150007,1989,1210150,12,008,02,#,2.3,#,0.08
1210150009,1989,1210150,12,008,02,#,2.4,#,0.18
1210150011,1989,1210150,12,008,02,#,2.4,#,0.14
1210150013,1989,1210150,12,008,02,#,2.7,#,0.07
1210150015,1989,1210150,12,008,02,#,2.9,#,0.07
1210150017,1989,1210150,12,008,02,#,3,#,0.09
1210150019,1989,1210150,12,008,02,#,3.4,#,0.12
1210150021,1989,1210150,12,008,02,#,3.4,#,0.16
1210150023,1989,1210150,12,008,02,#,2.6,#,0.11
1210160002,1989,1210160,12,008,51,#,1.9,#,0.19
1210160004,1989,1210160,12,008,51,#,2,<,0.003
1210160006,1989,1210160,12,008,51,#,3.7,#,0.09
1210160008,1989,1210160,12,008,51,#,4.9,#,0.14
1210160010,1989,1210160,12,008,51,#,3.1,#,0.21
1210160012,1989,1210160,12,008,51,#,5.1,#,0.27
1210160014,1989,1210160,12,008,51,#,4.1,#,0.08
1210160016,1989,1210160,12,008,51,#,4.4,#,0.07
1210160018,1989,1210160,12,008,51,#,4.8,#,0.1
1210160020,1989,1210160,12,008,51,#,4.6,#,0.16
1210160022,1989,1210160,12,008,51,#,5.8,#,0.19
1210160024,1989,1210160,12,008,51,#,3.2,#,0.13
1210170001,1989,1210170,12,008,52,#,1.8,#,0.18
1210170003,1989,1210170,12,008,52,#,2.5,#,0.12
1210170005,1989,1210170,12,008,52,#,2.9,#,0.07
1210170007,1989,1210170,12,008,52,#,2.8,#,0.16
1210170009,1989,1210170,12,008,52,#,2.6,#,0.15
1210170011,1989,1210170,12,008,52,#,2.4,#,0.26
1210170013,1989,1210170,12,008,52,#,3.1,#,0.09
1210170015,1989,1210170,12,008,52,#,3.3,#,0.07
1210170017,1989,1210170,12,008,52,#,3.1,#,0.1
1210170019,1989,1210170,12,008,52,#,3.1,#,0.13
1210170021,1989,1210170,12,008,52,#,3.5,#,0.13
1210170023,1989,1210170,12,008,52,#,2.9,#,0.15
1210180001,1989,1210180,12,008,53,#,1.8,#,0.1
1210180003,1989,1210180,12,008,53,#,2.6,#,0.1
1210180005,1989,1210180,12,008,53,#,2.8,#,0.1
1210180007,1989,1210180,12,008,53,#,2.6,#,0.07
1210180009,1989,1210180,12,008,53,#,2.4,#,0.11
1210180011,1989,1210180,12,008,53,#,2.5,#,0.24
1210180013,1989,1210180,12,008,53,#,2.8,#,0.07
1210180015,1989,1210180,12,008,53,#,2.9,#,0.08
1210180017,1989,1210180,12,008,53,#,3.3,#,0.12
1210180019,1989,1210180,12,008,53,#,3.5,#,0.14
1210180021,1989,1210180,12,008,53,#,3.9,#,0.14
1210180023,1989,1210180,12,008,53,#,2.8,#,0.1
1210190001,1989,1210190,12,008,54,#,1.9,#,0.12
1210190003,1989,1210190,12,008,54,#,2.7,#,0.11
1210190005,1989,1210190,12,008,54,#,2.5,#,0.1
1210190007,1989,1210190,12,008,54,#,2.4,#,0.1
1210190009,1989,1210190,12,008,54,#,2.3,#,0.14
1210190011,1989,1210190,12,008,54,#,2.7,#,0.11
1210190013,1989,1210190,12,008,54,#,2.7,#,0.07
1210190015,1989,1210190,12,008,54,#,2.8,#,0.09
1210190017,1989,1210190,12,008,54,#,3.2,#,0.11
1210190019,1989,1210190,12,008,54,#,3.6,#,0.15
1210190021,1989,1210190,12,008,54,#,3.7,#,0.14
1210190023,1989,1210190,12,008,54,#,2.6,#,0.1
1210200001,1989,1210200,12,008,55,#,2.3,#,0.1
1210200003,1989,1210200,12,008,55,#,2.2,#,0.07
1210200005,1989,1210200,12,008,55,#,2.5,#,0.09
1210200007,1989,1210200,12,008,55,#,2.5,#,0.05
1210200009,1989,1210200,12,008,55,#,2.2,#,0.13
1210200011,1989,1210200,12,008,55,#,2.5,#,0.08
1210200013,1989,1210200,12,008,55,#,2.7,#,0.07
1210200015,1989,1210200,12,008,55,#,3,#,0.08
1210200017,1989,1210200,12,008,55,#,2.8,#,0.07
1210200019,1989,1210200,12,008,55,#,3.3,#,0.1
1210200021,1989,1210200,12,008,55,#,3.4,#,0.15
1210200023,1989,1210200,12,008,55,#,2.6,#,0.11
1210220001,1989,1210220,12,009,01,#,3.3,#,0.22
1210220004,1989,1210220,12,009,01,#,8.7,#,0.42
1210220007,1989,1210220,12,009,01,#,11,#,0.45
1210220010,1989,1210220,12,009,01,#,9,#,0.52
1210220013,1989,1210220,12,009,01,#,3.9,#,0.26
1210220016,1989,1210220,12,009,01,#,4.7,#,0.3
1210220019,1989,1210220,12,009,01,#,12,#,0.38
1210220022,1989,1210220,12,009,01,#,12,#,0.29
1210220025,1989,1210220,12,009,01,#,14,#,0.43
1210220028,1989,1210220,12,009,01,#,15,#,0.63
1210220031,1989,1210220,12,009,01,#,10,#,0.61
1210220034,1989,1210220,12,009,01,#,8.4,#,0.51
1210230001,1989,1210230,12,009,51,#,3.6,#,0.27
1210230003,1989,1210230,12,009,51,#,8.1,#,0.37
1210230005,1989,1210230,12,009,51,#,7.3,#,0.32
1210230007,1989,1210230,12,009,51,#,6.9,#,0.4
1210230009,1989,1210230,12,009,51,#,4.1,#,0.03
1210230011,1989,1210230,12,009,51,#,2.3,#,0.27
1210230013,1989,1210230,12,009,51,#,9.3,#,0.39
1210230015,1989,1210230,12,009,51,#,9.4,#,0.31
1210230017,1989,1210230,12,009,51,#,10,#,0.41
1210230019,1989,1210230,12,009,51,#,13,#,1
1210230021,1989,1210230,12,009,51,#,10,#,0.66
1210230023,1989,1210230,12,009,51,#,8.5,#,0.44
1210240001,1989,1210240,12,010,01,#,8.1,#,1.1
1210240002,1989,1210240,12,010,01,#,7.9,#,0.67
1210240003,1989,1210240,12,010,01,#,8.3,#,0.96
1210240004,1989,1210240,12,010,01,#,6.8,#,0.82
1210240005,1989,1210240,12,010,01,#,6.7,#,1.1
1210240006,1989,1210240,12,010,01,#,4.9,#,0.6
1210240007,1989,1210240,12,010,01,#,5.5,#,0.66
1210240008,1989,1210240,12,010,01,#,4.6,#,0.78
1210240009,1989,1210240,12,010,01,#,10,#,0.35
1210240010,1989,1210240,12,010,01,#,5.4,#,0.72
1210240011,1989,1210240,12,010,01,#,5.3,#,0.63
1210240012,1989,1210240,12,010,01,#,5.8,#,0.88
1210240013,1989,1210240,12,010,01,#,6.6,#,1.1
1210240014,1989,1210240,12,010,01,#,9.7,#,0.78
1210240015,1989,1210240,12,010,01,#,5.6,#,0.43
1210240016,1989,1210240,12,010,01,#,8.7,#,0.76
1210240017,1989,1210240,12,010,01,#,11,#,0.88
1210240018,1989,1210240,12,010,01,#,10,#,1
1210240019,1989,1210240,12,010,01,#,9.4,#,0.9
1210240020,1989,1210240,12,010,01,#,14,#,1
1210240021,1989,1210240,12,010,01,#,13,#,1.6
1210240022,1989,1210240,12,010,01,#,9.7,#,0.72
1210240023,1989,1210240,12,010,01,#,4.9,#,1
1210240024,1989,1210240,12,010,01,#,9,#,0.88
1210250001,1989,1210250,12,011,01,#,11,#,1.4
1210250002,1989,1210250,12,011,01,#,10,#,1.2
1210250003,1989,1210250,12,011,01,#,9.4,#,1.2
1210250004,1989,1210250,12,011,01,#,9.7,#,0.92
1210250005,1989,1210250,12,011,01,#,7,#,0.66
1210250006,1989,1210250,12,011,01,#,7.6,#,0.88
1210250007,1989,1210250,12,011,01,#,9.8,#,0.73
1210250008,1989,1210250,12,011,01,#,10,#,0.93
1210250009,1989,1210250,12,011,01,#,11,#,1.1
1210250010,1989,1210250,12,011,01,#,13,#,1.1
1210250011,1989,1210250,12,011,01,#,13,#,1.2
1210250012,1989,1210250,12,011,01,#,10,#,1.2
1210260001,1989,1210260,12,011,02,#,12,#,1.6
1210260002,1989,1210260,12,011,02,#,8.2,#,1.1
1210260003,1989,1210260,12,011,02,#,8.6,#,1.3
1210260004,1989,1210260,12,011,02,#,8.2,#,1.2
1210260005,1989,1210260,12,011,02,#,6.4,#,0.7
1210260006,1989,1210260,12,011,02,#,8.8,#,0.65
1210260007,1989,1210260,12,011,02,#,8.1,#,0.57
1210260008,1989,1210260,12,011,02,#,9.3,#,0.58
1210260009,1989,1210260,12,011,02,#,9.8,#,1.3
1210260010,1989,1210260,12,011,02,#,10,#,1.1
1210260011,1989,1210260,12,011,02,#,11,#,1.2
1210260012,1989,1210260,12,011,02,#,6.9,#,1
1210280001,1989,1210280,12,012,01,#,12,#,1.5
1210280002,1989,1210280,12,012,01,#,11,#,1.5
1210280003,1989,1210280,12,012,01,#,9.9,#,1.5
1210280004,1989,1210280,12,012,01,#,10,#,1.2
1210280005,1989,1210280,12,012,01,#,7.6,#,0.48
1210280006,1989,1210280,12,012,01,#,8.8,#,1
1210280007,1989,1210280,12,012,01,#,10,#,0.94
1210280008,1989,1210280,12,012,01,#,8.9,#,0.88
1210280009,1989,1210280,12,012,01,#,11,#,1
1210280010,1989,1210280,12,012,01,#,11,#,1.2
1210280011,1989,1210280,12,012,01,#,11,#,1.5
1210280012,1989,1210280,12,012,01,#,10,#,1.2
1210290001,1989,1210290,12,012,51,#,13,#,0.87
1210290002,1989,1210290,12,012,51,#,10,#,0.98
1210290003,1989,1210290,12,012,51,#,9.8,#,1.3
1210290004,1989,1210290,12,012,51,#,16,#,1.2
1210290005,1989,1210290,12,012,51,#,11,#,1.1
1210290006,1989,1210290,12,012,51,#,6.2,#,0.89
1210290007,1989,1210290,12,012,51,#,9.9,#,1.2
1210290008,1989,1210290,12,012,51,#,10,#,0.96
1210290009,1989,1210290,12,012,51,#,12,#,0.5
1210290010,1989,1210290,12,012,51,#,9.7,#,1
1210290011,1989,1210290,12,012,51,#,7.6,#,0.99
1210290012,1989,1210290,12,012,51,#,8.6,#,1.4
1210290013,1989,1210290,12,012,51,#,8.4,#,1.5
1210290014,1989,1210290,12,012,51,#,13,#,0.87
1210290015,1989,1210290,12,012,51,#,13,#,0.61
1210290016,1989,1210290,12,012,51,#,16,#,0.9
1210290017,1989,1210290,12,012,51,#,13,#,1.2
1210290018,1989,1210290,12,012,51,#,11,#,1.8
1210290019,1989,1210290,12,012,51,#,13,#,1.5
1210290020,1989,1210290,12,012,51,#,14,#,1.6
1210290021,1989,1210290,12,012,51,#,7.5,#,0.95
1210290022,1989,1210290,12,012,51,#,8.1,#,1
1210290023,1989,1210290,12,012,51,#,4.3,#,1.1
1210290024,1989,1210290,12,012,51,#,12,#,1.2
1210300002,1989,1210300,12,013,01,#,3.4,#,0.11
1210300004,1989,1210300,12,013,01,#,2.6,#,0.09
1210300006,1989,1210300,12,013,01,#,2.6,#,0.076
1210300008,1989,1210300,12,013,01,#,4.4,#,0.11
1210300010,1989,1210300,12,013,01,#,3.6,#,0.13
1210300012,1989,1210300,12,013,01,#,2.9,#,0.16
1210310002,1989,1210310,12,013,51,#,9.6,#,0.22
1210310004,1989,1210310,12,013,51,#,3.5,#,0.25
1210310006,1989,1210310,12,013,51,#,9,#,0.44
1210310008,1989,1210310,12,013,51,#,5,#,0.15
1210310010,1989,1210310,12,013,51,#,4.1,#,0.21
1210310012,1989,1210310,12,013,51,#,9.8,#,0.5
1210320002,1989,1210320,12,013,52,#,4.9,#,0.25
1210320004,1989,1210320,12,013,52,#,5.9,#,0.21
1210320006,1989,1210320,12,013,52,#,5.1,#,0.13
1210320008,1989,1210320,12,013,52,#,8.5,#,0.13
1210320010,1989,1210320,12,013,52,#,6.4,#,0.19
1210320012,1989,1210320,12,013,52,#,6.2,#,0.19
1210330002,1989,1210330,12,013,53,#,2,#,0.094
1210330004,1989,1210330,12,013,53,#,1.9,#,0.09
1210330006,1989,1210330,12,013,53,#,1.6,#,0.084
1210330008,1989,1210330,12,013,53,#,3.7,#,0.087
1210330010,1989,1210330,12,013,53,#,2.2,#,0.096
1210330012,1989,1210330,12,013,53,#,3.1,#,0.12
1210350002,1989,1210350,12,014,01,#,1.6,#,0.1
1210350004,1989,1210350,12,014,01,#,1.9,#,0.072
1210350006,1989,1210350,12,014,01,#,2.4,#,0.077
1210350008,1989,1210350,12,014,01,#,3.3,#,0.065
1210350010,1989,1210350,12,014,01,#,3.1,#,0.092
1210350012,1989,1210350,12,014,01,#,2.2,#,0.074
1210360002,1989,1210360,12,014,51,#,2.4,#,0.09
1210360004,1989,1210360,12,014,51,#,2.3,#,0.076
1210360006,1989,1210360,12,014,51,#,2.7,#,0.087
1210360008,1989,1210360,12,014,51,#,3.3,#,0.059
1210360010,1989,1210360,12,014,51,#,2.9,#,0.076
1210360012,1989,1210360,12,014,51,#,2.7,#,0.11
1210370002,1989,1210370,12,015,01,#,4.7,#,0.19
1210370004,1989,1210370,12,015,01,#,6.3,#,0.17
1210370006,1989,1210370,12,015,01,#,4.7,#,0.14
1210370008,1989,1210370,12,015,01,#,4.9,#,0.22
1210370010,1989,1210370,12,015,01,#,5.2,#,0.2
1210370012,1989,1210370,12,015,01,#,5.6,#,0.23
1210380002,1989,1210380,12,016,01,#,3.9,#,0.28
1210380004,1989,1210380,12,016,01,#,3.6,#,0.19
1210380006,1989,1210380,12,016,01,#,4.4,#,0.24
1210380008,1989,1210380,12,016,01,#,4,#,0.18
1210380010,1989,1210380,12,016,01,#,4,#,0.22
1210380012,1989,1210380,12,016,01,#,3.5,#,0.25
1210390002,1989,1210390,12,016,51,#,3.9,#,0.24
1210390004,1989,1210390,12,016,51,#,3.6,#,0.14
1210390006,1989,1210390,12,016,51,#,3.7,#,0.16
1210390008,1989,1210390,12,016,51,#,5,#,0.15
1210390010,1989,1210390,12,016,51,#,3.9,#,0.17
1210390012,1989,1210390,12,016,51,#,4.1,#,0.15
1210400002,1989,1210400,12,217,01,#,3.4,#,0.12
1210400004,1989,1210400,12,217,01,#,3.7,#,0.1
1210400006,1989,1210400,12,217,01,#,3.9,#,0.066
1210400008,1989,1210400,12,217,01,#,5.9,#,0.056
1210400010,1989,1210400,12,217,01,#,4.8,#,0.072
1210400012,1989,1210400,12,217,01,#,3.8,#,0.099
1210410002,1989,1210410,12,017,01,#,4.8,#,0.29
1210410004,1989,1210410,12,017,01,#,2.4,#,0.079
1210410006,1989,1210410,12,017,01,#,2.6,#,0.1
1210410008,1989,1210410,12,017,01,#,3.4,#,0.13
1210410010,1989,1210410,12,017,01,#,4,#,0.15
1210410012,1989,1210410,12,017,01,#,2.3,#,0.16
1210420002,1989,1210420,12,018,01,#,4.5,#,0.31
1210420004,1989,1210420,12,018,01,#,5.1,#,0.38
1210420006,1989,1210420,12,018,01,#,7.1,#,0.56
1210420008,1989,1210420,12,018,01,#,5,#,0.46
1210420010,1989,1210420,12,018,01,#,6.6,#,0.5
1210420012,1989,1210420,12,018,01,#,7.4,#,0.86
1210430002,1989,1210430,12,018,51,#,4,#,0.21
1210430004,1989,1210430,12,018,51,#,6.7,#,0.3
1210430006,1989,1210430,12,018,51,#,9.1,#,0.39
1210430008,1989,1210430,12,018,51,#,6.1,#,0.27
1210430010,1989,1210430,12,018,51,#,7.8,#,0.2
1210430012,1989,1210430,12,018,51,#,8,#,0.32
1210440002,1989,1210440,12,019,01,#,4.3,#,0.64
1210440004,1989,1210440,12,019,01,#,5.5,#,0.61
1210440006,1989,1210440,12,019,01,#,6.9,#,0.8
1210440008,1989,1210440,12,019,01,#,4.5,#,0.57
1210440010,1989,1210440,12,019,01,#,5.7,#,0.54
1210440012,1989,1210440,12,019,01,#,7.4,#,1.1
1210450002,1989,1210450,12,020,01,#,3.4,#,0.11
1210450004,1989,1210450,12,020,01,#,4.5,#,0.11
1210450006,1989,1210450,12,020,01,#,4,#,0.12
1210450008,1989,1210450,12,020,01,#,3.7,#,0.1
1210450010,1989,1210450,12,020,01,#,4,#,0.14
1210450012,1989,1210450,12,020,01,#,4.8,#,0.16
1210460002,1989,1210460,12,021,01,#,3.6,#,0.15
1210460004,1989,1210460,12,021,01,#,3.8,#,0.14
1210460006,1989,1210460,12,021,01,#,4.1,#,0.14
1210460008,1989,1210460,12,021,01,#,3.5,#,0.11
1210460010,1989,1210460,12,021,01,#,3.7,#,0.12
1210460012,1989,1210460,12,021,01,#,5,#,0.16
1210470002,1989,1210470,12,022,01,#,3,#,0.17
1210470004,1989,1210470,12,022,01,#,2.8,#,0.11
1210470006,1989,1210470,12,022,01,#,3.3,#,0.1
1210470008,1989,1210470,12,022,01,#,3,#,0.091
1210470010,1989,1210470,12,022,01,#,3.7,#,0.093
1210470012,1989,1210470,12,022,01,#,4,#,0.12
1210480002,1989,1210480,12,023,01,#,1.8,#,0.16
1210480004,1989,1210480,12,023,01,#,3.9,#,0.14
1210480006,1989,1210480,12,023,01,#,3.7,#,0.12
1210480008,1989,1210480,12,023,01,#,3.1,#,0.12
1210480010,1989,1210480,12,023,01,#,3.3,#,0.1
1210480012,1989,1210480,12,023,01,#,4.2,#,0.11
1210490004,1989,1210490,12,023,51,#,4.8,#,0.1
1210490008,1989,1210490,12,023,51,#,7.2,#,0.053
1210490010,1989,1210490,12,023,51,#,7,#,0.074
1210500002,1989,1210500,12,024,01,#,2.3,#,0.15
1210500004,1989,1210500,12,024,01,#,2.2,#,0.11
1210500006,1989,1210500,12,024,01,#,3.3,#,0.1
1210500008,1989,1210500,12,024,01,#,2.8,#,0.1
1210500010,1989,1210500,12,024,01,#,3.1,#,0.091
1210500012,1989,1210500,12,024,01,#,3.9,#,0.12
1210510002,1989,1210510,12,025,01,#,4,#,0.21
1210510004,1989,1210510,12,025,01,#,12,#,0.36
1210510006,1989,1210510,12,025,01,#,8.7,#,0.21
1210510008,1989,1210510,12,025,01,#,5.3,#,0.17
1210510010,1989,1210510,12,025,01,#,10,#,0.2
1210510012,1989,1210510,12,025,01,#,24,#,0.23
1210520002,1989,1210520,12,025,51,#,4.3,#,0.17
1210520004,1989,1210520,12,025,51,#,4.7,#,0.31
1210520006,1989,1210520,12,025,51,#,5.9,#,0.25
1210520008,1989,1210520,12,025,51,#,4.6,#,0.17
1210520010,1989,1210520,12,025,51,#,3.9,#,0.19
1210520012,1989,1210520,12,025,51,#,5.1,#,0.26
1210530002,1989,1210530,12,026,01,#,7,#,0.21
1210530004,1989,1210530,12,026,01,#,18,#,0.24
1210530006,1989,1210530,12,026,01,#,14,#,0.3
1210530008,1989,1210530,12,026,01,#,13,#,0.21
1210530010,1989,1210530,12,026,01,#,15,#,0.23
1210530012,1989,1210530,12,026,01,#,11,#,0.24
1210540002,1989,1210540,12,027,01,#,2.3,#,0.27
1210540004,1989,1210540,12,027,01,#,1.6,#,0.21
1210540006,1989,1210540,12,027,01,#,1.9,#,0.29
1210540008,1989,1210540,12,027,01,#,1.7,#,0.2
1210540010,1989,1210540,12,027,01,#,2.4,#,0.28
1210540012,1989,1210540,12,027,01,#,2.4,#,0.3
1210550002,1989,1210550,12,028,01,#,5.3,#,0.29
1210550004,1989,1210550,12,028,01,#,5.3,#,0.34
1210550006,1989,1210550,12,028,01,#,7.2,#,0.48
1210550008,1989,1210550,12,028,01,#,5.5,#,0.31
1210550010,1989,1210550,12,028,01,#,8.3,#,0.34
1210550012,1989,1210550,12,028,01,#,7.1,#,0.56
1210560002,1989,1210560,12,029,01,#,22,#,0.29
1210560004,1989,1210560,12,029,01,#,25,#,0.42
1210560006,1989,1210560,12,029,01,#,23,#,0.43
1210560008,1989,1210560,12,029,01,#,11,#,0.24
1210560010,1989,1210560,12,029,01,#,24,#,0.32
1210560012,1989,1210560,12,029,01,#,26,#,0.32
1210570002,1989,1210570,12,030,01,#,1.4,#,0.099
1210570004,1989,1210570,12,030,01,#,1.6,#,0.12
1210570006,1989,1210570,12,030,01,#,1.5,#,0.1
1210570008,1989,1210570,12,030,01,#,1.6,#,0.094
1210570010,1989,1210570,12,030,01,#,2.1,#,0.14
1210570012,1989,1210570,12,030,01,#,1.8,#,0.13
1210580002,1989,1210580,12,031,01,#,2.8,#,0.14
1210580004,1989,1210580,12,031,01,#,5.6,#,0.12
1210580006,1989,1210580,12,031,01,#,5,#,0.086
1210580008,1989,1210580,12,031,01,#,4.5,#,0.1
1210580010,1989,1210580,12,031,01,#,4.3,#,0.09
1210580012,1989,1210580,12,031,01,#,9,#,0.15
1210590002,1989,1210590,12,031,51,#,1.4,#,0.1
1210590004,1989,1210590,12,031,51,#,1.6,#,0.13
1210590006,1989,1210590,12,031,51,#,1.6,#,0.11
1210590008,1989,1210590,12,031,51,#,1.7,#,0.1
1210590010,1989,1210590,12,031,51,#,2.1,#,0.14
1210590012,1989,1210590,12,031,51,#,1.9,#,0.13
1210600002,1989,1210600,12,031,52,#,1.5,#,0.12
1210600004,1989,1210600,12,031,52,#,1.7,#,0.14
1210600006,1989,1210600,12,031,52,#,1.6,#,0.13
1210600008,1989,1210600,12,031,52,#,1.7,#,0.1
1210600010,1989,1210600,12,031,52,#,2.2,#,0.17
1210600012,1989,1210600,12,031,52,#,2.1,#,0.15
1210610002,1989,1210610,12,032,01,#,1.5,#,0.27
1210610004,1989,1210610,12,032,01,#,1.5,#,0.26
1210610006,1989,1210610,12,032,01,#,1.3,#,0.26
1210610008,1989,1210610,12,032,01,#,1.7,#,0.29
1210610010,1989,1210610,12,032,01,#,2.6,#,0.27
1210610012,1989,1210610,12,032,01,#,1.6,#,0.23
1210620002,1989,1210620,12,032,51,#,1,#,0.1
1210620004,1989,1210620,12,032,51,#,1.2,#,0.11
1210620006,1989,1210620,12,032,51,#,1.3,#,0.12
1210620008,1989,1210620,12,032,51,#,1,#,0.14
1210620010,1989,1210620,12,032,51,#,2.1,#,0.13
1210620012,1989,1210620,12,032,51,#,1.4,#,0.24
1210630002,1989,1210630,12,033,02,#,1.7,#,0.24
1210630004,1989,1210630,12,033,02,#,1.7,#,0.26
1210630006,1989,1210630,12,033,02,#,1.2,#,0.19
1210630008,1989,1210630,12,033,02,#,2.2,#,0.22
1210630010,1989,1210630,12,033,02,#,2.6,#,0.26
1210630012,1989,1210630,12,033,02,#,1.6,#,0.19
1210640002,1989,1210640,12,034,01,#,2,#,0.17
1210640004,1989,1210640,12,034,01,#,3.8,#,0.37
1210640006,1989,1210640,12,034,01,#,4.6,#,0.36
1210640008,1989,1210640,12,034,01,#,4.2,#,0.35
1210640010,1989,1210640,12,034,01,#,4.3,#,0.16
1210640012,1989,1210640,12,034,01,#,3.5,#,0.23
1210650002,1989,1210650,12,035,01,#,1.9,#,0.3
1210650004,1989,1210650,12,035,01,#,1.6,#,0.3
1210650006,1989,1210650,12,035,01,#,2.6,#,0.14
1210650008,1989,1210650,12,035,01,#,2.3,#,0.44
1210650010,1989,1210650,12,035,01,#,2.2,#,0.25
1210650012,1989,1210650,12,035,01,#,3.1,#,0.55
1210660002,1989,1210660,12,035,51,#,1.1,#,0.15
1210660004,1989,1210660,12,035,51,#,1,#,0.15
1210660006,1989,1210660,12,035,51,#,1,#,0.13
1210660008,1989,1210660,12,035,51,#,1.1,#,0.11
1210660010,1989,1210660,12,035,51,#,1.1,#,0.11
1210660012,1989,1210660,12,035,51,#,1.1,#,0.13
1210670002,1989,1210670,12,036,01,#,2.2,#,0.3
1210670004,1989,1210670,12,036,01,#,1.8,#,0.23
1210670006,1989,1210670,12,036,01,#,1.2,#,0.2
1210670008,1989,1210670,12,036,01,#,2.8,#,0.27
1210670010,1989,1210670,12,036,01,#,2.7,#,0.24
1210670012,1989,1210670,12,036,01,#,2,#,0.2
1210680002,1989,1210680,12,036,51,#,1.7,#,0.29
1210680004,1989,1210680,12,036,51,#,1.6,#,0.23
1210680006,1989,1210680,12,036,51,#,0.79,#,0.16
1210680008,1989,1210680,12,036,51,#,1.9,#,0.21
1210680010,1989,1210680,12,036,51,#,3.4,#,0.25
1210680012,1989,1210680,12,036,51,#,2,#,0.23
1210690002,1989,1210690,12,037,01,#,1.1,#,0.078
1210690004,1989,1210690,12,037,01,#,1,#,0.07
1210690006,1989,1210690,12,037,01,#,1,#,0.094
1210690008,1989,1210690,12,037,01,#,1.1,#,0.054
1210690010,1989,1210690,12,037,01,#,1.2,#,0.067
1210690012,1989,1210690,12,037,01,#,1.1,#,0.062
1210700002,1989,1210700,12,037,51,#,1.6,#,0.037
1210700004,1989,1210700,12,037,51,#,1.8,#,0.058
1210700006,1989,1210700,12,037,51,#,1.7,#,0.057
1210700008,1989,1210700,12,037,51,#,1.3,#,0.051
1210700010,1989,1210700,12,037,51,#,2.1,#,0.05
1210700012,1989,1210700,12,037,51,#,1.5,#,0.047
1210710002,1989,1210710,12,038,01,#,1.6,#,0.23
1210710004,1989,1210710,12,038,01,#,1.3,#,0.21
1210710006,1989,1210710,12,038,01,#,0.97,#,0.16
1210710008,1989,1210710,12,038,01,#,1,#,0.12
1210710010,1989,1210710,12,038,01,#,1.3,#,0.22
1210710012,1989,1210710,12,038,01,#,0.99,#,0.19
1210720002,1989,1210720,12,038,51,#,1.4,#,0.38
1210720004,1989,1210720,12,038,51,#,1.2,#,0.2
1210720006,1989,1210720,12,038,51,#,1.1,#,0.2
1210720008,1989,1210720,12,038,51,#,0.94,#,0.13
1210720010,1989,1210720,12,038,51,#,1,#,0.15
1210720012,1989,1210720,12,038,51,#,0.92,#,0.2
1210730002,1989,1210730,12,039,01,#,1.4,#,0.22
1210730004,1989,1210730,12,039,01,#,1.1,#,0.15
1210730006,1989,1210730,12,039,01,#,1.3,#,0.15
1210730008,1989,1210730,12,039,01,#,1.5,#,0.16
1210730010,1989,1210730,12,039,01,#,1.3,#,0.16
1210730012,1989,1210730,12,039,01,#,1.1,#,0.17
1210740001,1989,1210740,12,040,01,#,2,#,0.31
1210740002,1989,1210740,12,040,01,#,1.8,#,0.24
1210740003,1989,1210740,12,040,01,#,1.5,#,0.16
1210740004,1989,1210740,12,040,01,#,1.9,#,0.28
1210740005,1989,1210740,12,040,01,#,1.3,#,0.14
1210740006,1989,1210740,12,040,01,#,2,#,0.34
1210740007,1989,1210740,12,040,01,#,1.7,#,0.16
1210740008,1989,1210740,12,040,01,#,1.6,#,0.17
1210740009,1989,1210740,12,040,01,#,2.5,#,0.28
1210740010,1989,1210740,12,040,01,#,2.5,#,0.19
1210740011,1989,1210740,12,040,01,#,1.6,#,0.15
1210740012,1989,1210740,12,040,01,#,1.5,#,0.15
1210750002,1989,1210750,12,040,51,#,1.1,#,0.16
1210750004,1989,1210750,12,040,51,#,1,#,0.15
1210750006,1989,1210750,12,040,51,#,1.2,#,0.16
1210750008,1989,1210750,12,040,51,#,1.2,#,0.15
1210750010,1989,1210750,12,040,51,#,1.4,#,0.19
1210750012,1989,1210750,12,040,51,#,1,#,0.19
1210760002,1989,1210760,12,041,01,#,0.91,#,0.087
1210760004,1989,1210760,12,041,01,#,0.78,#,0.093
1210760006,1989,1210760,12,041,01,#,0.88,#,0.088
1210760008,1989,1210760,12,041,01,#,0.79,#,0.071
1210760010,1989,1210760,12,041,01,#,1.1,#,0.11
1210760012,1989,1210760,12,041,01,#,0.82,#,0.1
1210770001,1989,1210770,12,042,01,#,1.4,#,0.17
1210770002,1989,1210770,12,042,01,#,1.3,#,0.14
1210770003,1989,1210770,12,042,01,#,1.8,#,0.15
1210770004,1989,1210770,12,042,01,#,1.2,#,0.13
1210770005,1989,1210770,12,042,01,#,1.4,#,0.14
1210770006,1989,1210770,12,042,01,#,1.4,#,0.12
1210770007,1989,1210770,12,042,01,#,1.4,#,0.1
1210770008,1989,1210770,12,042,01,#,1.5,#,0.1
1210770009,1989,1210770,12,042,01,#,1.6,#,0.13
1210770010,1989,1210770,12,042,01,#,1.8,#,0.17
1210770011,1989,1210770,12,042,01,#,1.5,#,0.14
1210770012,1989,1210770,12,042,01,#,1.6,#,0.14
1210780002,1989,1210780,12,043,01,#,1.5,#,0.18
1210780004,1989,1210780,12,043,01,#,1.4,#,0.15
1210780006,1989,1210780,12,043,01,#,1.2,#,0.11
1210780008,1989,1210780,12,043,01,#,1.4,#,0.08
1210780010,1989,1210780,12,043,01,#,1.2,#,0.13
1210780012,1989,1210780,12,043,01,#,2,#,0.44
1210790001,1989,1210790,12,044,01,#,4.1,#,0.17
1210790002,1989,1210790,12,044,01,#,3.4,#,0.13
1210790003,1989,1210790,12,044,01,#,3.6,#,0.18
1210790004,1989,1210790,12,044,01,#,3,#,0.11
1210790005,1989,1210790,12,044,01,#,2.7,#,0.14
1210790006,1989,1210790,12,044,01,#,2.6,#,0.12
1210790007,1989,1210790,12,044,01,#,2.2,#,0.13
1210790008,1989,1210790,12,044,01,#,2.1,#,0.098
1210790009,1989,1210790,12,044,01,#,1.9,#,0.073
1210790010,1989,1210790,12,044,01,#,2.2,#,0.082
1210790011,1989,1210790,12,044,01,#,2.5,#,0.11
1210790012,1989,1210790,12,044,01,#,2.4,#,0.12
1210800002,1989,1210800,12,044,51,#,2.2,#,0.11
1210800004,1989,1210800,12,044,51,#,1.6,#,0.066
1210800006,1989,1210800,12,044,51,#,1.6,#,0.056
1210800008,1989,1210800,12,044,51,#,1.6,#,0.063
1210800010,1989,1210800,12,044,51,#,1.4,#,0.035
1210800012,1989,1210800,12,044,51,#,1.5,#,0.069
1210810002,1989,1210810,12,044,53,#,2.1,#,0.11
1210810004,1989,1210810,12,044,53,#,2.4,#,0.11
1210810006,1989,1210810,12,044,53,#,2.3,#,0.094
1210810008,1989,1210810,12,044,53,#,1.8,#,0.078
1210810010,1989,1210810,12,044,53,#,2,#,0.061
1210810012,1989,1210810,12,044,53,#,2,#,0.091
1210820001,1989,1210820,12,045,01,#,5.2,#,0.26
1210820002,1989,1210820,12,045,01,#,5.2,#,0.45
1210820003,1989,1210820,12,045,01,#,5.2,#,0.63
1210820004,1989,1210820,12,045,01,#,6.1,#,0.57
1210820005,1989,1210820,12,045,01,#,3.5,#,0.3
1210820006,1989,1210820,12,045,01,#,4.3,#,0.36
1210820007,1989,1210820,12,045,01,#,4.2,#,0.46
1210820008,1989,1210820,12,045,01,#,5.2,#,0.024
1210820009,1989,1210820,12,045,01,#,5.2,#,0.37
1210820010,1989,1210820,12,045,01,#,6.4,#,0.4
1210820011,1989,1210820,12,045,01,#,4.3,#,0.27
1210820012,1989,1210820,12,045,01,#,5.5,#,0.4
1210830001,1989,1210830,12,046,02,#,18,#,0.38
1210830002,1989,1210830,12,046,02,#,20,#,0.67
1210830003,1989,1210830,12,046,02,#,20,#,0.54
1210830004,1989,1210830,12,046,02,#,16,#,0.41
1210830005,1989,1210830,12,046,02,#,11,#,0.56
1210830006,1989,1210830,12,046,02,#,23,#,0.64
1210830007,1989,1210830,12,046,02,#,17,#,0.63
1210830008,1989,1210830,12,046,02,#,20,#,0.66
1210830009,1989,1210830,12,046,02,#,21,#,0.6
1210830010,1989,1210830,12,046,02,#,34,#,0.7
1210830011,1989,1210830,12,046,02,#,21,#,0.58
1210830012,1989,1210830,12,046,02,#,35,#,0.56
1210840001,1989,1210840,12,047,01,#,5.5,#,0.86
1210840002,1989,1210840,12,047,01,#,4.2,#,0.39
1210840003,1989,1210840,12,047,01,#,4.8,#,0.53
1210840004,1989,1210840,12,047,01,#,3.5,#,0.33
1210840005,1989,1210840,12,047,01,#,4.1,#,0.36
1210840006,1989,1210840,12,047,01,#,2.6,#,0.18
1210840007,1989,1210840,12,047,01,#,4.6,#,0.36
1210840008,1989,1210840,12,047,01,#,3.8,#,0.27
1210840009,1989,1210840,12,047,01,#,6.7,#,0.61
1210840010,1989,1210840,12,047,01,#,4.6,#,0.67
1210840011,1989,1210840,12,047,01,#,5.6,#,0.99
1210840012,1989,1210840,12,047,01,#,5.1,#,0.5
1210850001,1989,1210850,12,048,01,#,14,#,1.1
1210850002,1989,1210850,12,048,01,#,10,#,1
1210850003,1989,1210850,12,048,01,#,10,#,0.85
1210850004,1989,1210850,12,048,01,#,8.5,#,0.82
1210850005,1989,1210850,12,048,01,#,8.5,#,0.79
1210850006,1989,1210850,12,048,01,#,9.4,#,0.85
1210850007,1989,1210850,12,048,01,#,9.6,#,0.79
1210850008,1989,1210850,12,048,01,#,9.4,#,0.71
1210850009,1989,1210850,12,048,01,#,9.6,#,0.75
1210850010,1989,1210850,12,048,01,#,9.4,#,0.72
1210850011,1989,1210850,12,048,01,#,8,#,0.59
1210850012,1989,1210850,12,048,01,#,9.6,#,0.7
1210850013,1989,1210850,12,048,01,#,9,#,2.1
1210850014,1989,1210850,12,048,01,#,9.5,#,3.3
1210850015,1989,1210850,12,048,01,#,9.4,#,0.73
1210850016,1989,1210850,12,048,01,#,11,#,0.91
1210850017,1989,1210850,12,048,01,#,14,#,0.96
1210850018,1989,1210850,12,048,01,#,13,#,1.1
1210850019,1989,1210850,12,048,01,#,11,#,0.87
1210850020,1989,1210850,12,048,01,#,15,#,1.1
1210850021,1989,1210850,12,048,01,#,10,#,0.93
1210850022,1989,1210850,12,048,01,#,13,#,1.1
1210860001,1989,1210860,12,049,01,#,4.3,#,0.1
1210860002,1989,1210860,12,049,01,#,3.3,#,0.11
1210860003,1989,1210860,12,049,01,#,2.9,#,0.09
1210860004,1989,1210860,12,049,01,#,3.6,#,0.078
1210860005,1989,1210860,12,049,01,#,5.1,#,0.073
1210860006,1989,1210860,12,049,01,#,4.1,#,0.066
1210860007,1989,1210860,12,049,01,#,4.6,#,0.066
1210860008,1989,1210860,12,049,01,#,4.3,#,0.056
1210860009,1989,1210860,12,049,01,#,5.8,#,0.077
1210860010,1989,1210860,12,049,01,#,4.6,#,0.072
1210860011,1989,1210860,12,049,01,#,3.9,#,0.09
1210860012,1989,1210860,12,049,01,#,5.4,#,0.18
1210870001,1989,1210870,12,050,01,#,3.4,#,0.23
1210870002,1989,1210870,12,050,01,#,3.2,#,0.2
1210870003,1989,1210870,12,050,01,#,2.6,#,0.18
1210870004,1989,1210870,12,050,01,#,2.7,#,0.19
1210870005,1989,1210870,12,050,01,#,2.8,#,0.19
1210870006,1989,1210870,12,050,01,#,1.8,#,0.17
1210870007,1989,1210870,12,050,01,#,2.6,#,0.11
1210870008,1989,1210870,12,050,01,#,2.5,#,0.17
1210870009,1989,1210870,12,050,01,#,3.1,#,0.12
1210870010,1989,1210870,12,050,01,#,2.7,#,0.15
1210870011,1989,1210870,12,050,01,#,3,#,0.12
1210870012,1989,1210870,12,050,01,#,2.4,#,0.13
1210870013,1989,1210870,12,050,01,#,3.1,#,0.1
1210870014,1989,1210870,12,050,01,#,3.1,#,0.13
1210870015,1989,1210870,12,050,01,#,3.7,#,0.1
1210870016,1989,1210870,12,050,01,#,3.9,#,0.16
1210870017,1989,1210870,12,050,01,#,3.8,#,0.17
1210870018,1989,1210870,12,050,01,#,3.7,#,0.22
1210870019,1989,1210870,12,050,01,#,3.4,#,0.15
1210870020,1989,1210870,12,050,01,#,4,#,0.29
1210870021,1989,1210870,12,050,01,#,2.6,#,0.17
1210870022,1989,1210870,12,050,01,#,3.5,#,0.14
1210870023,1989,1210870,12,050,01,#,4.2,#,0.18
1210870024,1989,1210870,12,050,01,#,3.3,#,0.22
1210880001,1989,1210880,12,051,01,#,3.8,#,0.11
1210880002,1989,1210880,12,051,01,#,2.4,#,0.1
1210880003,1989,1210880,12,051,01,#,2.3,#,0.11
1210880004,1989,1210880,12,051,01,#,2.6,#,0.1
1210880005,1989,1210880,12,051,01,#,2.3,#,0.1
1210880006,1989,1210880,12,051,01,#,1.8,#,0.12
1210880007,1989,1210880,12,051,01,#,3.1,#,0.1
1210880008,1989,1210880,12,051,01,#,3.1,#,0.16
1210880009,1989,1210880,12,051,01,#,3.3,#,0.076
1210880010,1989,1210880,12,051,01,#,2.5,#,0.14
1210880011,1989,1210880,12,051,01,#,3.1,#,0.15
1210880012,1989,1210880,12,051,01,#,1.9,#,0.15
1210880013,1989,1210880,12,051,01,#,3.3,#,0.1
1210880014,1989,1210880,12,051,01,#,3.4,#,0.2
1210880015,1989,1210880,12,051,01,#,3.2,#,0.11
1210880016,1989,1210880,12,051,01,#,5.4,#,0.16
1210880017,1989,1210880,12,051,01,#,5.2,#,0.19
1210880018,1989,1210880,12,051,01,#,4.5,#,0.22
1210880019,1989,1210880,12,051,01,#,5.1,#,0.15
1210880020,1989,1210880,12,051,01,#,4.7,#,0.36
1210880021,1989,1210880,12,051,01,#,3.2,#,0.16
1210880022,1989,1210880,12,051,01,#,3,#,0.12
1210880023,1989,1210880,12,051,01,#,4.5,#,0.17
1210880024,1989,1210880,12,051,01,#,5.3,#,0.28
1210890001,1989,1210890,12,052,01,#,5.7,#,0.27
1210890002,1989,1210890,12,052,01,#,4.1,#,0.18
1210890003,1989,1210890,12,052,01,#,4.6,#,0.24
1210890004,1989,1210890,12,052,01,#,4.8,#,0.2
1210890005,1989,1210890,12,052,01,#,2.5,#,0.069
1210890006,1989,1210890,12,052,01,#,2.8,#,0.097
1210890007,1989,1210890,12,052,01,#,3.5,#,0.13
1210890008,1989,1210890,12,052,01,#,7.1,#,0.25
1210890009,1989,1210890,12,052,01,#,5.4,#,0.33
1210890010,1989,1210890,12,052,01,#,6.4,#,0.48
1210890011,1989,1210890,12,052,01,#,5.4,#,0.3
1210890012,1989,1210890,12,052,01,#,8,#,0.39
1210910001,1989,1210910,12,053,01,#,7.4,#,0.67
1210910002,1989,1210910,12,053,01,#,6.9,#,0.58
1210910003,1989,1210910,12,053,01,#,4.1,#,0.33
1210910004,1989,1210910,12,053,01,#,4,#,0.41
1210910005,1989,1210910,12,053,01,#,4.7,#,0.42
1210910006,1989,1210910,12,053,01,#,3.6,#,0.39
1210910007,1989,1210910,12,053,01,#,4.5,#,0.5
1210910008,1989,1210910,12,053,01,#,4.4,#,0.54
1210910009,1989,1210910,12,053,01,#,5.5,#,0.34
1210910010,1989,1210910,12,053,01,#,4.1,#,0.62
1210910011,1989,1210910,12,053,01,#,4.2,#,0.51
1210910012,1989,1210910,12,053,01,#,2.9,#,0.57
1210910013,1989,1210910,12,053,01,#,4.8,#,0.43
1210910014,1989,1210910,12,053,01,#,5.7,#,0.51
1210910015,1989,1210910,12,053,01,#,5.1,#,0.46
1210910016,1989,1210910,12,053,01,#,6.9,#,0.56
1210910017,1989,1210910,12,053,01,#,7.2,#,0.63
1210910018,1989,1210910,12,053,01,#,7.2,#,0.66
1210910019,1989,1210910,12,053,01,#,6,#,0.62
1210910020,1989,1210910,12,053,01,#,7.7,#,0.94
1210910021,1989,1210910,12,053,01,#,8.2,#,0.47
1210910022,1989,1210910,12,053,01,#,5.3,#,0.58
1210910023,1989,1210910,12,053,01,#,7.8,#,0.65
1210910024,1989,1210910,12,053,01,#,6.2,#,0.74
1210940001,1989,1210940,12,054,01,#,7.4,#,0.59
1210940002,1989,1210940,12,054,01,#,8.5,#,1
1210940003,1989,1210940,12,054,01,#,7.6,#,1.1
1210940004,1989,1210940,12,054,01,#,7.1,#,0.89
1210940005,1989,1210940,12,054,01,#,7.8,#,1.5
1210940006,1989,1210940,12,054,01,#,7.6,#,0.98
1210940007,1989,1210940,12,054,01,#,7.8,#,1.2
1210940008,1989,1210940,12,054,01,#,7.6,#,1.8
1210940009,1989,1210940,12,054,01,#,8.3,#,0.77
1210940010,1989,1210940,12,054,01,#,7.4,#,0.93
1210940011,1989,1210940,12,054,01,#,7.4,#,0.86
1210940012,1989,1210940,12,054,01,#,8.1,#,2
1210940013,1989,1210940,12,054,01,#,8.3,#,1.5
1210940014,1989,1210940,12,054,01,#,6.4,#,0.71
1210940015,1989,1210940,12,054,01,#,7.3,#,1.2
1210940016,1989,1210940,12,054,01,#,7.1,#,1.7
1210940017,1989,1210940,12,054,01,#,7.4,#,1.7
1210940018,1989,1210940,12,054,01,#,10,#,2.4
1210940019,1989,1210940,12,054,01,#,10,#,1.9
1210940020,1989,1210940,12,054,01,#,10,#,1.7
1210940021,1989,1210940,12,054,01,#,11,#,1.2
1210940022,1989,1210940,12,054,01,#,8.8,#,1.2
1210940023,1989,1210940,12,054,01,#,9.6,#,1.3
1210940024,1989,1210940,12,054,01,#,9.6,#,0.97
1210950001,1989,1210950,12,055,01,#,9.4,#,0.58
1210950002,1989,1210950,12,055,01,#,9.7,#,0.79
1210950003,1989,1210950,12,055,01,#,8,#,1.4
1210950004,1989,1210950,12,055,01,#,5.6,#,0.81
1210950005,1989,1210950,12,055,01,#,7.1,#,0.79
1210950006,1989,1210950,12,055,01,#,6.5,#,0.6
1210950007,1989,1210950,12,055,01,#,6.5,#,0.49
1210950008,1989,1210950,12,055,01,#,7.9,#,0.91
1210950009,1989,1210950,12,055,01,#,7.2,#,0.38
1210950010,1989,1210950,12,055,01,#,4.7,#,0.63
1210950011,1989,1210950,12,055,01,#,8.4,#,0.64
1210950012,1989,1210950,12,055,01,#,7.9,#,0.41
1210950013,1989,1210950,12,055,01,#,8.4,#,0.6
1210950014,1989,1210950,12,055,01,#,6.6,#,0.38
1210950015,1989,1210950,12,055,01,#,6.3,#,0.56
1210950016,1989,1210950,12,055,01,#,8.9,#,0.49
1210950017,1989,1210950,12,055,01,#,8.6,#,0.76
1210950018,1989,1210950,12,055,01,#,7.9,#,0.81
1210950019,1989,1210950,12,055,01,#,9.2,#,1.1
1210950020,1989,1210950,12,055,01,#,9.4,#,1
1210950021,1989,1210950,12,055,01,#,9.8,#,0.93
1210950022,1989,1210950,12,055,01,#,9.1,#,0.86
1210950023,1989,1210950,12,055,01,#,9.4,#,0.78
1210950024,1989,1210950,12,055,01,#,9.2,#,1.1
1210960001,1989,1210960,12,056,01,#,8.2,#,0.2
1210960002,1989,1210960,12,056,01,#,4.8,#,0.24
1210960003,1989,1210960,12,056,01,#,2.9,#,0.24
1210960004,1989,1210960,12,056,01,#,4.6,#,0.14
1210960005,1989,1210960,12,056,01,#,4.4,#,0.18
1210960006,1989,1210960,12,056,01,#,4.4,#,0.15
1210960007,1989,1210960,12,056,01,#,4.9,#,0.13
1210960008,1989,1210960,12,056,01,#,5.9,#,0.13
1210960009,1989,1210960,12,056,01,#,6.2,#,0.11
1210960010,1989,1210960,12,056,01,#,8,#,0.19
1210960011,1989,1210960,12,056,01,#,6.5,#,0.17
1210960012,1989,1210960,12,056,01,#,6.9,#,0.16
1210970001,1989,1210970,12,201,01,#,13,#,1.3
1210970002,1989,1210970,12,201,01,#,12,#,1
1210970003,1989,1210970,12,201,01,#,10,#,1
1210970004,1989,1210970,12,201,01,#,8.9,#,0.79
1210970005,1989,1210970,12,201,01,#,8.4,#,0.51
1210970006,1989,1210970,12,201,01,#,8.8,#,0.65
1210970007,1989,1210970,12,201,01,#,9.9,#,0.62
1210970008,1989,1210970,12,201,01,#,22,#,0.73
1210970009,1989,1210970,12,201,01,#,9.8,#,1
1210970010,1989,1210970,12,201,01,#,12,#,1.2
1210970011,1989,1210970,12,201,01,#,12,#,1.9
1210970012,1989,1210970,12,201,01,#,11,#,1.3
1210980001,1989,1210980,12,057,01,#,2.7,#,0.076
1210980002,1989,1210980,12,057,01,#,2,#,0.12
1210980003,1989,1210980,12,057,01,#,1.6,#,0.13
1210980004,1989,1210980,12,057,01,#,2.1,#,0.11
1210980005,1989,1210980,12,057,01,#,3.2,#,0.06
1210980006,1989,1210980,12,057,01,#,3.2,#,0.052
1210980007,1989,1210980,12,057,01,#,3.2,#,0.048
1210980008,1989,1210980,12,057,01,#,2.8,#,0.044
1210980009,1989,1210980,12,057,01,#,3.5,#,0.022
1210980010,1989,1210980,12,057,01,#,4.3,#,0.023
1210980011,1989,1210980,12,057,01,#,3,#,0.038
1210980012,1989,1210980,12,057,01,#,2.8,#,0.044
1210990001,1989,1210990,12,203,01,#,3.3,#,0.34
1210990002,1989,1210990,12,203,01,#,2.8,#,0.17
1210990003,1989,1210990,12,203,01,#,2.3,#,0.19
1210990004,1989,1210990,12,203,01,#,2.7,#,0.25
1210990005,1989,1210990,12,203,01,#,2,#,0.24
1210990006,1989,1210990,12,203,01,#,2.6,#,0.22
1210990007,1989,1210990,12,203,01,#,2.4,#,0.21
1210990008,1989,1210990,12,203,01,#,3,#,0.24
1210990009,1989,1210990,12,203,01,#,3.4,#,0.19
1210990010,1989,1210990,12,203,01,#,4.5,#,0.39
1210990011,1989,1210990,12,203,01,#,5,#,0.57
1210990012,1989,1210990,12,203,01,#,3.8,#,0.24
1211000001,1989,1211000,12,058,01,#,2,#,0.04
1211000002,1989,1211000,12,058,01,#,1.4,#,0.066
1211000003,1989,1211000,12,058,01,#,1.3,#,0.069
1211000004,1989,1211000,12,058,01,#,1.3,#,0.12
1211000005,1989,1211000,12,058,01,#,2,#,0.062
1211000006,1989,1211000,12,058,01,#,1.9,#,0.05
1211000007,1989,1211000,12,058,01,#,1.9,#,0.033
1211000008,1989,1211000,12,058,01,#,2.5,#,0.042
1211000009,1989,1211000,12,058,01,#,2.8,#,0.02
1211000010,1989,1211000,12,058,01,#,1.8,#,0.06
1211000011,1989,1211000,12,058,01,#,1.9,#,0.039
1211000012,1989,1211000,12,058,01,#,1.8,#,0.041
1211010001,1989,1211010,12,205,01,#,2.7,#,0.093
1211010002,1989,1211010,12,205,01,#,2.2,#,0.1
1211010003,1989,1211010,12,205,01,#,2.4,#,0.074
1211010004,1989,1211010,12,205,01,#,2.7,#,0.088
1211010005,1989,1211010,12,205,01,#,1.1,#,0.099
1211010006,1989,1211010,12,205,01,#,1.6,#,0.082
1211010007,1989,1211010,12,205,01,#,3.4,#,0.07
1211010008,1989,1211010,12,205,01,#,3,#,0.11
1211010009,1989,1211010,12,205,01,#,3.5,#,0.11
1211010010,1989,1211010,12,205,01,#,3.9,#,0.15
1211010011,1989,1211010,12,205,01,#,4.1,#,0.15
1211010012,1989,1211010,12,205,01,#,3.4,#,0.12
1211020002,1989,1211020,12,206,01,#,1.3,#,0.064
1211020004,1989,1211020,12,206,01,#,1.3,#,0.075
1211020006,1989,1211020,12,206,01,#,1.5,#,0.064
1211020008,1989,1211020,12,206,01,#,2.4,#,0.082
1211020010,1989,1211020,12,206,01,#,1,#,0.06
1211020012,1989,1211020,12,206,01,#,1.5,#,0.1
1211030002,1989,1211030,12,207,01,#,1.8,#,0.17
1211030004,1989,1211030,12,207,01,#,1,#,0.13
1211030006,1989,1211030,12,207,01,#,1.2,#,0.16
1211030008,1989,1211030,12,207,01,#,1.8,#,0.087
1211030010,1989,1211030,12,207,01,#,1.2,#,0.088
1211030012,1989,1211030,12,207,01,#,1.3,#,0.12
1211040002,1989,1211040,12,208,01,#,19,#,0.18
1211040004,1989,1211040,12,208,01,#,23,#,0.095
1211040006,1989,1211040,12,208,01,#,16,#,0.087
1211040008,1989,1211040,12,208,01,#,19,#,0.05
1211040010,1989,1211040,12,208,01,#,17,#,0.055
1211040012,1989,1211040,12,208,01,#,22,#,0.084
1211050002,1989,1211050,12,209,01,#,16,#,0.068
1211050004,1989,1211050,12,209,01,#,17,#,0.08
1211050006,1989,1211050,12,209,01,#,14,#,0.061
1211050008,1989,1211050,12,209,01,#,21,#,0.032
1211050010,1989,1211050,12,209,01,#,15,#,0.031
1211050012,1989,1211050,12,209,01,#,16,#,0.044
1211060002,1989,1211060,12,210,01,#,1.4,#,0.26
1211060004,1989,1211060,12,210,01,#,1.7,#,0.18
1211060006,1989,1211060,12,210,01,#,1.3,#,0.18
1211060008,1989,1211060,12,210,01,#,1.9,#,0.22
1211060010,1989,1211060,12,210,01,#,2.2,#,0.16
1211060012,1989,1211060,12,210,01,#,1.6,#,0.37
1211070002,1989,1211070,12,211,01,#,1.5,#,0.14
1211070004,1989,1211070,12,211,01,#,2.1,#,0.17
1211070006,1989,1211070,12,211,01,#,1.8,#,0.18
1211070008,1989,1211070,12,211,01,#,1.8,#,0.2
1211070010,1989,1211070,12,211,01,#,2.2,#,0.21
1211070012,1989,1211070,12,211,01,#,1.9,#,0.25
1211080002,1989,1211080,12,212,01,#,5.9,#,0.31
1211080004,1989,1211080,12,212,01,#,2.5,#,0.34
1211080006,1989,1211080,12,212,01,#,2.5,#,0.33
1211080008,1989,1211080,12,212,01,#,3.3,#,0.28
1211080010,1989,1211080,12,212,01,#,5.1,#,0.61
1211080012,1989,1211080,12,212,01,#,6.9,#,0.79
1211090002,1989,1211090,12,213,01,#,2.2,#,0.1
1211090004,1989,1211090,12,213,01,#,2.3,#,0.1
1211090006,1989,1211090,12,213,01,#,2.4,#,0.1
1211090008,1989,1211090,12,213,01,#,2.8,#,0.074
1211090010,1989,1211090,12,213,01,#,2.9,#,0.11
1211090012,1989,1211090,12,213,01,#,2.7,#,0.14
1211100001,1989,1211100,12,213,02,#,4.5,#,0.46
1211100002,1989,1211100,12,213,02,#,3.8,#,0.34
1211100003,1989,1211100,12,213,02,#,3.8,#,0.37
1211100004,1989,1211100,12,213,02,#,2.9,#,0.3
1211100005,1989,1211100,12,213,02,#,2.7,#,0.21
1211100006,1989,1211100,12,213,02,#,2.9,#,0.19
1211100007,1989,1211100,12,213,02,#,2.9,#,0.13
1211100008,1989,1211100,12,213,02,#,3.6,#,0.22
1211100009,1989,1211100,12,213,02,#,4.1,#,0.28
1211100010,1989,1211100,12,213,02,#,3.4,#,0.2
1211100011,1989,1211100,12,213,02,#,4.7,#,0.37
1211100012,1989,1211100,12,213,02,#,5.7,#,0.42
1211110002,1989,1211110,12,049,51,#,2.9,#,0.1
1211110004,1989,1211110,12,049,51,#,3.5,#,0.057
1211110006,1989,1211110,12,049,51,#,4.8,#,0.072
1211110008,1989,1211110,12,049,51,#,5.1,#,0.058
1211110010,1989,1211110,12,049,51,#,4.7,#,0.053
1211110012,1989,1211110,12,049,51,#,4.1,#,0.059
1211120002,1989,1211120,12,059,01,#,3.8,#,0.14
1211120004,1989,1211120,12,059,01,#,5.9,#,0.16
1211120006,1989,1211120,12,059,01,#,6.8,#,0.14
1211120008,1989,1211120,12,059,01,#,8.2,#,0.12
1211120010,1989,1211120,12,059,01,#,7.9,#,0.21
1211120012,1989,1211120,12,059,01,#,7.7,#,0.21
1211130001,1989,1211130,12,215,01,#,9.8,#,0.77
1211130002,1989,1211130,12,215,01,#,5.9,#,0.5
1211130003,1989,1211130,12,215,01,#,7.2,#,0.75
1211130004,1989,1211130,12,215,01,#,4,#,0.45
1211130005,1989,1211130,12,215,01,#,5,#,0.53
1211130006,1989,1211130,12,215,01,#,2.9,#,0.14
1211130007,1989,1211130,12,215,01,#,6.8,#,0.48
1211130008,1989,1211130,12,215,01,#,6.5,#,0.63
1211130009,1989,1211130,12,215,01,#,9,#,0.94
1211130010,1989,1211130,12,215,01,#,7.3,#,0.78
1211130011,1989,1211130,12,215,01,#,3.2,#,0.89
1211130012,1989,1211130,12,215,01,#,3.1,#,0.6
1211160001,1989,1211160,12,216,01,#,5.9,#,0.18
1211160002,1989,1211160,12,216,01,#,4.3,#,0.21
1211160003,1989,1211160,12,216,01,#,3.7,#,0.17
1211160004,1989,1211160,12,216,01,#,4.3,#,0.57
1211160005,1989,1211160,12,216,01,#,4.6,#,0.14
1211160006,1989,1211160,12,216,01,#,7,#,0.11
1211160007,1989,1211160,12,216,01,#,7,#,0.13
1211160008,1989,1211160,12,216,01,#,7,#,0.1
1211160009,1989,1211160,12,216,01,#,11,#,0.12
1211160010,1989,1211160,12,216,01,#,9.8,#,0.17
1211160011,1989,1211160,12,216,01,#,6.9,#,0.16
1211160012,1989,1211160,12,216,01,#,5.4,#,0.091
1211170001,1989,1211170,12,060,01,#,14,#,1.3
1211170002,1989,1211170,12,060,01,#,8.5,#,0.71
1211170003,1989,1211170,12,060,01,#,10,#,1.3
1211170004,1989,1211170,12,060,01,#,11,#,1.2
1211170005,1989,1211170,12,060,01,#,9.4,#,1.2
1211170006,1989,1211170,12,060,01,#,4,#,0.71
1211170007,1989,1211170,12,060,01,#,6.9,#,1.2
1211170008,1989,1211170,12,060,01,#,8.6,#,1.1
1211170009,1989,1211170,12,060,01,#,8.3,#,0.52
1211170010,1989,1211170,12,060,01,#,7.6,#,0.97
1211170011,1989,1211170,12,060,01,#,5.4,#,0.54
1211170012,1989,1211170,12,060,01,#,8.3,#,2.5
1211170013,1989,1211170,12,060,01,#,8.9,#,1.3
1211170014,1989,1211170,12,060,01,#,9.3,#,0.84
1211170015,1989,1211170,12,060,01,#,9.8,#,0.69
1211170016,1989,1211170,12,060,01,#,10,#,0.86
1211170017,1989,1211170,12,060,01,#,12,#,1
1211170018,1989,1211170,12,060,01,#,10,#,1
1211170019,1989,1211170,12,060,01,#,16,#,1.1
1211170020,1989,1211170,12,060,01,#,13,#,1.2
1211170021,1989,1211170,12,060,01,#,5.3,#,1
1211170022,1989,1211170,12,060,01,#,8.9,#,0.69
1211170023,1989,1211170,12,060,01,#,4.5,#,0.87
1211170024,1989,1211170,12,060,01,#,12,#,1
1211180001,1989,1211180,12,061,01,#,13,#,1.4
1211180002,1989,1211180,12,061,01,#,11,#,2.2
1211180003,1989,1211180,12,061,01,#,9.2,#,2.3
1211180004,1989,1211180,12,061,01,#,9.3,#,1.9
1211180005,1989,1211180,12,061,01,#,9.1,#,2.8
1211180006,1989,1211180,12,061,01,#,11,#,1.8
1211180007,1989,1211180,12,061,01,#,10,#,1.3
1211180008,1989,1211180,12,061,01,#,14,#,2.5
1211180009,1989,1211180,12,061,01,#,12,#,2.9
1211180010,1989,1211180,12,061,01,#,14,#,2
1211180011,1989,1211180,12,061,01,#,13,#,2.6
1211180012,1989,1211180,12,061,01,#,11,#,2
1220010001,1989,1220010,12,501,01,#,2.3,#,0.04
1220010002,1989,1220010,12,501,01,#,2.5,#,0.14
1220010003,1989,1220010,12,501,01,#,1.8,#,0.078
1220010004,1989,1220010,12,501,01,#,2.1,#,0.045
1220010005,1989,1220010,12,501,01,#,2.3,#,0.063
1220010006,1989,1220010,12,501,01,#,1.6,#,0.062
1220010007,1989,1220010,12,501,01,#,1.9,#,0.074
1220010008,1989,1220010,12,501,01,#,1.6,#,0.09
1220010009,1989,1220010,12,501,01,#,1.7,#,0.054
1220010010,1989,1220010,12,501,01,#,1.8,#,0.12
1220010011,1989,1220010,12,501,01,#,2,#,0.05
1220010012,1989,1220010,12,501,01,#,1.6,#,0.07
1220010013,1989,1220010,12,501,01,#,2.5,#,0.054
1220010014,1989,1220010,12,501,01,#,2.1,#,0.058
1220010015,1989,1220010,12,501,01,#,3.5,#,0.048
1220010016,1989,1220010,12,501,01,#,5.8,#,0.058
1220010017,1989,1220010,12,501,01,#,4.2,#,0.058
1220010018,1989,1220010,12,501,01,#,3.9,#,0.086
1220010019,1989,1220010,12,501,01,#,2.4,#,0.06
1220010020,1989,1220010,12,501,01,#,3.6,#,0.057
1220010021,1989,1220010,12,501,01,#,2.9,#,0.057
1220010022,1989,1220010,12,501,01,#,2.8,#,0.075
1220010023,1989,1220010,12,501,01,#,3.9,#,0.1
1220010024,1989,1220010,12,501,01,#,2.8,#,0.1
1220020001,1989,1220020,12,501,51,#,5,#,0.12
1220020002,1989,1220020,12,501,51,#,3.9,#,0.15
1220020003,1989,1220020,12,501,51,#,4.1,#,0.1
1220020004,1989,1220020,12,501,51,#,4.2,#,0.1
1220020005,1989,1220020,12,501,51,#,3.3,#,0.12
1220020006,1989,1220020,12,501,51,#,2.8,#,0.049
1220020007,1989,1220020,12,501,51,#,2.2,#,0.068
1220020008,1989,1220020,12,501,51,#,5.1,#,0.085
1220020009,1989,1220020,12,501,51,#,2,#,0.056
1220020010,1989,1220020,12,501,51,#,2.2,#,0.068
1220020011,1989,1220020,12,501,51,#,2.5,#,0.068
1220020012,1989,1220020,12,501,51,#,2.6,#,0.065
1220020013,1989,1220020,12,501,51,#,2.5,#,0.06
1220020014,1989,1220020,12,501,51,#,4.1,#,0.076
1220020015,1989,1220020,12,501,51,#,3.5,#,0.068
1220020016,1989,1220020,12,501,51,#,4.9,#,0.082
1220020017,1989,1220020,12,501,51,#,5.7,#,0.1
1220020018,1989,1220020,12,501,51,#,6.6,#,0.23
1220020019,1989,1220020,12,501,51,#,4.6,#,0.24
1220020020,1989,1220020,12,501,51,#,6.9,#,0.25
1220020021,1989,1220020,12,501,51,#,5.2,#,0.27
1220020022,1989,1220020,12,501,51,#,3.6,#,0.14
1220020023,1989,1220020,12,501,51,#,5.5,#,0.17
1220020024,1989,1220020,12,501,51,#,4.8,#,0.21
1220030001,1989,1220030,12,501,52,#,2.4,#,0.061
1220030002,1989,1220030,12,501,52,#,2.5,#,0.19
1220030003,1989,1220030,12,501,52,#,2,#,0.08
1220030004,1989,1220030,12,501,52,#,1.5,#,0.054
1220030005,1989,1220030,12,501,52,#,1.4,#,0.023
1220030006,1989,1220030,12,501,52,#,1.5,#,0.055
1220030007,1989,1220030,12,501,52,#,1.7,#,0.07
1220030008,1989,1220030,12,501,52,#,1.7,#,0.073
1220030009,1989,1220030,12,501,52,#,2.4,#,0.11
1220030010,1989,1220030,12,501,52,#,2.3,#,0.15
1220030011,1989,1220030,12,501,52,#,2.8,#,0.11
1220030012,1989,1220030,12,501,52,#,1.8,#,0.1
1220030013,1989,1220030,12,501,52,#,2.2,#,0.063
1220030014,1989,1220030,12,501,52,#,2,#,0.067
1220030015,1989,1220030,12,501,52,#,2.3,#,0.052
1220030016,1989,1220030,12,501,52,#,3.4,#,0.027
1220030017,1989,1220030,12,501,52,#,3.3,#,0.039
1220030018,1989,1220030,12,501,52,#,3.3,#,0.062
1220030019,1989,1220030,12,501,52,#,3.3,#,0.076
1220030020,1989,1220030,12,501,52,#,3.1,#,0.056
1220030021,1989,1220030,12,501,52,#,3.3,#,0.069
1220030022,1989,1220030,12,501,52,#,2.4,#,0.093
1220030023,1989,1220030,12,501,52,#,3.6,#,0.11
1220030024,1989,1220030,12,501,52,#,2.1,#,0.098
1220040001,1989,1220040,12,501,53,#,1,#,0.04
1220040002,1989,1220040,12,501,53,#,1.1,#,0.065
1220040003,1989,1220040,12,501,53,#,1.2,#,0.062
1220040004,1989,1220040,12,501,53,#,1,#,0.042
1220040005,1989,1220040,12,501,53,#,1.1,#,0.049
1220040006,1989,1220040,12,501,53,#,0.73,#,0.049
1220040007,1989,1220040,12,501,53,#,1.1,#,0.053
1220040008,1989,1220040,12,501,53,#,1.5,#,0.044
1220040009,1989,1220040,12,501,53,#,1.6,#,0.081
1220040010,1989,1220040,12,501,53,#,1,#,0.069
1220040011,1989,1220040,12,501,53,#,2.1,#,0.06
1220040012,1989,1220040,12,501,53,#,1.2,#,0.063
1220040013,1989,1220040,12,501,53,#,1.4,#,0.054
1220040014,1989,1220040,12,501,53,#,1.8,#,0.052
1220040015,1989,1220040,12,501,53,#,3,#,0.046
1220040016,1989,1220040,12,501,53,#,1.3,#,0.019
1220040017,1989,1220040,12,501,53,#,1.3,#,0.023
1220040018,1989,1220040,12,501,53,#,1.3,#,0.064
1220040019,1989,1220040,12,501,53,#,2,#,0.045
1220040020,1989,1220040,12,501,53,#,1.3,#,0.034
1220040021,1989,1220040,12,501,53,#,1.1,#,0.02
1220040022,1989,1220040,12,501,53,#,1.4,#,0.032
1220040023,1989,1220040,12,501,53,#,1.8,#,0.13
1220040024,1989,1220040,12,501,53,#,1.3,#,0.087
1220050001,1989,1220050,12,502,01,#,4,#,0.35
1220050002,1989,1220050,12,502,01,#,4.4,#,0.39
1220050003,1989,1220050,12,502,01,#,4.1,#,0.31
1220050004,1989,1220050,12,502,01,#,3.2,#,0.31
1220050005,1989,1220050,12,502,01,#,3.5,#,0.42
1220050006,1989,1220050,12,502,01,#,3.3,#,0.4
1220050007,1989,1220050,12,502,01,#,2.9,#,0.37
1220050008,1989,1220050,12,502,01,#,3.5,#,0.58
1220050009,1989,1220050,12,502,01,#,3,#,0.34
1220050010,1989,1220050,12,502,01,#,2.5,#,0.34
1220050011,1989,1220050,12,502,01,#,2,#,0.37
1220050012,1989,1220050,12,502,01,#,4.4,#,0.3
1220050013,1989,1220050,12,502,01,#,4.9,#,0.31
1220050014,1989,1220050,12,502,01,#,3.3,#,0.32
1220050015,1989,1220050,12,502,01,#,5,#,0.23
1220050016,1989,1220050,12,502,01,#,4.9,#,0.2
1220050017,1989,1220050,12,502,01,#,4.6,#,0.23
1220050018,1989,1220050,12,502,01,#,3.6,#,0.67
1220050019,1989,1220050,12,502,01,#,5.3,#,0.48
1220050020,1989,1220050,12,502,01,#,5.1,#,0.55
1220050021,1989,1220050,12,502,01,#,6.2,#,0.7
1220050022,1989,1220050,12,502,01,#,6.5,#,0.56
1220050023,1989,1220050,12,502,01,#,6.6,#,0.52
1220050024,1989,1220050,12,502,01,#,5.4,#,0.63
1220060001,1989,1220060,12,502,51,#,4.9,#,0.45
1220060002,1989,1220060,12,502,51,#,6.2,#,0.58
1220060003,1989,1220060,12,502,51,#,4.9,#,0.39
1220060004,1989,1220060,12,502,51,#,5,#,0.48
1220060005,1989,1220060,12,502,51,#,5.3,#,0.5
1220060006,1989,1220060,12,502,51,#,5.2,#,0.44
1220060007,1989,1220060,12,502,51,#,4.4,#,0.5
1220060008,1989,1220060,12,502,51,#,7.9,#,0.68
1220060009,1989,1220060,12,502,51,#,5.7,#,0.34
1220060010,1989,1220060,12,502,51,#,3.6,#,0.48
1220060011,1989,1220060,12,502,51,#,4.4,#,0.4
1220060012,1989,1220060,12,502,51,#,5.4,#,0.25
1220060013,1989,1220060,12,502,51,#,7.4,#,0.44
1220060014,1989,1220060,12,502,51,#,4.8,#,0.34
1220060015,1989,1220060,12,502,51,#,6,#,0.48
1220060016,1989,1220060,12,502,51,#,5.7,#,0.39
1220060017,1989,1220060,12,502,51,#,6.9,#,0.66
1220060018,1989,1220060,12,502,51,#,5.3,#,1.2
1220060019,1989,1220060,12,502,51,#,7.3,#,0.94
1220060020,1989,1220060,12,502,51,#,8.2,#,0.99
1220060021,1989,1220060,12,502,51,#,9.5,#,0.92
1220060022,1989,1220060,12,502,51,#,8.2,#,0.71
1220060023,1989,1220060,12,502,51,#,7.6,#,0.63
1220060024,1989,1220060,12,502,51,#,6,#,0.69
1220070001,1989,1220070,12,502,52,#,2.8,#,0.31
1220070002,1989,1220070,12,502,52,#,3.8,#,0.32
1220070003,1989,1220070,12,502,52,#,3.2,#,0.19
1220070004,1989,1220070,12,502,52,#,2.6,#,0.18
1220070005,1989,1220070,12,502,52,#,1.8,#,0.2
1220070006,1989,1220070,12,502,52,#,2.3,#,0.19
1220070007,1989,1220070,12,502,52,#,2.9,#,0.25
1220070008,1989,1220070,12,502,52,#,2.3,#,0.21
1220070009,1989,1220070,12,502,52,#,2.3,#,0.23
1220070010,1989,1220070,12,502,52,#,2.4,#,0.19
1220070011,1989,1220070,12,502,52,#,2.6,#,0.24
1220070012,1989,1220070,12,502,52,#,2.5,#,0.28
1220070013,1989,1220070,12,502,52,#,2.5,#,0.22
1220070014,1989,1220070,12,502,52,#,3.4,#,0.16
1220070015,1989,1220070,12,502,52,#,3.5,#,0.26
1220070016,1989,1220070,12,502,52,#,3.6,#,0.24
1220070017,1989,1220070,12,502,52,#,3.7,#,0.16
1220070018,1989,1220070,12,502,52,#,4.1,#,0.63
1220070019,1989,1220070,12,502,52,#,4.3,#,0.36
1220070020,1989,1220070,12,502,52,#,3.9,#,0.42
1220070021,1989,1220070,12,502,52,#,5.3,#,0.5
1220070022,1989,1220070,12,502,52,#,4.7,#,0.31
1220070023,1989,1220070,12,502,52,#,4.9,#,0.36
1220070024,1989,1220070,12,502,52,#,5.3,#,0.42
1220080001,1989,1220080,12,502,53,#,5.5,#,0.28
1220080002,1989,1220080,12,502,53,#,5,#,0.22
1220080003,1989,1220080,12,502,53,#,2.7,#,0.19
1220080004,1989,1220080,12,502,53,#,1.6,#,0.15
1220080005,1989,1220080,12,502,53,#,1.5,#,0.26
1220080006,1989,1220080,12,502,53,#,1.8,#,0.21
1220080007,1989,1220080,12,502,53,#,2,#,0.23
1220080008,1989,1220080,12,502,53,#,1.4,#,0.29
1220080009,1989,1220080,12,502,53,#,2.1,#,0.24
1220080010,1989,1220080,12,502,53,#,1.7,#,0.33
1220080011,1989,1220080,12,502,53,#,2.4,#,0.22
1220080012,1989,1220080,12,502,53,#,3.2,#,0.16
1220080013,1989,1220080,12,502,53,#,3.6,#,0.24
1220080014,1989,1220080,12,502,53,#,3.1,#,0.19
1220080015,1989,1220080,12,502,53,#,3.3,#,0.18
1220080016,1989,1220080,12,502,53,#,4.9,#,0.23
1220080017,1989,1220080,12,502,53,#,7.1,#,0.21
1220080018,1989,1220080,12,502,53,#,3.9,#,0.33
1220080019,1989,1220080,12,502,53,#,6.1,#,0.26
1220080020,1989,1220080,12,502,53,#,4.7,#,0.39
1220080021,1989,1220080,12,502,53,#,4.3,#,0.34
1220080022,1989,1220080,12,502,53,#,4.5,#,0.33
1220080023,1989,1220080,12,502,53,#,4.4,#,0.21
1220080024,1989,1220080,12,502,53,#,3.9,#,0.3
1230010001,1989,1230010,12,601,01,#,1.3,#,0.069
1230010002,1989,1230010,12,601,01,#,1.3,#,0.075
1230010004,1989,1230010,12,601,01,#,0.9,#,0.078
1230010005,1989,1230010,12,601,01,#,0.82,#,0.093
1230010007,1989,1230010,12,601,01,#,1.8,#,0.13
1230010008,1989,1230010,12,601,01,#,1.2,#,0.1
1230010010,1989,1230010,12,601,01,#,0.8,#,0.1
1230010011,1989,1230010,12,601,01,#,0.79,#,0.096
1230010013,1989,1230010,12,601,01,#,1.7,#,0.14
1230010014,1989,1230010,12,601,01,#,1.1,#,0.1
1230010016,1989,1230010,12,601,01,#,1.1,#,0.1
1230010017,1989,1230010,12,601,01,#,1,#,0.1
1230010019,1989,1230010,12,601,01,#,0.51,#,0.086
1230010020,1989,1230010,12,601,01,#,0.48,#,0.092
1230010022,1989,1230010,12,601,01,#,0.89,#,0.074
1230010023,1989,1230010,12,601,01,#,1,#,0.066
1230010025,1989,1230010,12,601,01,#,1.6,#,0.092
1230010026,1989,1230010,12,601,01,#,1.1,#,0.089
1230010028,1989,1230010,12,601,01,#,1.7,#,0.072
1230010029,1989,1230010,12,601,01,#,1.3,#,0.074
1230010031,1989,1230010,12,601,01,#,1.2,#,0.075
1230010032,1989,1230010,12,601,01,#,1.1,#,0.074
1230010034,1989,1230010,12,601,01,#,1.5,#,0.085
1230010035,1989,1230010,12,601,01,#,1.3,#,0.081
1230020001,1989,1230020,12,601,02,#,1,#,0.053
1230020002,1989,1230020,12,601,02,#,0.98,#,0.083
1230020004,1989,1230020,12,601,02,#,0.89,#,0.072
1230020005,1989,1230020,12,601,02,#,0.66,#,0.079
1230020007,1989,1230020,12,601,02,#,1.6,#,0.091
1230020008,1989,1230020,12,601,02,#,1.2,#,0.087
1230020010,1989,1230020,12,601,02,#,0.65,#,0.074
1230020011,1989,1230020,12,601,02,#,0.96,#,0.074
1230020013,1989,1230020,12,601,02,#,0.68,#,0.091
1230020014,1989,1230020,12,601,02,#,0.72,#,0.087
1230020016,1989,1230020,12,601,02,#,0.94,#,0.098
1230020017,1989,1230020,12,601,02,#,0.72,#,0.11
1230020019,1989,1230020,12,601,02,#,0.61,#,0.092
1230020020,1989,1230020,12,601,02,#,0.46,#,0.093
1230020022,1989,1230020,12,601,02,#,1,#,0.079
1230020023,1989,1230020,12,601,02,#,0.81,#,0.07
1230020025,1989,1230020,12,601,02,#,0.73,#,0.066
1230020026,1989,1230020,12,601,02,#,0.69,#,0.074
1230020028,1989,1230020,12,601,02,#,1.3,#,0.071
1230020029,1989,1230020,12,601,02,#,1.2,#,0.07
1230020031,1989,1230020,12,601,02,#,1.1,#,0.067
1230020032,1989,1230020,12,601,02,#,1.1,#,0.064
1230020034,1989,1230020,12,601,02,#,1.3,#,0.069
1230020035,1989,1230020,12,601,02,#,1.2,#,0.07
1230030001,1989,1230030,12,601,03,#,0.93,#,0.051
1230030002,1989,1230030,12,601,03,#,1,#,0.089
1230030004,1989,1230030,12,601,03,#,1,#,0.081
1230030005,1989,1230030,12,601,03,#,0.84,#,0.068
1230030007,1989,1230030,12,601,03,#,1,#,0.091
1230030008,1989,1230030,12,601,03,#,0.74,#,0.067
1230030010,1989,1230030,12,601,03,#,0.86,#,0.077
1230030011,1989,1230030,12,601,03,#,0.62,#,0.064
1230030013,1989,1230030,12,601,03,#,0.82,#,0.072
1230030014,1989,1230030,12,601,03,#,0.72,#,0.07
1230030016,1989,1230030,12,601,03,#,1.1,#,0.089
1230030017,1989,1230030,12,601,03,#,0.79,#,0.1
1230030019,1989,1230030,12,601,03,#,0.51,#,0.085
1230030020,1989,1230030,12,601,03,#,0.37,#,0.073
1230030022,1989,1230030,12,601,03,#,0.81,#,0.069
1230030023,1989,1230030,12,601,03,#,0.64,#,0.061
1230030025,1989,1230030,12,601,03,#,0.57,#,0.074
1230030026,1989,1230030,12,601,03,#,0.8,#,0.073
1230030028,1989,1230030,12,601,03,#,1,#,0.065
1230030029,1989,1230030,12,601,03,#,1.1,#,0.066
1230030031,1989,1230030,12,601,03,#,1.1,#,0.063
1230030032,1989,1230030,12,601,03,#,1,#,0.06
1230030034,1989,1230030,12,601,03,#,1.2,#,0.065
1230030035,1989,1230030,12,601,03,#,1,#,0.067
1230040004,1989,1230040,12,601,51,#,1.7,#,0.09
1230040006,1989,1230040,12,601,51,#,0.78,#,0.07
1230040010,1989,1230040,12,601,51,#,0.43,#,0.09
1230040011,1989,1230040,12,601,51,#,0.38,#,0.1
1230040016,1989,1230040,12,601,51,#,0.76,#,0.1
1230040017,1989,1230040,12,601,51,#,0.88,#,0.12
1230040022,1989,1230040,12,601,51,#,1,#,0.07
1230040023,1989,1230040,12,601,51,#,0.86,#,0.08
1230040028,1989,1230040,12,601,51,#,1.1,#,0.03
1230040029,1989,1230040,12,601,51,#,1.3,#,0.04
1230040034,1989,1230040,12,601,51,#,0.88,#,0.05
1230040035,1989,1230040,12,601,51,#,0.75,#,0.06
1230050004,1989,1230050,12,601,52,#,2.9,#,0.1
1230050006,1989,1230050,12,601,52,#,0.76,#,0.09
1230050010,1989,1230050,12,601,52,#,0.78,#,0.12
1230050011,1989,1230050,12,601,52,#,0.49,#,0.13
1230050016,1989,1230050,12,601,52,#,0.9,#,0.12
1230050017,1989,1230050,12,601,52,#,0.9,#,0.13
1230050022,1989,1230050,12,601,52,#,1.2,#,0.09
1230050023,1989,1230050,12,601,52,#,0.86,#,0.07
1230050028,1989,1230050,12,601,52,#,2.2,#,0.04
1230050029,1989,1230050,12,601,52,#,1.2,#,0.04
1230050034,1989,1230050,12,601,52,#,3,#,0.08
1230050035,1989,1230050,12,601,52,#,1.6,#,0.07
1230060004,1989,1230060,12,601,53,#,1.3,#,0.16
1230060006,1989,1230060,12,601,53,#,0.63,#,0.14
1230060010,1989,1230060,12,601,53,#,0.57,#,0.12
1230060011,1989,1230060,12,601,53,#,0.43,#,0.14
1230060016,1989,1230060,12,601,53,#,1.9,#,0.37
1230060017,1989,1230060,12,601,53,#,2,#,0.47
1230060022,1989,1230060,12,601,53,#,1.3,#,0.17
1230060023,1989,1230060,12,601,53,#,1.3,#,0.09
1230060028,1989,1230060,12,601,53,#,1.3,#,0.06
1230060029,1989,1230060,12,601,53,#,1.3,#,0.05
1230060034,1989,1230060,12,601,53,#,1,#,0.1
1230060035,1989,1230060,12,601,53,#,1.2,#,0.08
1230150001,1989,1230150,12,602,01,#,1.4,#,0.1
1230150002,1989,1230150,12,602,01,#,1,#,0.1
1230150004,1989,1230150,12,602,01,#,0.91,#,0.082
1230150005,1989,1230150,12,602,01,#,0.78,#,0.091
1230150007,1989,1230150,12,602,01,#,1.6,#,0.11
1230150008,1989,1230150,12,602,01,#,1,#,0.082
1230150010,1989,1230150,12,602,01,#,1,#,0.074
1230150011,1989,1230150,12,602,01,#,0.62,#,0.09
1230150013,1989,1230150,12,602,01,#,1.5,#,0.12
1230150014,1989,1230150,12,602,01,#,0.82,#,0.082
1230150016,1989,1230150,12,602,01,#,1,#,0.094
1230150017,1989,1230150,12,602,01,#,0.75,#,0.11
1230150019,1989,1230150,12,602,01,#,0.53,#,0.087
1230150020,1989,1230150,12,602,01,#,0.39,#,0.075
1230150022,1989,1230150,12,602,01,#,0.87,#,0.076
1230150023,1989,1230150,12,602,01,#,0.71,#,0.074
1230150025,1989,1230150,12,602,01,#,0.66,#,0.065
1230150026,1989,1230150,12,602,01,#,0.7,#,0.067
1230150028,1989,1230150,12,602,01,#,1.4,#,0.071
1230150029,1989,1230150,12,602,01,#,1.1,#,0.071
1230150031,1989,1230150,12,602,01,#,1.1,#,0.066
1230150032,1989,1230150,12,602,01,#,1.1,#,0.061
1230150034,1989,1230150,12,602,01,#,1.4,#,0.08
1230150035,1989,1230150,12,602,01,#,1.1,#,0.081
1230160001,1989,1230160,12,602,02,#,0.92,#,0.048
1230160002,1989,1230160,12,602,02,#,1,#,0.079
1230160004,1989,1230160,12,602,02,#,0.92,#,0.071
1230160005,1989,1230160,12,602,02,#,0.76,#,0.094
1230160007,1989,1230160,12,602,02,#,1.4,#,0.096
1230160008,1989,1230160,12,602,02,#,0.88,#,0.075
1230160010,1989,1230160,12,602,02,#,0.89,#,0.093
1230160011,1989,1230160,12,602,02,#,0.78,#,0.059
1230160013,1989,1230160,12,602,02,#,0.75,#,0.1
1230160014,1989,1230160,12,602,02,#,0.59,#,0.1
1230160016,1989,1230160,12,602,02,#,1.1,#,0.088
1230160017,1989,1230160,12,602,02,#,0.82,#,0.097
1230160019,1989,1230160,12,602,02,#,0.52,#,0.094
1230160020,1989,1230160,12,602,02,#,0.48,#,0.078
1230160022,1989,1230160,12,602,02,#,0.79,#,0.077
1230160023,1989,1230160,12,602,02,#,0.68,#,0.073
1230160025,1989,1230160,12,602,02,#,0.94,#,0.079
1230160026,1989,1230160,12,602,02,#,0.92,#,0.08
1230160028,1989,1230160,12,602,02,#,1.1,#,0.068
1230160029,1989,1230160,12,602,02,#,1,#,0.067
1230160031,1989,1230160,12,602,02,#,1.2,#,0.062
1230160032,1989,1230160,12,602,02,#,1.2,#,0.058
1230160034,1989,1230160,12,602,02,#,1.3,#,0.071
1230160035,1989,1230160,12,602,02,#,1,#,0.073
1230170001,1989,1230170,12,602,03,#,0.99,#,0.055
1230170002,1989,1230170,12,602,03,#,1,#,0.079
1230170004,1989,1230170,12,602,03,#,0.81,#,0.069
1230170005,1989,1230170,12,602,03,#,0.67,#,0.077
1230170007,1989,1230170,12,602,03,#,1.4,#,0.096
1230170008,1989,1230170,12,602,03,#,0.7,#,0.069
1230170010,1989,1230170,12,602,03,#,1,#,0.081
1230170011,1989,1230170,12,602,03,#,0.73,#,0.076
1230170013,1989,1230170,12,602,03,#,0.83,#,0.07
1230170014,1989,1230170,12,602,03,#,0.66,#,0.072
1230170016,1989,1230170,12,602,03,#,1.3,#,0.087
1230170017,1989,1230170,12,602,03,#,0.84,#,0.099
1230170019,1989,1230170,12,602,03,#,0.62,#,0.09
1230170020,1989,1230170,12,602,03,#,0.45,#,0.077
1230170022,1989,1230170,12,602,03,#,0.89,#,0.072
1230170023,1989,1230170,12,602,03,#,0.65,#,0.064
1230170025,1989,1230170,12,602,03,#,0.84,#,0.076
1230170026,1989,1230170,12,602,03,#,0.61,#,0.075
1230170028,1989,1230170,12,602,03,#,1,#,0.062
1230170029,1989,1230170,12,602,03,#,0.99,#,0.068
1230170031,1989,1230170,12,602,03,#,1.2,#,0.062
1230170032,1989,1230170,12,602,03,#,1.2,#,0.057
1230170034,1989,1230170,12,602,03,#,1.2,#,0.057
1230170035,1989,1230170,12,602,03,#,1,#,0.058
1230200001,1989,1230200,12,603,01,#,1,#,0.059
1230200002,1989,1230200,12,603,01,#,0.91,#,0.056
1230200004,1989,1230200,12,603,01,#,0.65,#,0.058
1230200005,1989,1230200,12,603,01,#,0.65,#,0.061
1230200007,1989,1230200,12,603,01,#,1.2,#,0.1
1230200008,1989,1230200,12,603,01,#,0.9,#,0.097
1230200010,1989,1230200,12,603,01,#,0.99,#,0.07
1230200011,1989,1230200,12,603,01,#,0.75,#,0.069
1230200013,1989,1230200,12,603,01,#,0.91,#,0.071
1230200014,1989,1230200,12,603,01,#,0.63,#,0.069
1230200016,1989,1230200,12,603,01,#,0.86,#,0.079
1230200017,1989,1230200,12,603,01,#,0.66,#,0.079
1230200019,1989,1230200,12,603,01,#,0.56,#,0.066
1230200020,1989,1230200,12,603,01,#,0.56,#,0.072
1230200022,1989,1230200,12,603,01,#,0.75,#,0.064
1230200023,1989,1230200,12,603,01,#,0.63,#,0.06
1230200025,1989,1230200,12,603,01,#,0.44,#,0.057
1230200026,1989,1230200,12,603,01,#,0.41,#,0.055
1230200028,1989,1230200,12,603,01,#,1.1,#,0.062
1230200029,1989,1230200,12,603,01,#,1.2,#,0.065
1230200031,1989,1230200,12,603,01,#,1,#,0.067
1230200032,1989,1230200,12,603,01,#,1,#,0.058
1230200034,1989,1230200,12,603,01,#,1.2,#,0.056
1230200035,1989,1230200,12,603,01,#,1,#,0.048
1230220001,1989,1230220,12,604,01,#,1.2,#,0.051
1230220002,1989,1230220,12,604,01,#,1,#,0.055
1230220004,1989,1230220,12,604,01,#,0.83,#,0.052
1230220005,1989,1230220,12,604,01,#,0.76,#,0.053
1230220007,1989,1230220,12,604,01,#,0.98,#,0.08
1230220008,1989,1230220,12,604,01,#,0.89,#,0.077
1230220010,1989,1230220,12,604,01,#,0.97,#,0.062
1230220011,1989,1230220,12,604,01,#,0.69,#,0.066
1230220013,1989,1230220,12,604,01,#,0.92,#,0.064
1230220014,1989,1230220,12,604,01,#,0.81,#,0.069
1230220016,1989,1230220,12,604,01,#,1.4,#,0.08
1230220017,1989,1230220,12,604,01,#,0.71,#,0.085
1230220019,1989,1230220,12,604,01,#,0.67,#,0.069
1230220020,1989,1230220,12,604,01,#,0.53,#,0.082
1230220022,1989,1230220,12,604,01,#,1.3,#,0.067
1230220023,1989,1230220,12,604,01,#,1,#,0.065
1230220025,1989,1230220,12,604,01,#,0.79,#,0.059
1230220026,1989,1230220,12,604,01,#,0.79,#,0.06
1230220028,1989,1230220,12,604,01,#,1.2,#,0.062
1230220029,1989,1230220,12,604,01,#,1.3,#,0.061
1230220031,1989,1230220,12,604,01,#,0.96,#,0.052
1230220032,1989,1230220,12,604,01,#,0.96,#,0.051
1230220034,1989,1230220,12,604,01,#,1.2,#,0.049
1230220035,1989,1230220,12,604,01,#,1.2,#,0.049
1230240001,1989,1230240,12,605,01,#,1.8,#,0.11
1230240002,1989,1230240,12,605,01,#,1.3,#,0.059
1230240004,1989,1230240,12,605,01,#,1.8,#,0.13
1230240005,1989,1230240,12,605,01,#,1.4,#,0.2
1230240007,1989,1230240,12,605,01,#,1.6,#,0.18
1230240008,1989,1230240,12,605,01,#,0.92,#,0.1
1230240010,1989,1230240,12,605,01,#,2.6,#,0.28
1230240011,1989,1230240,12,605,01,#,1,#,0.16
1230240013,1989,1230240,12,605,01,#,2.1,#,0.17
1230240014,1989,1230240,12,605,01,#,1,#,0.11
1230240016,1989,1230240,12,605,01,#,3.1,#,0.21
1230240017,1989,1230240,12,605,01,#,1.3,#,0.14
1230240019,1989,1230240,12,605,01,#,1.7,#,0.12
1230240020,1989,1230240,12,605,01,#,1.3,#,0.089
1230240022,1989,1230240,12,605,01,#,1.1,#,0.1
1230240023,1989,1230240,12,605,01,#,0.7,#,0.1
1230240025,1989,1230240,12,605,01,#,1.9,#,0.11
1230240026,1989,1230240,12,605,01,#,1.6,#,0.077
1230240028,1989,1230240,12,605,01,#,1.4,#,0.097
1230240029,1989,1230240,12,605,01,#,1.2,#,0.079
1230240031,1989,1230240,12,605,01,#,1.6,#,0.1
1230240032,1989,1230240,12,605,01,#,1.4,#,0.1
1230240034,1989,1230240,12,605,01,#,1.3,#,0.11
1230240035,1989,1230240,12,605,01,#,0.86,#,0.091
1230260001,1989,1230260,12,606,01,#,1.3,#,0.11
1230260002,1989,1230260,12,606,01,#,1.5,#,0.13
1230260004,1989,1230260,12,606,01,#,0.91,#,0.1
1230260005,1989,1230260,12,606,01,#,1,#,0.11
1230260007,1989,1230260,12,606,01,#,1.6,#,0.19
1230260008,1989,1230260,12,606,01,#,1.5,#,0.18
1230260010,1989,1230260,12,606,01,#,0.98,#,0.14
1230260011,1989,1230260,12,606,01,#,0.93,#,0.15
1230260013,1989,1230260,12,606,01,#,2,#,0.13
1230260014,1989,1230260,12,606,01,#,1.8,#,0.14
1230260016,1989,1230260,12,606,01,#,1.5,#,0.15
1230260017,1989,1230260,12,606,01,#,1.3,#,0.15
1230260019,1989,1230260,12,606,01,#,0.9,#,0.17
1230260020,1989,1230260,12,606,01,#,0.75,#,0.17
1230260022,1989,1230260,12,606,01,#,1,#,0.1
1230260023,1989,1230260,12,606,01,#,1.2,#,0.11
1230260025,1989,1230260,12,606,01,#,1.2,#,0.1
1230260026,1989,1230260,12,606,01,#,1.1,#,0.1
1230260028,1989,1230260,12,606,01,#,1.6,#,0.1
1230260029,1989,1230260,12,606,01,#,1.4,#,0.097
1230260031,1989,1230260,12,606,01,#,1.5,#,0.088
1230260032,1989,1230260,12,606,01,#,1.3,#,0.087
1230260034,1989,1230260,12,606,01,#,1.4,#,0.1
1230260035,1989,1230260,12,606,01,#,1.3,#,0.1
1230290001,1989,1230290,12,607,01,#,1.4,#,0.13
1230290002,1989,1230290,12,607,01,#,1.3,#,0.1
1230290004,1989,1230290,12,607,01,#,1.6,#,0.11
1230290005,1989,1230290,12,607,01,#,1.3,#,0.1
1230290007,1989,1230290,12,607,01,#,2.8,#,0.13
1230290008,1989,1230290,12,607,01,#,1.8,#,0.13
1230290010,1989,1230290,12,607,01,#,1.2,#,0.11
1230290011,1989,1230290,12,607,01,#,1,#,0.11
1230290013,1989,1230290,12,607,01,#,2,#,0.12
1230290014,1989,1230290,12,607,01,#,1.4,#,0.11
1230290016,1989,1230290,12,607,01,#,1.7,#,0.12
1230290017,1989,1230290,12,607,01,#,1.5,#,0.12
1230290019,1989,1230290,12,607,01,#,1.2,#,0.11
1230290020,1989,1230290,12,607,01,#,1,#,0.12
1230290022,1989,1230290,12,607,01,#,0.88,#,0.064
1230290023,1989,1230290,12,607,01,#,0.94,#,0.063
1230290025,1989,1230290,12,607,01,#,1.3,#,0.089
1230290026,1989,1230290,12,607,01,#,1.1,#,0.089
1230290028,1989,1230290,12,607,01,#,1.3,#,0.089
1230290029,1989,1230290,12,607,01,#,1.2,#,0.075
1230290031,1989,1230290,12,607,01,#,1.3,#,0.073
1230290032,1989,1230290,12,607,01,#,1.3,#,0.071
1230290034,1989,1230290,12,607,01,#,1.3,#,0.05
1230290035,1989,1230290,12,607,01,#,1.2,#,0.045
1230300001,1989,1230300,12,607,02,#,1.9,#,0.2
1230300002,1989,1230300,12,607,02,#,1.8,#,0.17
1230300004,1989,1230300,12,607,02,#,1,#,0.094
1230300005,1989,1230300,12,607,02,#,1,#,0.11
1230300007,1989,1230300,12,607,02,#,1.9,#,0.14
1230300008,1989,1230300,12,607,02,#,1.6,#,0.13
1230300010,1989,1230300,12,607,02,#,0.8,#,0.12
1230300011,1989,1230300,12,607,02,#,0.99,#,0.12
1230300013,1989,1230300,12,607,02,#,1.8,#,0.11
1230300014,1989,1230300,12,607,02,#,1.3,#,0.11
1230300016,1989,1230300,12,607,02,#,1.4,#,0.11
1230300017,1989,1230300,12,607,02,#,1.2,#,0.12
1230300019,1989,1230300,12,607,02,#,0.71,#,0.18
1230300020,1989,1230300,12,607,02,#,0.73,#,0.18
1230300022,1989,1230300,12,607,02,#,1.1,#,0.085
1230300023,1989,1230300,12,607,02,#,1,#,0.089
1230300025,1989,1230300,12,607,02,#,1.5,#,0.1
1230300026,1989,1230300,12,607,02,#,1.2,#,0.089
1230300028,1989,1230300,12,607,02,#,1.4,#,0.098
1230300029,1989,1230300,12,607,02,#,1.4,#,0.095
1230300031,1989,1230300,12,607,02,#,1.2,#,0.075
1230300032,1989,1230300,12,607,02,#,1.2,#,0.082
1230300034,1989,1230300,12,607,02,#,1.3,#,0.087
1230300035,1989,1230300,12,607,02,#,1.3,#,0.082
1230310001,1989,1230310,12,607,51,#,1.7,#,0.17
1230310002,1989,1230310,12,607,51,#,1.1,#,0.052
1230310004,1989,1230310,12,607,51,#,1.7,#,0.099
1230310005,1989,1230310,12,607,51,#,1.5,#,0.087
1230310007,1989,1230310,12,607,51,#,0.97,#,0.094
1230310008,1989,1230310,12,607,51,#,0.99,#,0.091
1230310010,1989,1230310,12,607,51,#,1.3,#,0.11
1230310011,1989,1230310,12,607,51,#,0.74,#,0.068
1230310013,1989,1230310,12,607,51,#,2,#,0.11
1230310014,1989,1230310,12,607,51,#,0.76,#,0.063
1230310016,1989,1230310,12,607,51,#,2.1,#,0.11
1230310017,1989,1230310,12,607,51,#,1.4,#,0.1
1230310019,1989,1230310,12,607,51,#,1.4,#,0.11
1230310020,1989,1230310,12,607,51,#,1.4,#,0.082
1230310022,1989,1230310,12,607,51,#,0.99,#,0.1
1230310023,1989,1230310,12,607,51,#,0.65,#,0.091
1230310025,1989,1230310,12,607,51,#,1.5,#,0.054
1230310026,1989,1230310,12,607,51,#,1.3,#,0.048
1230310028,1989,1230310,12,607,51,#,1.5,#,0.08
1230310029,1989,1230310,12,607,51,#,1.3,#,0.072
1230310031,1989,1230310,12,607,51,#,1.3,#,0.077
1230310032,1989,1230310,12,607,51,#,1.2,#,0.079
1230310034,1989,1230310,12,607,51,#,1,#,0.066
1230310035,1989,1230310,12,607,51,#,0.91,#,0.08
1230360001,1989,1230360,12,608,01,#,1.5,#,0.11
1230360002,1989,1230360,12,608,01,#,1.3,#,0.12
1230360004,1989,1230360,12,608,01,#,1.2,#,0.08
1230360005,1989,1230360,12,608,01,#,1,#,0.1
1230360007,1989,1230360,12,608,01,#,1.7,#,0.14
1230360008,1989,1230360,12,608,01,#,1.2,#,0.1
1230360010,1989,1230360,12,608,01,#,0.86,#,0.13
1230360011,1989,1230360,12,608,01,#,0.79,#,0.14
1230360013,1989,1230360,12,608,01,#,2,#,0.13
1230360014,1989,1230360,12,608,01,#,1,#,0.094
1230360016,1989,1230360,12,608,01,#,1.1,#,0.088
1230360017,1989,1230360,12,608,01,#,0.93,#,0.1
1230360019,1989,1230360,12,608,01,#,0.74,#,0.13
1230360020,1989,1230360,12,608,01,#,0.66,#,0.13
1230360022,1989,1230360,12,608,01,#,0.98,#,0.068
1230360023,1989,1230360,12,608,01,#,0.9,#,0.065
1230360025,1989,1230360,12,608,01,#,1,#,0.087
1230360026,1989,1230360,12,608,01,#,0.83,#,0.079
1230360028,1989,1230360,12,608,01,#,1.1,#,0.081
1230360029,1989,1230360,12,608,01,#,1,#,0.08
1230360031,1989,1230360,12,608,01,#,1.3,#,0.079
1230360032,1989,1230360,12,608,01,#,1.4,#,0.077
1230360034,1989,1230360,12,608,01,#,1.1,#,0.067
1230360035,1989,1230360,12,608,01,#,1.2,#,0.065
1230370001,1989,1230370,12,608,02,#,1.1,#,0.066
1230370002,1989,1230370,12,608,02,#,1,#,0.091
1230370004,1989,1230370,12,608,02,#,0.98,#,0.071
1230370005,1989,1230370,12,608,02,#,0.75,#,0.075
1230370007,1989,1230370,12,608,02,#,1.9,#,0.16
1230370008,1989,1230370,12,608,02,#,0.83,#,0.066
1230370010,1989,1230370,12,608,02,#,1.6,#,0.1
1230370011,1989,1230370,12,608,02,#,0.88,#,0.077
1230370013,1989,1230370,12,608,02,#,0.69,#,0.077
1230370014,1989,1230370,12,608,02,#,0.6,#,0.086
1230370016,1989,1230370,12,608,02,#,0.91,#,0.092
1230370017,1989,1230370,12,608,02,#,0.63,#,0.093
1230370019,1989,1230370,12,608,02,#,1,#,0.098
1230370020,1989,1230370,12,608,02,#,0.42,#,0.082
1230370022,1989,1230370,12,608,02,#,1,#,0.099
1230370023,1989,1230370,12,608,02,#,0.65,#,0.071
1230370025,1989,1230370,12,608,02,#,0.72,#,0.083
1230370026,1989,1230370,12,608,02,#,0.62,#,0.073
1230370028,1989,1230370,12,608,02,#,1.1,#,0.077
1230370029,1989,1230370,12,608,02,#,1.1,#,0.069
1230370031,1989,1230370,12,608,02,#,1.4,#,0.08
1230370032,1989,1230370,12,608,02,#,1.1,#,0.064
1230370034,1989,1230370,12,608,02,#,1.6,#,0.072
1230370035,1989,1230370,12,608,02,#,1.2,#,0.068
1230400001,1989,1230400,12,609,01,#,1,#,0.064
1230400002,1989,1230400,12,609,01,#,0.99,#,0.071
1230400004,1989,1230400,12,609,01,#,1,#,0.07
1230400005,1989,1230400,12,609,01,#,0.58,#,0.076
1230400007,1989,1230400,12,609,01,#,1.8,#,0.15
1230400008,1989,1230400,12,609,01,#,0.78,#,0.064
1230400010,1989,1230400,12,609,01,#,0.66,#,0.094
1230400011,1989,1230400,12,609,01,#,0.67,#,0.067
1230400013,1989,1230400,12,609,01,#,0.67,#,0.078
1230400014,1989,1230400,12,609,01,#,0.6,#,0.082
1230400016,1989,1230400,12,609,01,#,1.1,#,0.078
1230400017,1989,1230400,12,609,01,#,0.85,#,0.11
1230400019,1989,1230400,12,609,01,#,0.8,#,0.1
1230400020,1989,1230400,12,609,01,#,0.4,#,0.068
1230400022,1989,1230400,12,609,01,#,1,#,0.085
1230400023,1989,1230400,12,609,01,#,0.67,#,0.067
1230400025,1989,1230400,12,609,01,#,0.76,#,0.081
1230400027,1989,1230400,12,609,01,#,0.77,#,0.079
1230400028,1989,1230400,12,609,01,#,1.2,#,0.068
1230400029,1989,1230400,12,609,01,#,1.1,#,0.069
1230400031,1989,1230400,12,609,01,#,1.3,#,0.066
1230400032,1989,1230400,12,609,01,#,1,#,0.059
1230400034,1989,1230400,12,609,01,#,1.7,#,0.072
1230400035,1989,1230400,12,609,01,#,1.2,#,0.073
1230410001,1989,1230410,12,609,02,#,0.95,#,0.045
1230410002,1989,1230410,12,609,02,#,0.83,#,0.054
1230410004,1989,1230410,12,609,02,#,0.72,#,0.053
1230410005,1989,1230410,12,609,02,#,0.5,#,0.055
1230410007,1989,1230410,12,609,02,#,0.87,#,0.076
1230410008,1989,1230410,12,609,02,#,0.65,#,0.065
1230410010,1989,1230410,12,609,02,#,0.74,#,0.057
1230410011,1989,1230410,12,609,02,#,0.66,#,0.061
1230410013,1989,1230410,12,609,02,#,0.95,#,0.068
1230410014,1989,1230410,12,609,02,#,0.67,#,0.065
1230410016,1989,1230410,12,609,02,#,0.94,#,0.073
1230410017,1989,1230410,12,609,02,#,0.64,#,0.071
1230410019,1989,1230410,12,609,02,#,0.62,#,0.078
1230410020,1989,1230410,12,609,02,#,0.56,#,0.077
1230410022,1989,1230410,12,609,02,#,0.89,#,0.074
1230410023,1989,1230410,12,609,02,#,0.74,#,0.065
1230410025,1989,1230410,12,609,02,#,0.58,#,0.057
1230410026,1989,1230410,12,609,02,#,0.56,#,0.057
1230410028,1989,1230410,12,609,02,#,1.1,#,0.066
1230410029,1989,1230410,12,609,02,#,1.2,#,0.064
1230410031,1989,1230410,12,609,02,#,0.89,#,0.052
1230410032,1989,1230410,12,609,02,#,0.84,#,0.05
1230410034,1989,1230410,12,609,02,#,1,#,0.041
1230410035,1989,1230410,12,609,02,#,0.89,#,0.041
1230420001,1989,1230420,12,609,03,#,0.89,#,0.043
1230420002,1989,1230420,12,609,03,#,0.74,#,0.052
1230420004,1989,1230420,12,609,03,#,0.58,#,0.05
1230420005,1989,1230420,12,609,03,#,0.6,#,0.056
1230420007,1989,1230420,12,609,03,#,1.1,#,0.095
1230420008,1989,1230420,12,609,03,#,0.77,#,0.069
1230420010,1989,1230420,12,609,03,#,0.81,#,0.065
1230420011,1989,1230420,12,609,03,#,0.79,#,0.06
1230420013,1989,1230420,12,609,03,#,0.82,#,0.063
1230420014,1989,1230420,12,609,03,#,0.78,#,0.062
1230420016,1989,1230420,12,609,03,#,0.93,#,0.073
1230420017,1989,1230420,12,609,03,#,0.77,#,0.072
1230420019,1989,1230420,12,609,03,#,0.49,#,0.064
1230420020,1989,1230420,12,609,03,#,0.43,#,0.067
1230420022,1989,1230420,12,609,03,#,1,#,0.078
1230420023,1989,1230420,12,609,03,#,0.86,#,0.065
1230420025,1989,1230420,12,609,03,#,0.39,#,0.054
1230420026,1989,1230420,12,609,03,#,0.45,#,0.054
1230420028,1989,1230420,12,609,03,#,1.2,#,0.064
1230420029,1989,1230420,12,609,03,#,1.2,#,0.062
1230420031,1989,1230420,12,609,03,#,1,#,0.05
1230420032,1989,1230420,12,609,03,#,0.92,#,0.054
1230420034,1989,1230420,12,609,03,#,1.3,#,0.049
1230420035,1989,1230420,12,609,03,#,1,#,0.048
1230460001,1989,1230460,12,610,01,#,1,#,0.048
1230460002,1989,1230460,12,610,01,#,0.79,#,0.068
1230460004,1989,1230460,12,610,01,#,0.89,#,0.068
1230460005,1989,1230460,12,610,01,#,0.49,#,0.059
1230460007,1989,1230460,12,610,01,#,1,#,0.093
1230460008,1989,1230460,12,610,01,#,0.78,#,0.072
1230460010,1989,1230460,12,610,01,#,1,#,0.077
1230460011,1989,1230460,12,610,01,#,1,#,0.068
1230460013,1989,1230460,12,610,01,#,0.76,#,0.064
1230460014,1989,1230460,12,610,01,#,0.58,#,0.065
1230460016,1989,1230460,12,610,01,#,1.2,#,0.084
1230460017,1989,1230460,12,610,01,#,0.71,#,0.082
1230460019,1989,1230460,12,610,01,#,0.8,#,0.095
1230460020,1989,1230460,12,610,01,#,0.39,#,0.078
1230460022,1989,1230460,12,610,01,#,1.3,#,0.1
1230460023,1989,1230460,12,610,01,#,0.69,#,0.064
1230460025,1989,1230460,12,610,01,#,0.84,#,0.076
1230460026,1989,1230460,12,610,01,#,0.45,#,0.061
1230460028,1989,1230460,12,610,01,#,1.2,#,0.07
1230460029,1989,1230460,12,610,01,#,1.1,#,0.065
1230460031,1989,1230460,12,610,01,#,1.2,#,0.06
1230460032,1989,1230460,12,610,01,#,1,#,0.053
1230460034,1989,1230460,12,610,01,#,1.1,#,0.059
1230460035,1989,1230460,12,610,01,#,1,#,0.05
1230470001,1989,1230470,12,610,02,#,0.83,#,0.046
1230470002,1989,1230470,12,610,02,#,0.85,#,0.052
1230470004,1989,1230470,12,610,02,#,0.79,#,0.049
1230470005,1989,1230470,12,610,02,#,0.49,#,0.05
1230470007,1989,1230470,12,610,02,#,0.83,#,0.066
1230470008,1989,1230470,12,610,02,#,0.79,#,0.068
1230470010,1989,1230470,12,610,02,#,0.99,#,0.061
1230470011,1989,1230470,12,610,02,#,0.59,#,0.074
1230470013,1989,1230470,12,610,02,#,0.66,#,0.064
1230470014,1989,1230470,12,610,02,#,0.6,#,0.059
1230470016,1989,1230470,12,610,02,#,0.91,#,0.061
1230470017,1989,1230470,12,610,02,#,0.59,#,0.044
1230470019,1989,1230470,12,610,02,#,0.66,#,0.085
1230470020,1989,1230470,12,610,02,#,0.37,#,0.057
1230470022,1989,1230470,12,610,02,#,1.1,#,0.079
1230470023,1989,1230470,12,610,02,#,0.59,#,0.052
1230470025,1989,1230470,12,610,02,#,0.61,#,0.058
1230470026,1989,1230470,12,610,02,#,0.49,#,0.053
1230470028,1989,1230470,12,610,02,#,1.1,#,0.063
1230470029,1989,1230470,12,610,02,#,1,#,0.058
1230470031,1989,1230470,12,610,02,#,0.99,#,0.056
1230470032,1989,1230470,12,610,02,#,0.8,#,0.048
1230470034,1989,1230470,12,610,02,#,1.2,#,0.056
1230470035,1989,1230470,12,610,02,#,0.9,#,0.043
1230500001,1989,1230500,12,611,01,#,0.78,#,0.039
1230500002,1989,1230500,12,611,01,#,0.66,#,0.045
1230500004,1989,1230500,12,611,01,#,0.68,#,0.049
1230500005,1989,1230500,12,611,01,#,0.41,#,0.052
1230500007,1989,1230500,12,611,01,#,0.86,#,0.072
1230500008,1989,1230500,12,611,01,#,0.67,#,0.062
1230500010,1989,1230500,12,611,01,#,0.89,#,0.059
1230500011,1989,1230500,12,611,01,#,0.7,#,0.053
1230500013,1989,1230500,12,611,01,#,0.67,#,0.049
1230500014,1989,1230500,12,611,01,#,0.43,#,0.041
1230500016,1989,1230500,12,611,01,#,0.79,#,0.059
1230500017,1989,1230500,12,611,01,#,0.57,#,0.048
1230500019,1989,1230500,12,611,01,#,0.44,#,0.056
1230500020,1989,1230500,12,611,01,#,0.42,#,0.051
1230500022,1989,1230500,12,611,01,#,0.73,#,0.06
1230500023,1989,1230500,12,611,01,#,0.57,#,0.048
1230500025,1989,1230500,12,611,01,#,0.5,#,0.044
1230500026,1989,1230500,12,611,01,#,0.22,#,0.035
1230500028,1989,1230500,12,611,01,#,0.59,#,0.036
1230500029,1989,1230500,12,611,01,#,0.61,#,0.035
1230500031,1989,1230500,12,611,01,#,0.97,#,0.039
1230500032,1989,1230500,12,611,01,#,0.63,#,0.039
1230500034,1989,1230500,12,611,01,#,1,#,0.039
1230500035,1989,1230500,12,611,01,#,0.67,#,0.036
1230510001,1989,1230510,12,611,02,#,0.84,#,0.042
1230510002,1989,1230510,12,611,02,#,0.57,#,0.041
1230510004,1989,1230510,12,611,02,#,0.49,#,0.046
1230510005,1989,1230510,12,611,02,#,0.5,#,0.044
1230510007,1989,1230510,12,611,02,#,0.82,#,0.082
1230510008,1989,1230510,12,611,02,#,0.37,#,0.032
1230510010,1989,1230510,12,611,02,#,0.8,#,0.053
1230510011,1989,1230510,12,611,02,#,0.7,#,0.05
1230510013,1989,1230510,12,611,02,#,0.6,#,0.045
1230510014,1989,1230510,12,611,02,#,0.51,#,0.044
1230510016,1989,1230510,12,611,02,#,0.84,#,0.06
1230510017,1989,1230510,12,611,02,#,0.54,#,0.043
1230510019,1989,1230510,12,611,02,#,0.37,#,0.043
1230510020,1989,1230510,12,611,02,#,0.24,#,0.038
1230510022,1989,1230510,12,611,02,#,0.58,#,0.054
1230510023,1989,1230510,12,611,02,#,0.57,#,0.045
1230510025,1989,1230510,12,611,02,#,0.21,#,0.036
1230510026,1989,1230510,12,611,02,#,0.21,#,0.037
1230510028,1989,1230510,12,611,02,#,0.5,#,0.038
1230510029,1989,1230510,12,611,02,#,0.65,#,0.031
1230510031,1989,1230510,12,611,02,#,0.68,#,0.034
1230510032,1989,1230510,12,611,02,#,0.61,#,0.037
1230510034,1989,1230510,12,611,02,#,0.59,#,0.027
1230510035,1989,1230510,12,611,02,#,0.62,#,0.026
1230520001,1989,1230520,12,611,51,#,0.27,#,0.024
1230520002,1989,1230520,12,611,51,#,0.31,#,0.022
1230520003,1989,1230520,12,611,51,#,0.57,#,0.032
1230520004,1989,1230520,12,611,51,#,0.51,#,0.023
1230520005,1989,1230520,12,611,51,#,0.24,#,0.019
1230520006,1989,1230520,12,611,51,#,0.25,#,0.026
1230520007,1989,1230520,12,611,51,#,0.36,#,0.018
1230520008,1989,1230520,12,611,51,#,0.24,#,0.019
1230520010,1989,1230520,12,611,51,#,0.33,#,0.023
1230520011,1989,1230520,12,611,51,#,0.36,#,0.022
1230520012,1989,1230520,12,611,51,#,0.27,#,0.016
1230520013,1989,1230520,12,611,51,#,0.27,#,0.057
1230520014,1989,1230520,12,611,51,#,0.14,#,0.051
1230520015,1989,1230520,12,611,51,#,0.17,#,0.022
1230520016,1989,1230520,12,611,51,#,0.15,#,0.03
1230520017,1989,1230520,12,611,51,#,0.29,#,0.035
1230520019,1989,1230520,12,611,51,#,0.3,#,0.02
1230520020,1989,1230520,12,611,51,#,0.24,#,0.019
1230520021,1989,1230520,12,611,51,#,0.2,#,0.021
1230520022,1989,1230520,12,611,51,#,0.18,#,0.021
1230520024,1989,1230520,12,611,51,#,0.22,#,0.026
1230520025,1989,1230520,12,611,51,#,0.2,#,0.026
1230520026,1989,1230520,12,611,51,#,0.26,#,0.019
1230520027,1989,1230520,12,611,51,#,0.25,#,0.018
1230530001,1989,1230530,12,611,52,#,0.34,#,0.021
1230530002,1989,1230530,12,611,52,#,0.23,#,0.024
1230530003,1989,1230530,12,611,52,#,0.41,#,0.018
1230530004,1989,1230530,12,611,52,#,0.46,#,0.024
1230530005,1989,1230530,12,611,52,#,0.34,#,0.012
1230530006,1989,1230530,12,611,52,#,0.3,#,0.022
1230530007,1989,1230530,12,611,52,#,0.25,#,0.019
1230530008,1989,1230530,12,611,52,#,0.34,#,0.013
1230530010,1989,1230530,12,611,52,#,0.23,#,0.016
1230530011,1989,1230530,12,611,52,#,0.23,#,0.02
1230530012,1989,1230530,12,611,52,#,0.18,#,0.014
1230530013,1989,1230530,12,611,52,#,0.29,#,0.022
1230530014,1989,1230530,12,611,52,#,0.1,#,0.019
1230530015,1989,1230530,12,611,52,#,0.11,#,0.028
1230530016,1989,1230530,12,611,52,#,0.12,#,0.087
1230530017,1989,1230530,12,611,52,#,0.15,#,0.094
1230530019,1989,1230530,12,611,52,#,0.18,#,0.018
1230530020,1989,1230530,12,611,52,#,0.24,#,0.016
1230530021,1989,1230530,12,611,52,#,0.23,#,0.019
1230530022,1989,1230530,12,611,52,#,0.16,#,0.019
1230530024,1989,1230530,12,611,52,#,0.31,#,0.025
1230530025,1989,1230530,12,611,52,#,0.23,#,0.024
1230530026,1989,1230530,12,611,52,#,0.26,#,0.023
1230530027,1989,1230530,12,611,52,#,0.22,#,0.017
1230540001,1989,1230540,12,611,53,#,0.29,#,0.027
1230540002,1989,1230540,12,611,53,#,0.31,#,0.021
1230540003,1989,1230540,12,611,53,#,0.42,#,0.018
1230540004,1989,1230540,12,611,53,#,0.29,#,0.015
1230540005,1989,1230540,12,611,53,#,0.21,#,0.011
1230540006,1989,1230540,12,611,53,#,0.22,#,0.015
1230540007,1989,1230540,12,611,53,#,0.28,#,0.039
1230540008,1989,1230540,12,611,53,#,0.33,#,0.022
1230540010,1989,1230540,12,611,53,#,0.21,#,0.019
1230540011,1989,1230540,12,611,53,#,0.25,#,0.02
1230540012,1989,1230540,12,611,53,#,0.2,#,0.013
1230540013,1989,1230540,12,611,53,#,0.2,#,0.021
1230540014,1989,1230540,12,611,53,#,0.11,#,0.032
1230540015,1989,1230540,12,611,53,#,0.11,#,0.053
1230540016,1989,1230540,12,611,53,#,0.17,#,0.095
1230540017,1989,1230540,12,611,53,#,0.14,#,0.098
1230540019,1989,1230540,12,611,53,#,0.2,#,0.017
1230540020,1989,1230540,12,611,53,#,0.31,#,0.017
1230540021,1989,1230540,12,611,53,#,0.23,#,0.018
1230540022,1989,1230540,12,611,53,#,0.15,#,0.018
1230540024,1989,1230540,12,611,53,#,0.27,#,0.024
1230540025,1989,1230540,12,611,53,#,0.19,#,0.023
1230540026,1989,1230540,12,611,53,#,0.21,#,0.015
1230540027,1989,1230540,12,611,53,#,0.17,#,0.024
1230550001,1989,1230550,12,611,54,#,0.23,#,0.025
1230550002,1989,1230550,12,611,54,#,0.26,#,0.025
1230550003,1989,1230550,12,611,54,#,0.24,#,0.014
1230550004,1989,1230550,12,611,54,#,0.23,#,0.01
1230550005,1989,1230550,12,611,54,#,0.27,#,0.01
1230550006,1989,1230550,12,611,54,#,0.23,#,0.01
1230550007,1989,1230550,12,611,54,#,0.22,#,0.011
1230550008,1989,1230550,12,611,54,#,0.23,#,0.01
1230550010,1989,1230550,12,611,54,#,0.16,#,0.016
1230550011,1989,1230550,12,611,54,#,0.22,#,0.015
1230550012,1989,1230550,12,611,54,#,0.18,#,0.035
1230550013,1989,1230550,12,611,54,#,0.22,#,0.025
1230550014,1989,1230550,12,611,54,#,0.12,#,0.046
1230550015,1989,1230550,12,611,54,#,0.13,#,0.072
1230550016,1989,1230550,12,611,54,#,0.12,#,0.053
1230550017,1989,1230550,12,611,54,#,0.17,#,0.075
1230550019,1989,1230550,12,611,54,#,0.19,#,0.016
1230550020,1989,1230550,12,611,54,#,0.2,#,0.015
1230550021,1989,1230550,12,611,54,#,0.15,#,0.015
1230550022,1989,1230550,12,611,54,#,0.23,#,0.016
1230550024,1989,1230550,12,611,54,#,0.21,#,0.028
1230550025,1989,1230550,12,611,54,#,0.2,#,0.021
1230550026,1989,1230550,12,611,54,#,0.2,#,0.018
1230550027,1989,1230550,12,611,54,#,0.19,#,0.017
1230560001,1989,1230560,12,611,55,#,0.24,#,0.025
1230560002,1989,1230560,12,611,55,#,0.34,#,0.022
1230560003,1989,1230560,12,611,55,#,0.28,#,0.025
1230560004,1989,1230560,12,611,55,#,0.34,#,0.028
1230560005,1989,1230560,12,611,55,#,0.38,#,0.007
1230560006,1989,1230560,12,611,55,#,0.26,#,0.018
1230560007,1989,1230560,12,611,55,#,0.19,#,0.018
1230560008,1989,1230560,12,611,55,#,0.2,#,0.01
1230560010,1989,1230560,12,611,55,#,0.21,#,0.02
1230560011,1989,1230560,12,611,55,#,0.39,#,0.023
1230560012,1989,1230560,12,611,55,#,0.15,#,0.018
1230560013,1989,1230560,12,611,55,#,0.18,#,0.02
1230560014,1989,1230560,12,611,55,#,0.3,#,0.1
1230560015,1989,1230560,12,611,55,#,0.16,#,0.057
1230560016,1989,1230560,12,611,55,#,0.15,#,0.074
1230560017,1989,1230560,12,611,55,#,0.14,#,0.037
1230560019,1989,1230560,12,611,55,#,0.26,#,0.016
1230560020,1989,1230560,12,611,55,#,0.19,#,0.015
1230560021,1989,1230560,12,611,55,#,0.16,#,0.017
1230560022,1989,1230560,12,611,55,#,0.11,#,0.018
1230560024,1989,1230560,12,611,55,#,0.29,#,0.029
1230560025,1989,1230560,12,611,55,#,0.24,#,0.03
1230560026,1989,1230560,12,611,55,#,0.14,#,0.044
1230560027,1989,1230560,12,611,55,#,0.22,#,0.024
1230580001,1989,1230580,12,611,57,#,0.16,#,0.018
1230580002,1989,1230580,12,611,57,#,0.23,#,0.019
1230580003,1989,1230580,12,611,57,#,0.16,#,0.01
1230580004,1989,1230580,12,611,57,#,0.24,#,0.011
1230580005,1989,1230580,12,611,57,#,0.17,#,0.008
1230580006,1989,1230580,12,611,57,#,0.18,#,0.012
1230580007,1989,1230580,12,611,57,#,0.18,#,0.019
1230580008,1989,1230580,12,611,57,#,0.17,#,0.01
1230580010,1989,1230580,12,611,57,#,0.21,#,0.022
1230580011,1989,1230580,12,611,57,#,0.2,#,0.022
1230580012,1989,1230580,12,611,57,#,0.18,#,0.032
1230580013,1989,1230580,12,611,57,#,0.25,#,0.024
1230580014,1989,1230580,12,611,57,#,0.12,#,0.063
1230580015,1989,1230580,12,611,57,#,0.12,#,0.023
1230580016,1989,1230580,12,611,57,#,0.16,#,0.043
1230580017,1989,1230580,12,611,57,#,0.18,#,0.036
1230580019,1989,1230580,12,611,57,#,0.28,#,0.015
1230580020,1989,1230580,12,611,57,#,0.17,#,0.016
1230580021,1989,1230580,12,611,57,#,0.2,#,0.014
1230580022,1989,1230580,12,611,57,#,0.15,#,0.014
1230580024,1989,1230580,12,611,57,#,0.21,#,0.022
1230580025,1989,1230580,12,611,57,#,0.21,#,0.023
1230580026,1989,1230580,12,611,57,#,0.18,#,0.018
1230580027,1989,1230580,12,611,57,#,0.17,#,0.016
1230680001,1989,1230680,12,701,01,#,0.19,#,0.026
1230680002,1989,1230680,12,701,01,#,0.2,#,0.028
1230680004,1989,1230680,12,701,01,#,0.79,#,0.049
1230680005,1989,1230680,12,701,01,#,0.63,#,0.02
1230680007,1989,1230680,12,701,01,#,1.1,#,0.046
1230680008,1989,1230680,12,701,01,#,0.49,#,0.028
1230680010,1989,1230680,12,701,01,#,1.5,#,0.068
1230680011,1989,1230680,12,701,01,#,1.4,#,0.061
1230690001,1989,1230690,12,701,02,#,0.14,#,0.022
1230690002,1989,1230690,12,701,02,#,0.15,#,0.022
1230690004,1989,1230690,12,701,02,#,0.32,#,0.043
1230690005,1989,1230690,12,701,02,#,0.26,#,0.027
1230690007,1989,1230690,12,701,02,#,0.37,#,0.025
1230690008,1989,1230690,12,701,02,#,0.36,#,0.027
1230690010,1989,1230690,12,701,02,#,0.36,#,0.059
1230690011,1989,1230690,12,701,02,#,0.32,#,0.032
1230700001,1989,1230700,12,701,03,#,0.15,#,0.022
1230700002,1989,1230700,12,701,03,#,0.14,#,0.028
1230700004,1989,1230700,12,701,03,#,0.37,#,0.045
1230700005,1989,1230700,12,701,03,#,0.41,#,0.038
1230700007,1989,1230700,12,701,03,#,0.29,#,0.037
1230700008,1989,1230700,12,701,03,#,0.26,#,0.039
1230700010,1989,1230700,12,701,03,#,0.39,#,0.029
1230700011,1989,1230700,12,701,03,#,0.35,#,0.03
1230710001,1989,1230710,12,701,04,#,0.78,#,0.035
1230710002,1989,1230710,12,701,04,#,0.25,#,0.028
1230710004,1989,1230710,12,701,04,#,0.86,#,0.058
1230710005,1989,1230710,12,701,04,#,0.65,#,0.033
1230710007,1989,1230710,12,701,04,#,0.34,#,0.029
1230710008,1989,1230710,12,701,04,#,0.31,#,0.036
1230710010,1989,1230710,12,701,04,#,0.66,#,0.029
1230710011,1989,1230710,12,701,04,#,0.18,#,0.029
1230720001,1989,1230720,12,701,05,#,0.24,#,0.03
1230720002,1989,1230720,12,701,05,#,0.23,#,0.026
1230720004,1989,1230720,12,701,05,#,0.34,#,0.026
1230720005,1989,1230720,12,701,05,#,0.23,#,0.024
1230720007,1989,1230720,12,701,05,#,0.53,#,0.055
1230720008,1989,1230720,12,701,05,#,0.49,#,0.055
1230720010,1989,1230720,12,701,05,#,0.45,#,0.031
1230720011,1989,1230720,12,701,05,#,0.35,#,0.033
1230730001,1989,1230730,12,701,06,#,0.22,#,0.027
1230730002,1989,1230730,12,701,06,#,0.19,#,0.031
1230730004,1989,1230730,12,701,06,#,0.18,#,0.013
1230730005,1989,1230730,12,701,06,#,0.21,#,0.021
1230730007,1989,1230730,12,701,06,#,0.33,#,0.023
1230730008,1989,1230730,12,701,06,#,0.29,#,0.023
1230730010,1989,1230730,12,701,06,#,0.16,#,0.022
1230730011,1989,1230730,12,701,06,#,0.15,#,0.021
1230740001,1989,1230740,12,701,07,#,0.11,#,0.026
1230740002,1989,1230740,12,701,07,#,0.19,#,0.039
1230740004,1989,1230740,12,701,07,#,0.07,#,0.021
1230740005,1989,1230740,12,701,07,#,0.25,#,0.021
1230740007,1989,1230740,12,701,07,#,0.27,#,0.019
1230740008,1989,1230740,12,701,07,#,0.31,#,0.02
1230740010,1989,1230740,12,701,07,#,0.27,#,0.019
1230740011,1989,1230740,12,701,07,#,0.18,#,0.018
1230750001,1989,1230750,12,701,08,#,0.25,#,0.028
1230750002,1989,1230750,12,701,08,#,0.18,#,0.033
1230750004,1989,1230750,12,701,08,#,0.17,#,0.019
1230750005,1989,1230750,12,701,08,#,0.2,#,0.024
1230750007,1989,1230750,12,701,08,#,0.19,#,0.02
1230750008,1989,1230750,12,701,08,#,0.23,#,0.022
1230750010,1989,1230750,12,701,08,#,0.15,#,0.021
1230750011,1989,1230750,12,701,08,#,0.19,#,0.02
1230760001,1989,1230760,12,701,09,#,0.12,#,0.022
1230760002,1989,1230760,12,701,09,#,0.17,#,0.028
1230760004,1989,1230760,12,701,09,#,0.22,#,0.022
1230760005,1989,1230760,12,701,09,#,0.29,#,0.035
1230760007,1989,1230760,12,701,09,#,0.2,#,0.023
1230760008,1989,1230760,12,701,09,#,0.16,#,0.017
1230760010,1989,1230760,12,701,09,#,0.26,#,0.027
1230760011,1989,1230760,12,701,09,#,0.21,#,0.027
