レコードID,測定年度,絶対番号,都道府県コード,水域コード,地点コード,全窒素_C,全窒素(mg/l),全燐_C,全燐(mg/l)
1310010001,1995,1310010,13,001,01,#,2,#,0.15
1310010004,1995,1310010,13,001,01,#,1.1,#,0.076
1310010007,1995,1310010,13,001,01,#,1.9,#,0.087
1310010010,1995,1310010,13,001,01,#,2.9,#,0.13
1310010017,1995,1310010,13,001,01,#,2.7,#,0.12
1310010020,1995,1310010,13,001,01,#,2.7,#,0.14
1310010023,1995,1310010,13,001,01,#,3.8,#,0.3
1310010026,1995,1310010,13,001,01,#,3.6,#,0.17
1310010029,1995,1310010,13,001,01,#,3.8,#,0.22
1310010036,1995,1310010,13,001,01,#,4,#,0.18
1310010039,1995,1310010,13,001,01,#,4.4,#,0.23
1310010042,1995,1310010,13,001,01,#,3.9,#,0.2
1310020001,1995,1310020,13,001,51,#,2.8,#,0.11
1310020002,1995,1310020,13,001,51,#,1.4,#,0.065
1310020003,1995,1310020,13,001,51,#,2.4,#,0.089
1310020004,1995,1310020,13,001,51,#,3.3,#,0.11
1310020005,1995,1310020,13,001,51,#,3,#,0.12
1310020006,1995,1310020,13,001,51,#,2.9,#,0.14
1310020007,1995,1310020,13,001,51,#,3.4,#,0.11
1310020008,1995,1310020,13,001,51,#,3.8,#,0.17
1310020009,1995,1310020,13,001,51,#,3.7,#,0.19
1310020010,1995,1310020,13,001,51,#,4.1,#,0.21
1310020011,1995,1310020,13,001,51,#,4.7,#,0.23
1310020012,1995,1310020,13,001,51,#,4.6,#,0.14
1310030001,1995,1310030,13,002,01,#,2.3,#,0.13
1310030004,1995,1310030,13,002,01,#,1.5,#,0.11
1310030007,1995,1310030,13,002,01,#,2.1,#,0.1
1310030010,1995,1310030,13,002,01,#,3,#,0.12
1310030017,1995,1310030,13,002,01,#,2.4,#,0.11
1310030020,1995,1310030,13,002,01,#,2.7,#,0.11
1310030023,1995,1310030,13,002,01,#,3.4,#,0.14
1310030026,1995,1310030,13,002,01,#,3.3,#,0.13
1310030029,1995,1310030,13,002,01,#,3.4,#,0.13
1310030036,1995,1310030,13,002,01,#,3.8,#,0.18
1310030039,1995,1310030,13,002,01,#,4.2,#,0.2
1310030042,1995,1310030,13,002,01,#,4.1,#,0.21
1310040001,1995,1310040,13,002,51,#,2,#,0.1
1310040003,1995,1310040,13,002,51,#,1.3,#,0.081
1310040005,1995,1310040,13,002,51,#,3.3,#,0.2
1310040007,1995,1310040,13,002,51,#,3,#,0.1
1310040009,1995,1310040,13,002,51,#,2.7,#,0.1
1310040011,1995,1310040,13,002,51,#,2.7,#,0.11
1310040013,1995,1310040,13,002,51,#,3.2,#,0.15
1310040015,1995,1310040,13,002,51,#,3.7,#,0.16
1310040017,1995,1310040,13,002,51,#,3.5,#,0.17
1310040019,1995,1310040,13,002,51,#,3.7,#,0.16
1310040021,1995,1310040,13,002,51,#,4.1,#,0.18
1310040023,1995,1310040,13,002,51,#,4.3,#,0.21
1310060002,1995,1310060,13,003,01,#,4.2,#,0.22
1310060005,1995,1310060,13,003,01,#,3,#,0.15
1310060009,1995,1310060,13,003,01,#,3.9,#,0.16
1310060013,1995,1310060,13,003,01,#,3.4,#,0.1
1310060017,1995,1310060,13,003,01,#,3.5,#,0.13
1310060021,1995,1310060,13,003,01,#,3.3,#,0.12
1310060025,1995,1310060,13,003,01,#,3.7,#,0.14
1310060029,1995,1310060,13,003,01,#,3.9,#,0.12
1310060033,1995,1310060,13,003,01,#,5,#,0.16
1310060037,1995,1310060,13,003,01,#,5.5,#,0.27
1310060041,1995,1310060,13,003,01,#,5.6,#,0.28
1310060045,1995,1310060,13,003,01,#,6,#,0.32
1310070001,1995,1310070,13,003,51,#,4.5,#,0.23
1310070002,1995,1310070,13,003,51,#,4.1,#,0.18
1310070003,1995,1310070,13,003,51,#,2.8,#,0.13
1310070004,1995,1310070,13,003,51,#,3,#,0.11
1310070005,1995,1310070,13,003,51,#,2.9,#,0.1
1310070006,1995,1310070,13,003,51,#,4.8,#,0.14
1310070007,1995,1310070,13,003,51,#,3.9,#,0.13
1310070008,1995,1310070,13,003,51,#,4.5,#,0.12
1310070009,1995,1310070,13,003,51,#,7.2,#,0.19
1310070010,1995,1310070,13,003,51,#,4.1,#,0.19
1310070011,1995,1310070,13,003,51,#,5.6,#,0.29
1310070012,1995,1310070,13,003,51,#,7.3,#,0.47
1310090002,1995,1310090,13,004,01,#,5.6,#,0.5
1310090005,1995,1310090,13,004,01,#,3.1,#,0.2
1310090008,1995,1310090,13,004,01,#,3.4,#,0.18
1310090011,1995,1310090,13,004,01,#,3.8,#,0.21
1310090018,1995,1310090,13,004,01,#,2.6,#,0.18
1310090021,1995,1310090,13,004,01,#,4.3,#,0.16
1310090024,1995,1310090,13,004,01,#,5.8,#,0.2
1310090027,1995,1310090,13,004,01,#,7.4,#,0.27
1310090030,1995,1310090,13,004,01,#,10,#,0.63
1310090033,1995,1310090,13,004,01,#,10,#,0.64
1310090040,1995,1310090,13,004,01,#,11,#,0.76
1310090043,1995,1310090,13,004,01,#,11,#,0.86
1310100001,1995,1310100,13,004,02,#,5.4,#,0.24
1310100005,1995,1310100,13,004,02,#,3.6,#,0.49
1310100009,1995,1310100,13,004,02,#,3,#,0.12
1310100013,1995,1310100,13,004,02,#,3.4,#,0.14
1310100017,1995,1310100,13,004,02,#,3.9,#,0.25
1310100021,1995,1310100,13,004,02,#,4.4,#,0.23
1310100025,1995,1310100,13,004,02,#,4.1,#,0.31
1310100029,1995,1310100,13,004,02,#,4.6,#,0.26
1310100033,1995,1310100,13,004,02,#,4.8,#,0.27
1310100037,1995,1310100,13,004,02,#,3.2,#,0.18
1310100041,1995,1310100,13,004,02,#,6.5,#,0.34
1310100045,1995,1310100,13,004,02,#,7.3,#,0.45
1310110002,1995,1310110,13,004,51,#,5.6,#,0.32
1310110004,1995,1310110,13,004,51,#,3.1,#,0.2
1310110006,1995,1310110,13,004,51,#,3.1,#,0.22
1310110008,1995,1310110,13,004,51,#,3.6,#,0.26
1310110010,1995,1310110,13,004,51,#,3.1,#,0.2
1310110012,1995,1310110,13,004,51,#,4.9,#,0.21
1310110014,1995,1310110,13,004,51,#,5.5,#,0.17
1310110016,1995,1310110,13,004,51,#,7,#,0.24
1310110018,1995,1310110,13,004,51,#,9.7,#,0.29
1310110020,1995,1310110,13,004,51,#,9.7,#,0.62
1310110022,1995,1310110,13,004,51,#,11,#,0.89
1310110024,1995,1310110,13,004,51,#,10,#,0.72
1310140002,1995,1310140,13,005,01,#,8.6,#,0.65
1310140004,1995,1310140,13,005,01,#,4.3,#,0.35
1310140006,1995,1310140,13,005,01,#,4,#,0.42
1310140008,1995,1310140,13,005,01,#,5,#,0.37
1310140021,1995,1310140,13,005,01,#,3.2,#,0.51
1310140023,1995,1310140,13,005,01,#,5.5,#,0.71
1310140025,1995,1310140,13,005,01,#,5.6,#,1.1
1310140027,1995,1310140,13,005,01,#,6.6,#,1
1310140029,1995,1310140,13,005,01,#,9.2,#,1.1
1310140031,1995,1310140,13,005,01,#,10,#,1.5
1310140044,1995,1310140,13,005,01,#,11,#,1.3
1310140046,1995,1310140,13,005,01,#,10,#,1.4
1310160002,1995,1310160,13,005,52,#,8.3,#,0.8
1310160003,1995,1310160,13,005,52,#,5,#,0.45
1310160006,1995,1310160,13,005,52,#,5.1,#,0.34
1310160008,1995,1310160,13,005,52,#,4.9,#,0.33
1310160010,1995,1310160,13,005,52,#,4.5,#,0.65
1310160012,1995,1310160,13,005,52,#,5.4,#,0.81
1310160014,1995,1310160,13,005,52,#,5.5,#,0.66
1310160015,1995,1310160,13,005,52,#,7.4,#,0.41
1310160017,1995,1310160,13,005,52,#,7.3,#,0.49
1310160020,1995,1310160,13,005,52,#,11,#,0.81
1310160022,1995,1310160,13,005,52,#,12,#,1.2
1310160023,1995,1310160,13,005,52,#,10,#,0.59
1310180001,1995,1310180,13,006,01,#,8.7,#,0.59
1310180004,1995,1310180,13,006,01,#,4.8,#,0.24
1310180007,1995,1310180,13,006,01,#,3.8,#,0.17
1310180010,1995,1310180,13,006,01,#,4.4,#,0.21
1310180013,1995,1310180,13,006,01,#,4.9,#,0.35
1310180021,1995,1310180,13,006,01,#,3.6,#,0.23
1310180024,1995,1310180,13,006,01,#,8.2,#,0.43
1310180027,1995,1310180,13,006,01,#,7.4,#,0.44
1310180030,1995,1310180,13,006,01,#,9.9,#,0.54
1310180033,1995,1310180,13,006,01,#,11,#,0.68
1310180036,1995,1310180,13,006,01,#,12,#,0.69
1310180044,1995,1310180,13,006,01,#,14,#,0.73
1310190001,1995,1310190,13,006,02,#,5.1,#,0.31
1310190004,1995,1310190,13,006,02,#,3.9,#,0.24
1310190007,1995,1310190,13,006,02,#,2.9,#,0.16
1310190010,1995,1310190,13,006,02,#,3.7,#,0.16
1310190013,1995,1310190,13,006,02,#,4.8,#,0.32
1310190021,1995,1310190,13,006,02,#,3.4,#,0.2
1310190024,1995,1310190,13,006,02,#,5.9,#,0.38
1310190027,1995,1310190,13,006,02,#,2.3,#,0.14
1310190030,1995,1310190,13,006,02,#,1.8,#,0.13
1310190033,1995,1310190,13,006,02,#,2.1,#,0.12
1310190036,1995,1310190,13,006,02,#,2.8,#,0.22
1310190044,1995,1310190,13,006,02,#,8.1,#,0.43
1310200001,1995,1310200,13,006,51,#,7.8,#,0.47
1310200003,1995,1310200,13,006,51,#,4.1,#,0.15
1310200005,1995,1310200,13,006,51,#,3.6,#,0.12
1310200007,1995,1310200,13,006,51,#,3.6,#,0.13
1310200009,1995,1310200,13,006,51,#,4.3,#,0.2
1310200011,1995,1310200,13,006,51,#,3.4,#,0.23
1310200013,1995,1310200,13,006,51,#,5,#,0.2
1310200015,1995,1310200,13,006,51,#,9.6,#,0.59
1310200017,1995,1310200,13,006,51,#,13,#,0.75
1310200019,1995,1310200,13,006,51,#,15,#,0.92
1310200021,1995,1310200,13,006,51,#,14,#,0.86
1310200023,1995,1310200,13,006,51,#,14,#,0.91
1310210001,1995,1310210,13,006,52,#,8.4,#,0.62
1310210003,1995,1310210,13,006,52,#,6.6,#,0.34
1310210005,1995,1310210,13,006,52,#,3.6,#,0.19
1310210007,1995,1310210,13,006,52,#,5.3,#,0.2
1310210009,1995,1310210,13,006,52,#,5,#,0.34
1310210011,1995,1310210,13,006,52,#,3.8,#,0.27
1310210013,1995,1310210,13,006,52,#,8.2,#,0.43
1310210015,1995,1310210,13,006,52,#,8.9,#,0.54
1310210017,1995,1310210,13,006,52,#,14,#,0.73
1310210019,1995,1310210,13,006,52,#,14,#,1
1310210021,1995,1310210,13,006,52,#,15,#,1
1310210023,1995,1310210,13,006,52,#,15,#,0.95
1310220001,1995,1310220,13,006,53,#,7.5,#,0.46
1310220003,1995,1310220,13,006,53,#,5.6,#,0.31
1310220005,1995,1310220,13,006,53,#,3.1,#,0.2
1310220007,1995,1310220,13,006,53,#,3.9,#,0.17
1310220009,1995,1310220,13,006,53,#,4.6,#,0.32
1310220011,1995,1310220,13,006,53,#,3.3,#,0.23
1310220013,1995,1310220,13,006,53,#,5.5,#,0.35
1310220015,1995,1310220,13,006,53,#,2.1,#,0.15
1310220017,1995,1310220,13,006,53,#,1.9,#,0.13
1310220019,1995,1310220,13,006,53,#,1.8,#,0.11
1310220021,1995,1310220,13,006,53,#,11,#,0.64
1310220023,1995,1310220,13,006,53,#,8.4,#,0.43
1310230001,1995,1310230,13,007,01,#,8.9,#,0.56
1310230005,1995,1310230,13,007,01,#,6.3,#,0.41
1310230010,1995,1310230,13,007,01,#,8.2,#,0.45
1310230013,1995,1310230,13,007,01,#,8.2,#,0.52
1310230017,1995,1310230,13,007,01,#,8.3,#,0.51
1310230021,1995,1310230,13,007,01,#,8.4,#,0.5
1310230025,1995,1310230,13,007,01,#,6,#,0.39
1310230029,1995,1310230,13,007,01,#,8.3,#,0.55
1310230033,1995,1310230,13,007,01,#,9.6,#,0.57
1310230037,1995,1310230,13,007,01,#,7.5,#,0.39
1310230041,1995,1310230,13,007,01,#,8.3,#,0.45
1310230045,1995,1310230,13,007,01,#,9.8,#,0.57
1310240001,1995,1310240,13,007,02,#,13,#,0.8
1310240005,1995,1310240,13,007,02,#,7.5,#,0.43
1310240010,1995,1310240,13,007,02,#,8.2,#,0.49
1310240013,1995,1310240,13,007,02,#,7,#,0.44
1310240017,1995,1310240,13,007,02,#,8.1,#,0.51
1310240021,1995,1310240,13,007,02,#,13,#,0.9
1310240025,1995,1310240,13,007,02,#,9.3,#,0.7
1310240029,1995,1310240,13,007,02,#,12,#,0.75
1310240033,1995,1310240,13,007,02,#,14,#,0.85
1310240037,1995,1310240,13,007,02,#,16,#,1
1310240041,1995,1310240,13,007,02,#,19,#,1.3
1310240045,1995,1310240,13,007,02,#,18,#,1.1
1310250001,1995,1310250,13,007,51,#,8.9,#,0.78
1310250003,1995,1310250,13,007,51,#,8.4,#,0.43
1310250005,1995,1310250,13,007,51,#,4.7,#,0.2
1310250007,1995,1310250,13,007,51,#,4.8,#,0.2
1310250009,1995,1310250,13,007,51,#,10,#,0.65
1310250011,1995,1310250,13,007,51,#,3.5,#,0.22
1310250013,1995,1310250,13,007,51,#,8,#,0.64
1310250015,1995,1310250,13,007,51,#,13,#,0.82
1310250017,1995,1310250,13,007,51,#,14,#,0.91
1310250019,1995,1310250,13,007,51,#,16,#,1
1310250021,1995,1310250,13,007,51,#,17,#,1
1310250023,1995,1310250,13,007,51,#,10,#,1.2
1310260001,1995,1310260,13,007,53,#,10,#,0.62
1310260003,1995,1310260,13,007,53,#,8,#,0.56
1310260005,1995,1310260,13,007,53,#,8.5,#,0.45
1310260007,1995,1310260,13,007,53,#,6.6,#,0.4
1310260009,1995,1310260,13,007,53,#,9.8,#,0.76
1310260011,1995,1310260,13,007,53,#,10,#,0.6
1310260013,1995,1310260,13,007,53,#,8.3,#,0.5
1310260015,1995,1310260,13,007,53,#,11,#,0.69
1310260017,1995,1310260,13,007,53,#,12,#,0.73
1310260019,1995,1310260,13,007,53,#,11,#,0.57
1310260021,1995,1310260,13,007,53,#,10,#,0.6
1310260023,1995,1310260,13,007,53,#,14,#,0.81
1310290001,1995,1310290,13,008,01,#,8,#,0.46
1310290003,1995,1310290,13,008,01,#,7.8,#,0.5
1310290005,1995,1310290,13,008,01,#,6.5,#,0.5
1310290007,1995,1310290,13,008,01,#,6.8,#,0.51
1310290009,1995,1310290,13,008,01,#,6.8,#,0.46
1310290011,1995,1310290,13,008,01,#,7.4,#,0.79
1310290013,1995,1310290,13,008,01,#,5.3,#,0.44
1310290015,1995,1310290,13,008,01,#,8.2,#,0.74
1310290017,1995,1310290,13,008,01,#,9.3,#,0.5
1310290019,1995,1310290,13,008,01,#,3,#,0.17
1310290021,1995,1310290,13,008,01,#,10,#,0.41
1310290023,1995,1310290,13,008,01,#,9,#,0.49
1310300001,1995,1310300,13,009,01,#,11,#,0.69
1310300003,1995,1310300,13,009,01,#,10,#,0.33
1310300005,1995,1310300,13,009,01,#,7.9,#,0.47
1310300007,1995,1310300,13,009,01,#,8.4,#,0.7
1310300009,1995,1310300,13,009,01,#,9.1,#,0.57
1310300011,1995,1310300,13,009,01,#,8.1,#,0.49
1310300013,1995,1310300,13,009,01,#,8.7,#,0.82
1310300015,1995,1310300,13,009,01,#,9,#,0.95
1310300017,1995,1310300,13,009,01,#,12,#,0.74
1310300019,1995,1310300,13,009,01,#,10,#,0.95
1310300021,1995,1310300,13,009,01,#,12,#,0.68
1310300023,1995,1310300,13,009,01,#,3.5,#,0.3
1310310001,1995,1310310,13,010,01,#,4.6,#,0.33
1310310002,1995,1310310,13,010,01,#,4.6,#,0.13
1310310003,1995,1310310,13,010,01,#,3.5,#,0.29
1310310004,1995,1310310,13,010,01,#,6.4,#,0.79
1310310005,1995,1310310,13,010,01,#,3.2,#,0.24
1310310006,1995,1310310,13,010,01,#,3.7,#,0.36
1310310007,1995,1310310,13,010,01,#,2.6,#,0.31
1310310008,1995,1310310,13,010,01,#,3.1,#,0.33
1310310009,1995,1310310,13,010,01,#,2.4,#,0.23
1310310010,1995,1310310,13,010,01,#,3.1,#,0.17
1310310011,1995,1310310,13,010,01,#,3.5,#,0.2
1310310012,1995,1310310,13,010,01,#,3.7,#,0.25
1310320001,1995,1310320,13,011,01,#,4.4,#,0.74
1310320003,1995,1310320,13,011,01,#,4.4,#,0.41
1310320005,1995,1310320,13,011,01,#,5.5,#,0.58
1310320007,1995,1310320,13,011,01,#,3.5,#,0.54
1310320009,1995,1310320,13,011,01,#,2.7,#,0.62
1310320011,1995,1310320,13,011,01,#,4.4,#,0.53
1310320013,1995,1310320,13,011,01,#,3.8,#,0.3
1310320015,1995,1310320,13,011,01,#,4.7,#,0.31
1310320017,1995,1310320,13,011,01,#,5.5,#,0.32
1310320019,1995,1310320,13,011,01,#,4.5,#,0.21
1310320021,1995,1310320,13,011,01,#,3.9,#,0.18
1310320023,1995,1310320,13,011,01,#,3.4,#,0.16
1310330001,1995,1310330,13,012,01,#,6.4,#,0.51
1310330003,1995,1310330,13,012,01,#,5.1,#,0.3
1310330005,1995,1310330,13,012,01,#,7.5,#,0.68
1310330007,1995,1310330,13,012,01,#,7.6,#,0.71
1310330009,1995,1310330,13,012,01,#,6.6,#,0.56
1310330022,1995,1310330,13,012,01,#,7.4,#,0.71
1310330024,1995,1310330,13,012,01,#,7.7,#,0.75
1310330027,1995,1310330,13,012,01,#,7.4,#,0.73
1310330028,1995,1310330,13,012,01,#,10,#,0.69
1310330030,1995,1310330,13,012,01,#,10,#,1.1
1310330032,1995,1310330,13,012,01,#,10,#,0.56
1310330045,1995,1310330,13,012,01,#,15,#,1.7
1310340001,1995,1310340,13,013,01,#,0.62,#,0.011
1310340005,1995,1310340,13,013,01,#,0.53,#,0.014
1310340009,1995,1310340,13,013,01,#,0.63,#,0.016
1310340013,1995,1310340,13,013,01,#,0.51,#,0.026
1310340017,1995,1310340,13,013,01,#,0.65,#,0.013
1310340021,1995,1310340,13,013,01,#,0.66,#,0.021
1310340025,1995,1310340,13,013,01,#,0.8,#,0.014
1310340029,1995,1310340,13,013,01,#,0.63,#,0.008
1310340033,1995,1310340,13,013,01,#,0.53,#,0.007
1310340037,1995,1310340,13,013,01,#,0.53,#,0.007
1310340041,1995,1310340,13,013,01,#,0.49,#,0.006
1310340045,1995,1310340,13,013,01,#,0.44,#,0.012
1310370001,1995,1310370,13,014,01,#,1.6,#,0.026
1310370005,1995,1310370,13,014,01,#,1.6,#,0.051
1310370009,1995,1310370,13,014,01,#,1.6,#,0.025
1310370013,1995,1310370,13,014,01,#,1.5,#,0.038
1310370017,1995,1310370,13,014,01,#,1.1,#,0.038
1310370025,1995,1310370,13,014,01,#,1.1,#,0.027
1310370029,1995,1310370,13,014,01,#,1.4,#,0.029
1310370033,1995,1310370,13,014,01,#,1.2,#,0.023
1310370037,1995,1310370,13,014,01,#,0.87,#,0.024
1310370041,1995,1310370,13,014,01,#,1.2,#,0.026
1310370045,1995,1310370,13,014,01,#,1,#,0.034
1310370053,1995,1310370,13,014,01,#,1.2,#,0.027
1310380001,1995,1310380,13,014,51,#,0.7,#,0.013
1310380003,1995,1310380,13,014,51,#,0.62,#,0.027
1310380005,1995,1310380,13,014,51,#,0.78,#,0.018
1310380007,1995,1310380,13,014,51,#,0.89,#,0.027
1310380009,1995,1310380,13,014,51,#,0.63,#,0.04
1310380011,1995,1310380,13,014,51,#,0.61,#,0.022
1310380013,1995,1310380,13,014,51,#,0.75,#,0.016
1310380015,1995,1310380,13,014,51,#,0.64,#,0.016
1310380017,1995,1310380,13,014,51,#,0.52,#,0.022
1310380019,1995,1310380,13,014,51,#,0.59,#,0.02
1310380021,1995,1310380,13,014,51,#,0.62,#,0.018
1310380023,1995,1310380,13,014,51,#,0.59,#,0.027
1310390001,1995,1310390,13,014,52,#,0.91,#,0.011
1310390002,1995,1310390,13,014,52,#,0.64,#,0.019
1310390003,1995,1310390,13,014,52,#,0.81,#,0.018
1310390004,1995,1310390,13,014,52,#,0.52,#,0.026
1310390005,1995,1310390,13,014,52,#,0.61,#,0.014
1310390006,1995,1310390,13,014,52,#,0.69,#,0.021
1310390007,1995,1310390,13,014,52,#,0.73,#,0.017
1310390008,1995,1310390,13,014,52,#,0.64,#,0.008
1310390009,1995,1310390,13,014,52,#,0.64,#,0.007
1310390010,1995,1310390,13,014,52,#,0.49,#,0.008
1310390011,1995,1310390,13,014,52,#,0.5,#,0.006
1310390012,1995,1310390,13,014,52,#,0.49,#,0.007
1310400001,1995,1310400,13,014,53,#,2.2,#,0.021
1310400002,1995,1310400,13,014,53,#,1.6,#,0.028
1310400003,1995,1310400,13,014,53,#,1.9,#,0.032
1310400004,1995,1310400,13,014,53,#,1.7,#,0.021
1310400005,1995,1310400,13,014,53,#,1.3,#,0.023
1310400006,1995,1310400,13,014,53,#,1.3,#,0.029
1310400007,1995,1310400,13,014,53,#,1.8,#,0.023
1310400008,1995,1310400,13,014,53,#,1.3,#,0.014
1310400009,1995,1310400,13,014,53,#,1.1,#,0.012
1310400010,1995,1310400,13,014,53,#,1.1,#,0.013
1310400011,1995,1310400,13,014,53,#,1,#,0.01
1310400012,1995,1310400,13,014,53,#,1.1,#,0.014
1310410001,1995,1310410,13,015,01,#,7.7,#,0.63
1310410005,1995,1310410,13,015,01,#,7.6,#,0.7
1310410009,1995,1310410,13,015,01,#,6.2,#,0.6
1310410013,1995,1310410,13,015,01,#,4.2,#,0.28
1310410017,1995,1310410,13,015,01,#,4.7,#,0.56
1310410021,1995,1310410,13,015,01,#,7.3,#,0.47
1310410025,1995,1310410,13,015,01,#,3.6,#,0.29
1310410029,1995,1310410,13,015,01,#,8.2,#,0.9
1310410033,1995,1310410,13,015,01,#,8.6,#,0.66
1310410037,1995,1310410,13,015,01,#,12,#,1
1310410041,1995,1310410,13,015,01,#,12,#,1
1310410045,1995,1310410,13,015,01,#,13,#,0.85
1310420001,1995,1310420,13,015,02,#,7,#,0.49
1310420005,1995,1310420,13,015,02,#,5.8,#,0.5
1310420009,1995,1310420,13,015,02,#,5.4,#,0.34
1310420013,1995,1310420,13,015,02,#,4.2,#,0.23
1310420017,1995,1310420,13,015,02,#,3.6,#,0.3
1310420025,1995,1310420,13,015,02,#,5.4,#,0.33
1310420029,1995,1310420,13,015,02,#,2.4,#,0.23
1310420033,1995,1310420,13,015,02,#,8.3,#,0.58
1310420037,1995,1310420,13,015,02,#,6,#,0.62
1310420041,1995,1310420,13,015,02,#,9.5,#,0.75
1310420045,1995,1310420,13,015,02,#,9.2,#,0.72
1310420053,1995,1310420,13,015,02,#,8.8,#,0.61
1310430001,1995,1310430,13,015,51,#,5.2,#,0.35
1310430005,1995,1310430,13,015,51,#,4.1,#,0.45
1310430009,1995,1310430,13,015,51,#,4.1,#,0.42
1310430013,1995,1310430,13,015,51,#,2.2,#,0.12
1310430017,1995,1310430,13,015,51,#,2.2,#,0.23
1310430021,1995,1310430,13,015,51,#,3.2,#,0.3
1310430025,1995,1310430,13,015,51,#,2.2,#,0.097
1310430029,1995,1310430,13,015,51,#,4.8,#,0.59
1310430033,1995,1310430,13,015,51,#,5.1,#,0.54
1310430037,1995,1310430,13,015,51,#,8.3,#,0.95
1310430041,1995,1310430,13,015,51,#,9.5,#,1
1310430045,1995,1310430,13,015,51,#,9.3,#,0.55
1310440001,1995,1310440,13,015,52,#,6,#,0.47
1310440005,1995,1310440,13,015,52,#,5,#,0.54
1310440009,1995,1310440,13,015,52,#,4.5,#,0.32
1310440013,1995,1310440,13,015,52,#,3.3,#,0.18
1310440017,1995,1310440,13,015,52,#,3.2,#,0.26
1310440021,1995,1310440,13,015,52,#,4.2,#,0.33
1310440025,1995,1310440,13,015,52,#,2.7,#,0.21
1310440029,1995,1310440,13,015,52,#,5.9,#,0.49
1310440033,1995,1310440,13,015,52,#,4.8,#,0.45
1310440037,1995,1310440,13,015,52,#,8.1,#,0.77
1310440041,1995,1310440,13,015,52,#,8.8,#,0.66
1310440045,1995,1310440,13,015,52,#,7.6,#,0.56
1310450001,1995,1310450,13,015,53,#,7.1,#,0.6
1310450005,1995,1310450,13,015,53,#,6,#,0.56
1310450009,1995,1310450,13,015,53,#,4.7,#,0.42
1310450013,1995,1310450,13,015,53,#,3.5,#,0.23
1310450017,1995,1310450,13,015,53,#,3.8,#,0.3
1310450021,1995,1310450,13,015,53,#,4.6,#,0.45
1310450025,1995,1310450,13,015,53,#,3,#,0.27
1310450029,1995,1310450,13,015,53,#,5.5,#,0.59
1310450033,1995,1310450,13,015,53,#,4.9,#,0.49
1310450037,1995,1310450,13,015,53,#,8.2,#,0.83
1310450041,1995,1310450,13,015,53,#,8.6,#,0.66
1310450045,1995,1310450,13,015,53,#,7.9,#,0.59
1310460001,1995,1310460,13,015,54,#,6.9,#,0.59
1310460005,1995,1310460,13,015,54,#,6.2,#,0.55
1310460009,1995,1310460,13,015,54,#,5.6,#,0.42
1310460013,1995,1310460,13,015,54,#,3.4,#,0.22
1310460017,1995,1310460,13,015,54,#,3.6,#,0.33
1310460021,1995,1310460,13,015,54,#,5.5,#,0.45
1310460025,1995,1310460,13,015,54,#,2.9,#,0.25
1310460029,1995,1310460,13,015,54,#,8.5,#,0.72
1310460033,1995,1310460,13,015,54,#,7,#,0.61
1310460037,1995,1310460,13,015,54,#,10,#,1
1310460041,1995,1310460,13,015,54,#,11,#,0.9
1310460045,1995,1310460,13,015,54,#,10,#,0.83
1310470001,1995,1310470,13,015,55,#,5.8,#,0.43
1310470002,1995,1310470,13,015,55,#,6.3,#,0.46
1310470003,1995,1310470,13,015,55,#,4.9,#,0.42
1310470004,1995,1310470,13,015,55,#,3.4,#,0.23
1310470005,1995,1310470,13,015,55,#,3.5,#,0.41
1310470006,1995,1310470,13,015,55,#,3.8,#,0.38
1310470007,1995,1310470,13,015,55,#,4.8,#,0.36
1310470008,1995,1310470,13,015,55,#,6.7,#,0.56
1310470009,1995,1310470,13,015,55,#,7.6,#,0.53
1310470010,1995,1310470,13,015,55,#,9,#,0.61
1310470011,1995,1310470,13,015,55,#,9.5,#,0.8
1310470012,1995,1310470,13,015,55,#,9.7,#,0.64
1310480001,1995,1310480,13,015,56,#,6.9,#,0.57
1310480005,1995,1310480,13,015,56,#,5.7,#,0.49
1310480009,1995,1310480,13,015,56,#,5.1,#,0.37
1310480013,1995,1310480,13,015,56,#,4.3,#,0.25
1310480017,1995,1310480,13,015,56,#,3.8,#,0.3
1310480021,1995,1310480,13,015,56,#,5.5,#,0.32
1310480025,1995,1310480,13,015,56,#,2.9,#,0.24
1310480029,1995,1310480,13,015,56,#,9,#,0.62
1310480033,1995,1310480,13,015,56,#,6.4,#,0.53
1310480037,1995,1310480,13,015,56,#,10,#,0.78
1310480041,1995,1310480,13,015,56,#,10,#,0.78
1310480045,1995,1310480,13,015,56,#,15,#,0.68
1310490001,1995,1310490,13,015,57,#,5.5,#,0.43
1310490002,1995,1310490,13,015,57,#,6.1,#,0.48
1310490003,1995,1310490,13,015,57,#,5.6,#,0.47
1310490004,1995,1310490,13,015,57,#,3.8,#,0.23
1310490005,1995,1310490,13,015,57,#,4,#,0.38
1310490006,1995,1310490,13,015,57,#,5.6,#,0.37
1310490007,1995,1310490,13,015,57,#,4.8,#,0.3
1310490008,1995,1310490,13,015,57,#,7.1,#,0.55
1310490009,1995,1310490,13,015,57,#,7.9,#,0.51
1310490010,1995,1310490,13,015,57,#,9,#,0.7
1310490011,1995,1310490,13,015,57,#,9.4,#,0.75
1310490012,1995,1310490,13,015,57,#,9.1,#,0.61
1310530001,1995,1310530,13,016,01,#,8.3,#,0.63
1310530005,1995,1310530,13,016,01,#,6.5,#,0.61
1310530009,1995,1310530,13,016,01,#,6.3,#,0.38
1310530013,1995,1310530,13,016,01,#,4.8,#,0.27
1310530017,1995,1310530,13,016,01,#,4.7,#,0.35
1310530021,1995,1310530,13,016,01,#,7.4,#,0.51
1310530025,1995,1310530,13,016,01,#,3.1,#,0.25
1310530029,1995,1310530,13,016,01,#,8,#,0.44
1310530033,1995,1310530,13,016,01,#,7.1,#,0.36
1310530037,1995,1310530,13,016,01,#,5,#,0.17
1310530041,1995,1310530,13,016,01,#,14,#,0.43
1310530045,1995,1310530,13,016,01,#,10,#,0.51
1310540001,1995,1310540,13,016,51,#,8,#,0.61
1310540005,1995,1310540,13,016,51,#,5.7,#,0.5
1310540009,1995,1310540,13,016,51,#,6.2,#,0.38
1310540013,1995,1310540,13,016,51,#,4.5,#,0.26
1310540017,1995,1310540,13,016,51,#,4.4,#,0.35
1310540021,1995,1310540,13,016,51,#,7.4,#,0.5
1310540025,1995,1310540,13,016,51,#,2.7,#,0.23
1310540029,1995,1310540,13,016,51,#,8.2,#,0.53
1310540033,1995,1310540,13,016,51,#,5.8,#,0.31
1310540037,1995,1310540,13,016,51,#,11,#,0.37
1310540041,1995,1310540,13,016,51,#,15,#,0.59
1310540045,1995,1310540,13,016,51,#,11,#,0.59
1310550001,1995,1310550,13,017,01,#,13,#,1
1310550005,1995,1310550,13,017,01,#,8.8,#,0.5
1310550009,1995,1310550,13,017,01,#,8.1,#,0.54
1310550013,1995,1310550,13,017,01,#,7.7,#,0.39
1310550017,1995,1310550,13,017,01,#,10,#,0.77
1310550021,1995,1310550,13,017,01,#,12,#,0.79
1310550025,1995,1310550,13,017,01,#,9.8,#,0.64
1310550029,1995,1310550,13,017,01,#,10,#,0.73
1310550033,1995,1310550,13,017,01,#,16,#,1
1310550037,1995,1310550,13,017,01,#,17,#,1
1310550041,1995,1310550,13,017,01,#,19,#,1.3
1310550045,1995,1310550,13,017,01,#,21,#,1.1
1310560001,1995,1310560,13,017,51,#,11,#,0.85
1310560003,1995,1310560,13,017,51,#,6.7,#,0.38
1310560005,1995,1310560,13,017,51,#,6.1,#,0.42
1310560007,1995,1310560,13,017,51,#,6.9,#,0.29
1310560009,1995,1310560,13,017,51,#,8.6,#,0.51
1310560011,1995,1310560,13,017,51,#,14,#,1.4
1310560013,1995,1310560,13,017,51,#,7.1,#,0.38
1310560015,1995,1310560,13,017,51,#,8.8,#,0.46
1310560017,1995,1310560,13,017,51,#,14,#,1.1
1310560019,1995,1310560,13,017,51,#,16,#,0.89
1310560021,1995,1310560,13,017,51,#,21,#,1.5
1310560023,1995,1310560,13,017,51,#,20,#,1.4
1310570001,1995,1310570,13,017,52,#,13,#,1
1310570003,1995,1310570,13,017,52,#,8,#,0.55
1310570005,1995,1310570,13,017,52,#,6.9,#,0.47
1310570007,1995,1310570,13,017,52,#,8,#,0.42
1310570009,1995,1310570,13,017,52,#,8.9,#,0.49
1310570011,1995,1310570,13,017,52,#,14,#,0.94
1310570013,1995,1310570,13,017,52,#,10,#,0.63
1310570015,1995,1310570,13,017,52,#,11,#,0.71
1310570017,1995,1310570,13,017,52,#,18,#,1.7
1310570019,1995,1310570,13,017,52,#,20,#,1.3
1310570021,1995,1310570,13,017,52,#,21,#,1.4
1310570023,1995,1310570,13,017,52,#,23,#,1.8
1310580001,1995,1310580,13,018,01,#,10,#,0.15
1310580003,1995,1310580,13,018,01,#,10,#,0.1
1310580006,1995,1310580,13,018,01,#,8,#,0.4
1310580007,1995,1310580,13,018,01,#,9.6,#,0.22
1310580009,1995,1310580,13,018,01,#,8.8,#,0.46
1310580011,1995,1310580,13,018,01,#,11,#,0.69
1310580013,1995,1310580,13,018,01,#,8,#,0.48
1310580015,1995,1310580,13,018,01,#,10,#,0.37
1310580017,1995,1310580,13,018,01,#,13,#,1
1310580019,1995,1310580,13,018,01,#,17,#,0.89
1310580021,1995,1310580,13,018,01,#,18,#,0.92
1310580023,1995,1310580,13,018,01,#,14,#,0.66
1310600001,1995,1310600,13,019,01,#,11,#,0.59
1310600003,1995,1310600,13,019,01,#,6.8,#,0.048
1310600006,1995,1310600,13,019,01,#,7.8,#,0.29
1310600007,1995,1310600,13,019,01,#,7.5,#,0.22
1310600009,1995,1310600,13,019,01,#,9.2,#,0.45
1310600011,1995,1310600,13,019,01,#,14,#,0.81
1310600013,1995,1310600,13,019,01,#,9.3,#,0.6
1310600015,1995,1310600,13,019,01,#,8.4,#,0.51
1310600017,1995,1310600,13,019,01,#,8.2,#,0.13
1310600019,1995,1310600,13,019,01,#,9.5,#,0.18
1310600021,1995,1310600,13,019,01,#,9.8,#,0.28
1310600023,1995,1310600,13,019,01,#,9,#,0.14
1310630001,1995,1310630,13,020,01,#,10,#,0.58
1310630003,1995,1310630,13,020,01,#,8.8,#,0.26
1310630005,1995,1310630,13,020,01,#,8.7,#,0.67
1310630007,1995,1310630,13,020,01,#,7.3,#,0.52
1310630009,1995,1310630,13,020,01,#,6.5,#,0.36
1310630011,1995,1310630,13,020,01,#,9.4,#,0.65
1310630013,1995,1310630,13,020,01,#,8.3,#,0.6
1310630015,1995,1310630,13,020,01,#,6.6,#,0.48
1310630017,1995,1310630,13,020,01,#,9.7,#,0.59
1310630019,1995,1310630,13,020,01,#,11,#,0.43
1310630021,1995,1310630,13,020,01,#,10,#,0.55
1310630023,1995,1310630,13,020,01,#,11,#,0.74
1310650001,1995,1310650,13,020,52,#,11,#,0.73
1310650003,1995,1310650,13,020,52,#,8.7,#,0.34
1310650005,1995,1310650,13,020,52,#,8.4,#,0.53
1310650007,1995,1310650,13,020,52,#,8.7,#,0.59
1310650009,1995,1310650,13,020,52,#,7.6,#,0.42
1310650011,1995,1310650,13,020,52,#,10,#,0.61
1310650013,1995,1310650,13,020,52,#,9.6,#,0.75
1310650015,1995,1310650,13,020,52,#,9.7,#,0.49
1310650017,1995,1310650,13,020,52,#,12,#,0.76
1310650019,1995,1310650,13,020,52,#,14,#,0.37
1310650021,1995,1310650,13,020,52,#,14,#,0.64
1310650023,1995,1310650,13,020,52,#,13,#,0.97
1310660001,1995,1310660,13,021,01,#,5.2,#,0.048
1310660003,1995,1310660,13,021,01,#,2.5,#,0.042
1310660005,1995,1310660,13,021,01,#,5.1,#,0.065
1310660007,1995,1310660,13,021,01,#,3.8,#,0.037
1310660009,1995,1310660,13,021,01,#,3.6,#,0.033
1310660022,1995,1310660,13,021,01,#,3.7,#,0.043
1310660024,1995,1310660,13,021,01,#,3.1,#,0.046
1310660026,1995,1310660,13,021,01,#,4.2,#,0.037
1310660028,1995,1310660,13,021,01,#,3.7,#,0.034
1310660030,1995,1310660,13,021,01,#,3.8,#,0.037
1310660032,1995,1310660,13,021,01,#,4.3,#,0.026
1310660045,1995,1310660,13,021,01,#,4.2,#,0.03
1310670001,1995,1310670,13,022,01,#,1.6,#,0.017
1310670003,1995,1310670,13,022,01,#,1.6,#,0.084
1310670005,1995,1310670,13,022,01,#,1.5,#,0.023
1310670007,1995,1310670,13,022,01,#,1.5,#,0.022
1310670009,1995,1310670,13,022,01,#,1.1,#,0.019
1310670011,1995,1310670,13,022,01,#,1.4,#,0.023
1310670013,1995,1310670,13,022,01,#,1.7,#,0.022
1310670015,1995,1310670,13,022,01,#,1.2,#,0.02
1310670017,1995,1310670,13,022,01,#,1.4,#,0.016
1310670019,1995,1310670,13,022,01,#,1.2,#,0.009
1310670021,1995,1310670,13,022,01,#,1.3,#,0.008
1310670023,1995,1310670,13,022,01,#,1.4,#,0.013
1310690001,1995,1310690,13,023,01,#,6.7,#,0.59
1310690002,1995,1310690,13,023,01,#,7.2,#,0.85
1310690003,1995,1310690,13,023,01,#,5,#,0.99
1310690004,1995,1310690,13,023,01,#,5.3,#,0.85
1310690005,1995,1310690,13,023,01,#,4,#,0.46
1310690006,1995,1310690,13,023,01,#,4.8,#,0.74
1310690007,1995,1310690,13,023,01,#,4.1,#,0.26
1310690008,1995,1310690,13,023,01,#,4.4,#,0.35
1310690009,1995,1310690,13,023,01,#,3.2,#,0.49
1310690010,1995,1310690,13,023,01,#,3.9,#,0.68
1310690011,1995,1310690,13,023,01,#,2.7,#,0.84
1310690012,1995,1310690,13,023,01,#,3.2,#,0.74
1310690013,1995,1310690,13,023,01,#,4,#,0.38
1310690014,1995,1310690,13,023,01,#,3.9,#,0.45
1310690015,1995,1310690,13,023,01,#,7.9,#,0.64
1310690016,1995,1310690,13,023,01,#,6,#,0.65
1310690017,1995,1310690,13,023,01,#,4.5,#,0.81
1310690018,1995,1310690,13,023,01,#,5.7,#,1
1310690019,1995,1310690,13,023,01,#,9.9,#,1.1
1310690020,1995,1310690,13,023,01,#,9.5,#,2.7
1310690021,1995,1310690,13,023,01,#,7.4,#,1.3
1310690022,1995,1310690,13,023,01,#,7.5,#,1.5
1310690023,1995,1310690,13,023,01,#,7.9,#,1.2
1310690024,1995,1310690,13,023,01,#,8.5,#,1.2
1310700001,1995,1310700,13,024,01,#,4.2,#,0.057
1310700005,1995,1310700,13,024,01,#,2.3,#,0.084
1310700009,1995,1310700,13,024,01,#,2.9,#,0.11
1310700013,1995,1310700,13,024,01,#,4.3,#,0.055
1310700017,1995,1310700,13,024,01,#,3.5,#,0.058
1310700021,1995,1310700,13,024,01,#,2.5,#,0.056
1310700025,1995,1310700,13,024,01,#,4.5,#,0.059
1310700029,1995,1310700,13,024,01,#,3.9,#,0.03
1310700033,1995,1310700,13,024,01,#,4.1,#,0.075
1310700037,1995,1310700,13,024,01,#,4.7,#,0.057
1310700041,1995,1310700,13,024,01,#,11,#,0.042
1310700045,1995,1310700,13,024,01,#,27,#,0.27
1310730001,1995,1310730,13,025,01,#,4.9,#,0.2
1310730002,1995,1310730,13,025,01,#,8.4,#,0.16
1310730003,1995,1310730,13,025,01,#,3.2,#,0.16
1310730004,1995,1310730,13,025,01,#,5.4,#,0.13
1310730005,1995,1310730,13,025,01,#,2.7,#,0.11
1310730006,1995,1310730,13,025,01,#,2.7,#,0.11
1310730007,1995,1310730,13,025,01,#,2.2,#,0.055
1310730008,1995,1310730,13,025,01,#,2.1,#,0.05
1310730009,1995,1310730,13,025,01,#,2.1,#,0.065
1310730010,1995,1310730,13,025,01,#,2.2,#,0.38
1310730011,1995,1310730,13,025,01,#,2.7,#,0.19
1310730012,1995,1310730,13,025,01,#,2.2,#,0.13
1310730013,1995,1310730,13,025,01,#,2.3,#,0.067
1310730014,1995,1310730,13,025,01,#,2.3,#,0.078
1310730015,1995,1310730,13,025,01,#,3.1,#,0.15
1310730016,1995,1310730,13,025,01,#,4.8,#,0.19
1310730017,1995,1310730,13,025,01,#,3.9,#,0.43
1310730018,1995,1310730,13,025,01,#,3.3,#,0.37
1310730019,1995,1310730,13,025,01,#,4.4,#,0.3
1310730020,1995,1310730,13,025,01,#,4.4,#,0.33
1310730021,1995,1310730,13,025,01,#,5.9,#,0.46
1310730022,1995,1310730,13,025,01,#,4.4,#,0.25
1310730023,1995,1310730,13,025,01,#,4.7,#,0.3
1310730024,1995,1310730,13,025,01,#,4,#,0.28
1310740001,1995,1310740,13,026,01,#,6.5,#,0.46
1310740005,1995,1310740,13,026,01,#,6.2,#,0.58
1310740009,1995,1310740,13,026,01,#,5.3,#,0.39
1310740013,1995,1310740,13,026,01,#,4.7,#,0.25
1310740017,1995,1310740,13,026,01,#,4,#,0.32
1310740021,1995,1310740,13,026,01,#,4.7,#,0.42
1310740025,1995,1310740,13,026,01,#,3.7,#,0.22
1310740029,1995,1310740,13,026,01,#,7.8,#,0.55
1310740033,1995,1310740,13,026,01,#,7.1,#,0.63
1310740037,1995,1310740,13,026,01,#,12,#,0.67
1310740041,1995,1310740,13,026,01,#,11,#,0.78
1310740045,1995,1310740,13,026,01,#,10,#,1.3
1310750001,1995,1310750,13,026,51,#,9.2,#,0.48
1310750002,1995,1310750,13,026,51,#,7.5,#,0.66
1310750003,1995,1310750,13,026,51,#,4.8,#,0.41
1310750004,1995,1310750,13,026,51,#,4.1,#,0.26
1310750005,1995,1310750,13,026,51,#,5.1,#,0.73
1310750006,1995,1310750,13,026,51,#,6.8,#,0.8
1310750007,1995,1310750,13,026,51,#,4.9,#,0.3
1310750008,1995,1310750,13,026,51,#,7,#,0.46
1310750009,1995,1310750,13,026,51,#,9.8,#,1.1
1310750010,1995,1310750,13,026,51,#,13,#,0.93
1310750011,1995,1310750,13,026,51,#,13,#,1
1310750012,1995,1310750,13,026,51,#,15,#,1.6
1310780001,1995,1310780,13,027,01,#,5.5,#,0.21
1310780002,1995,1310780,13,027,01,#,9.8,#,0.21
1310780003,1995,1310780,13,027,01,#,4.1,#,0.21
1310780004,1995,1310780,13,027,01,#,11,#,0.27
1310780005,1995,1310780,13,027,01,#,3.5,#,0.16
1310780006,1995,1310780,13,027,01,#,5.4,#,0.16
1310780007,1995,1310780,13,027,01,#,2.3,#,0.087
1310780008,1995,1310780,13,027,01,#,2.5,#,0.066
1310780009,1995,1310780,13,027,01,#,3.4,#,0.49
1310780010,1995,1310780,13,027,01,#,3.4,#,0.5
1310780011,1995,1310780,13,027,01,#,4.7,#,0.35
1310780012,1995,1310780,13,027,01,#,31,#,0.26
1310780013,1995,1310780,13,027,01,#,24,#,0.12
1310780014,1995,1310780,13,027,01,#,5,#,0.12
1310780015,1995,1310780,13,027,01,#,5.7,#,0.25
1310780016,1995,1310780,13,027,01,#,110,#,0.23
1310780017,1995,1310780,13,027,01,#,7.4,#,0.64
1310780018,1995,1310780,13,027,01,#,29,#,0.64
1310780019,1995,1310780,13,027,01,#,12,#,0.72
1310780020,1995,1310780,13,027,01,#,12,#,0.49
1310780021,1995,1310780,13,027,01,#,7.6,#,0.58
1310780022,1995,1310780,13,027,01,#,8.3,#,0.59
1310780023,1995,1310780,13,027,01,#,12,#,0.56
1310780024,1995,1310780,13,027,01,#,15,#,0.55
1310790001,1995,1310790,13,028,01,#,5.4,#,0.32
1310790003,1995,1310790,13,028,01,#,4.9,#,0.33
1310790005,1995,1310790,13,028,01,#,3.4,#,0.21
1310790007,1995,1310790,13,028,01,#,3.4,#,0.17
1310790009,1995,1310790,13,028,01,#,3.6,#,0.26
1310790011,1995,1310790,13,028,01,#,3,#,0.1
1310790013,1995,1310790,13,028,01,#,3.9,#,0.12
1310790015,1995,1310790,13,028,01,#,6.1,#,0.24
1310790017,1995,1310790,13,028,01,#,6.7,#,0.3
1310790019,1995,1310790,13,028,01,#,8.2,#,0.51
1310790021,1995,1310790,13,028,01,#,7.7,#,0.56
1310790023,1995,1310790,13,028,01,#,4.4,#,0.14
1310800001,1995,1310800,13,029,01,#,5.3,#,0.11
1310800005,1995,1310800,13,029,01,#,3,#,0.21
1310800009,1995,1310800,13,029,01,#,2.9,#,0.12
1310800013,1995,1310800,13,029,01,#,2.3,#,0.079
1310800017,1995,1310800,13,029,01,#,1.2,#,0.13
1310800021,1995,1310800,13,029,01,#,1.9,#,0.15
1310800025,1995,1310800,13,029,01,#,2.4,#,0.1
1310800029,1995,1310800,13,029,01,#,2.9,#,0.19
1310800033,1995,1310800,13,029,01,#,3.6,#,0.22
1310800037,1995,1310800,13,029,01,#,5.6,#,0.33
1310800041,1995,1310800,13,029,01,#,4.3,#,0.29
1310800045,1995,1310800,13,029,01,#,3.5,#,0.19
1310810001,1995,1310810,13,030,01,#,17,#,0.74
1310810005,1995,1310810,13,030,01,#,5.6,#,0.59
1310810009,1995,1310810,13,030,01,#,16,#,0.53
1310810013,1995,1310810,13,030,01,#,8.4,#,0.26
1310810017,1995,1310810,13,030,01,#,3.3,#,0.32
1310810021,1995,1310810,13,030,01,#,13,#,0.5
1310810025,1995,1310810,13,030,01,#,4.8,#,0.3
1310810029,1995,1310810,13,030,01,#,22,#,0.93
1310810033,1995,1310810,13,030,01,#,15,#,0.6
1310810037,1995,1310810,13,030,01,#,19,#,0.81
1310810041,1995,1310810,13,030,01,#,17,#,0.48
1310810045,1995,1310810,13,030,01,#,17,#,1
1310820001,1995,1310820,13,030,51,#,3.2,#,0.17
1310820002,1995,1310820,13,030,51,#,2.9,#,0.18
1310820003,1995,1310820,13,030,51,#,3.1,#,0.21
1310820004,1995,1310820,13,030,51,#,5,#,0.13
1310820005,1995,1310820,13,030,51,#,3.5,#,0.1
1310820006,1995,1310820,13,030,51,#,5.7,#,0.089
1310820007,1995,1310820,13,030,51,#,5,#,0.09
1310820008,1995,1310820,13,030,51,#,4.7,#,0.09
1310820009,1995,1310820,13,030,51,#,4.3,#,0.12
1310820010,1995,1310820,13,030,51,#,4.9,#,0.28
1310820011,1995,1310820,13,030,51,#,5.3,#,0.3
1310820012,1995,1310820,13,030,51,#,5.3,#,0.26
1310830001,1995,1310830,13,031,01,#,10,#,1
1310830003,1995,1310830,13,031,01,#,6.9,#,0.39
1310830005,1995,1310830,13,031,01,#,7.1,#,0.65
1310830007,1995,1310830,13,031,01,#,7.1,#,0.51
1310830009,1995,1310830,13,031,01,#,6.6,#,0.62
1310830011,1995,1310830,13,031,01,#,7.2,#,1
1310830013,1995,1310830,13,031,01,#,9.5,#,0.82
1310830015,1995,1310830,13,031,01,#,9.5,#,0.59
1310830017,1995,1310830,13,031,01,#,14,#,1
1310830019,1995,1310830,13,031,01,#,14,#,1.4
1310830021,1995,1310830,13,031,01,#,13,#,1.7
1310830023,1995,1310830,13,031,01,#,15,#,1.3
1310850001,1995,1310850,13,032,01,#,1.7,#,0.03
1310850003,1995,1310850,13,032,01,#,1.7,#,0.045
1310850005,1995,1310850,13,032,01,#,1.8,#,0.024
1310850007,1995,1310850,13,032,01,#,1.2,#,0.028
1310850009,1995,1310850,13,032,01,#,1.2,#,0.036
1310850011,1995,1310850,13,032,01,#,1.3,#,0.028
1310850013,1995,1310850,13,032,01,#,1.7,#,0.024
1310850015,1995,1310850,13,032,01,#,1.6,#,0.028
1310850017,1995,1310850,13,032,01,#,1.2,#,0.015
1310850019,1995,1310850,13,032,01,#,1.1,#,0.02
1310850021,1995,1310850,13,032,01,#,1.2,#,0.03
1310850023,1995,1310850,13,032,01,#,1.3,#,0.028
1310860001,1995,1310860,13,033,01,#,2.5,#,0.048
1310860003,1995,1310860,13,033,01,#,2.3,#,0.069
1310860005,1995,1310860,13,033,01,#,2.4,#,0.031
1310860007,1995,1310860,13,033,01,#,2,#,0.033
1310860009,1995,1310860,13,033,01,#,1.6,#,0.056
1310860011,1995,1310860,13,033,01,#,1.6,#,0.05
1310860013,1995,1310860,13,033,01,#,2.3,#,0.042
1310860015,1995,1310860,13,033,01,#,2.4,#,0.053
1310860017,1995,1310860,13,033,01,#,2.2,#,0.062
1310860019,1995,1310860,13,033,01,#,2.6,#,0.068
1310860021,1995,1310860,13,033,01,#,2.2,#,0.077
1310860023,1995,1310860,13,033,01,#,2.2,#,0.063
1310870001,1995,1310870,13,034,01,#,11,#,0.83
1310870005,1995,1310870,13,034,01,#,9.1,#,0.4
1310870009,1995,1310870,13,034,01,#,9.6,#,0.29
1310870013,1995,1310870,13,034,01,#,10,#,0.2
1310870017,1995,1310870,13,034,01,#,11,#,0.3
1310870021,1995,1310870,13,034,01,#,10,#,0.42
1310870025,1995,1310870,13,034,01,#,10,#,0.47
1310870029,1995,1310870,13,034,01,#,13,#,0.46
1310870033,1995,1310870,13,034,01,#,13,#,0.29
1310870037,1995,1310870,13,034,01,#,18,#,0.87
1310870041,1995,1310870,13,034,01,#,15,#,0.16
1310870045,1995,1310870,13,034,01,#,15,#,0.57
1310880001,1995,1310880,13,035,01,#,8.6,#,0.58
1310880003,1995,1310880,13,035,01,#,8.4,#,0.2
1310880005,1995,1310880,13,035,01,#,8.6,#,0.18
1310880007,1995,1310880,13,035,01,#,8.6,#,0.13
1310880009,1995,1310880,13,035,01,#,7.8,#,0.11
1310880011,1995,1310880,13,035,01,#,8.4,#,0.19
1310880013,1995,1310880,13,035,01,#,8.5,#,0.18
1310880015,1995,1310880,13,035,01,#,8.4,#,0.2
1310880017,1995,1310880,13,035,01,#,7.6,#,0.16
1310880019,1995,1310880,13,035,01,#,8.8,#,0.36
1310880021,1995,1310880,13,035,01,#,8.4,#,0.19
1310880023,1995,1310880,13,035,01,#,9,#,0.45
1310940001,1995,1310940,13,036,01,#,5.4,#,0.42
1310940003,1995,1310940,13,036,01,#,5.5,#,0.39
1310940005,1995,1310940,13,036,01,#,3.6,#,0.37
1310940007,1995,1310940,13,036,01,#,4.4,#,0.26
1310940009,1995,1310940,13,036,01,#,3.1,#,0.35
1310940011,1995,1310940,13,036,01,#,3.6,#,0.42
1310940013,1995,1310940,13,036,01,#,4.9,#,0.32
1310940015,1995,1310940,13,036,01,#,5.6,#,0.38
1310940017,1995,1310940,13,036,01,#,5.8,#,0.43
1310940019,1995,1310940,13,036,01,#,7,#,0.56
1310940021,1995,1310940,13,036,01,#,7.1,#,0.4
1310940023,1995,1310940,13,036,01,#,7.6,#,0.51
1310950001,1995,1310950,13,037,01,#,32,#,0.65
1310950003,1995,1310950,13,037,01,#,11,#,0.75
1310950005,1995,1310950,13,037,01,#,34,#,0.52
1310950007,1995,1310950,13,037,01,#,17,#,0.53
1310950009,1995,1310950,13,037,01,#,19,#,0.51
1310950022,1995,1310950,13,037,01,#,19,#,0.89
1310950024,1995,1310950,13,037,01,#,18,#,0.57
1310950026,1995,1310950,13,037,01,#,30,#,0.58
1310950028,1995,1310950,13,037,01,#,20,#,0.97
1310950030,1995,1310950,13,037,01,#,20,#,0.57
1310950032,1995,1310950,13,037,01,#,19,#,1
1310950045,1995,1310950,13,037,01,#,19,#,0.89
1310960001,1995,1310960,13,038,01,#,4.5,#,0.36
1310960003,1995,1310960,13,038,01,#,4.8,#,0.26
1310960005,1995,1310960,13,038,01,#,2.9,#,0.22
1310960007,1995,1310960,13,038,01,#,5,#,0.2
1310960009,1995,1310960,13,038,01,#,3.7,#,0.18
1310960011,1995,1310960,13,038,01,#,2.8,#,0.62
1310960013,1995,1310960,13,038,01,#,3.5,#,0.37
1310960015,1995,1310960,13,038,01,#,4.1,#,0.43
1310960017,1995,1310960,13,038,01,#,6.3,#,1.1
1310960019,1995,1310960,13,038,01,#,12,#,1.6
1310960021,1995,1310960,13,038,01,#,10,#,1.7
1310960023,1995,1310960,13,038,01,#,8.3,#,0.95
1310970002,1995,1310970,13,039,51,#,5.9,#,0.45
1310970004,1995,1310970,13,039,51,#,2.7,#,0.19
1310970006,1995,1310970,13,039,51,#,2.9,#,0.2
1310970008,1995,1310970,13,039,51,#,3.5,#,0.23
1310970010,1995,1310970,13,039,51,#,2.5,#,0.16
1310970012,1995,1310970,13,039,51,#,4.2,#,0.18
1310970014,1995,1310970,13,039,51,#,5.7,#,0.22
1310970016,1995,1310970,13,039,51,#,8.3,#,0.36
1310970018,1995,1310970,13,039,51,#,9.8,#,0.62
1310970020,1995,1310970,13,039,51,#,10,#,0.6
1310970022,1995,1310970,13,039,51,#,10,#,0.75
1310970024,1995,1310970,13,039,51,#,10,#,0.58
1310990001,1995,1310990,13,202,01,#,8.9,#,0.52
1310990003,1995,1310990,13,202,01,#,5.4,#,0.79
1310990005,1995,1310990,13,202,01,#,5.3,#,0.42
1310990007,1995,1310990,13,202,01,#,5.5,#,0.37
1310990009,1995,1310990,13,202,01,#,5.5,#,0.44
1310990011,1995,1310990,13,202,01,#,5,#,0.29
1310990013,1995,1310990,13,202,01,#,6.2,#,0.42
1310990015,1995,1310990,13,202,01,#,11,#,0.62
1310990017,1995,1310990,13,202,01,#,13,#,0.96
1310990019,1995,1310990,13,202,01,#,12,#,0.76
1310990021,1995,1310990,13,202,01,#,14,#,0.81
1310990023,1995,1310990,13,202,01,#,14,#,0.58
1311010001,1995,1311010,13,203,02,#,4.5,#,0.17
1311010003,1995,1311010,13,203,02,#,2,#,0.1
1311010005,1995,1311010,13,203,02,#,2.4,#,0.11
1311010008,1995,1311010,13,203,02,#,3.6,#,0.13
1311010009,1995,1311010,13,203,02,#,3.1,#,0.19
1311010011,1995,1311010,13,203,02,#,2.9,#,0.14
1311010013,1995,1311010,13,203,02,#,4.1,#,0.19
1311010015,1995,1311010,13,203,02,#,4,#,0.18
1311010017,1995,1311010,13,203,02,#,4.5,#,0.17
1311010019,1995,1311010,13,203,02,#,5.7,#,0.31
1311010021,1995,1311010,13,203,02,#,5.4,#,0.29
1311010023,1995,1311010,13,203,02,#,6.7,#,0.34
1311020001,1995,1311020,13,204,01,#,7.5,#,0.27
1311020002,1995,1311020,13,204,01,#,3.4,#,0.19
1311020003,1995,1311020,13,204,01,#,2.9,#,0.13
1311020004,1995,1311020,13,204,01,#,3.3,#,0.14
1311020005,1995,1311020,13,204,01,#,3.3,#,0.19
1311020006,1995,1311020,13,204,01,#,3.4,#,0.15
1311020007,1995,1311020,13,204,01,#,4.1,#,0.22
1311020008,1995,1311020,13,204,01,#,7,#,0.26
1311020009,1995,1311020,13,204,01,#,8.9,#,0.45
1311020010,1995,1311020,13,204,01,#,11,#,0.59
1311020011,1995,1311020,13,204,01,#,12,#,0.57
1311020012,1995,1311020,13,204,01,#,10,#,0.44
1311030001,1995,1311030,13,205,01,#,5.5,#,0.3
1311030002,1995,1311030,13,205,01,#,5,#,0.36
1311030003,1995,1311030,13,205,01,#,5.6,#,0.36
1311030004,1995,1311030,13,205,01,#,4.5,#,0.4
1311030005,1995,1311030,13,205,01,#,5.9,#,0.38
1311030006,1995,1311030,13,205,01,#,6.1,#,0.4
1311030007,1995,1311030,13,205,01,#,5.2,#,0.32
1311030008,1995,1311030,13,205,01,#,5.6,#,0.38
1311030009,1995,1311030,13,205,01,#,4.7,#,0.27
1311030010,1995,1311030,13,205,01,#,6.4,#,0.46
1311030011,1995,1311030,13,205,01,#,6.2,#,0.27
1311030012,1995,1311030,13,205,01,#,5.8,#,0.24
1311100001,1995,1311100,13,212,01,#,6.2,#,0.23
1311100003,1995,1311100,13,212,01,#,6.6,#,0.21
1311100005,1995,1311100,13,212,01,#,4.9,#,0.18
1311100007,1995,1311100,13,212,01,#,6,#,0.18
1311100009,1995,1311100,13,212,01,#,2.8,#,0.2
1311100011,1995,1311100,13,212,01,#,5.1,#,0.25
1311100013,1995,1311100,13,212,01,#,7.5,#,0.21
1311100015,1995,1311100,13,212,01,#,6.7,#,0.18
1311100017,1995,1311100,13,212,01,#,6,#,0.28
1311100019,1995,1311100,13,212,01,#,7.3,#,0.28
1311100021,1995,1311100,13,212,01,#,5.5,#,0.29
1311100023,1995,1311100,13,212,01,#,6,#,0.31
1311110001,1995,1311110,13,213,01,#,4.5,#,0.031
1311110003,1995,1311110,13,213,01,#,5.1,#,0.057
1311110005,1995,1311110,13,213,01,#,6.5,#,0.026
1311110007,1995,1311110,13,213,01,#,3,#,0.021
1311110009,1995,1311110,13,213,01,#,2.5,#,0.039
1311110022,1995,1311110,13,213,01,#,2.6,#,0.084
1311110024,1995,1311110,13,213,01,#,5.1,#,0.025
1311110026,1995,1311110,13,213,01,#,3.4,#,0.024
1311110028,1995,1311110,13,213,01,#,5.4,#,0.099
1311110030,1995,1311110,13,213,01,#,5.1,#,0.047
1311110032,1995,1311110,13,213,01,#,8.6,#,0.062
1311110045,1995,1311110,13,213,01,#,3.2,#,0.06
1311130001,1995,1311130,13,215,01,#,9.3,#,0.18
1311130003,1995,1311130,13,215,01,#,8.8,#,0.1
1311130005,1995,1311130,13,215,01,#,9.3,#,0.099
1311130007,1995,1311130,13,215,01,#,9.2,#,0.069
1311130009,1995,1311130,13,215,01,#,8,#,0.066
1311130011,1995,1311130,13,215,01,#,8.9,#,0.056
1311130013,1995,1311130,13,215,01,#,8.6,#,0.087
1311130015,1995,1311130,13,215,01,#,9.2,#,0.096
1311130017,1995,1311130,13,215,01,#,8.8,#,0.058
1311130019,1995,1311130,13,215,01,#,9,#,0.13
1311130021,1995,1311130,13,215,01,#,8.4,#,0.24
1311130023,1995,1311130,13,215,01,#,8.5,#,0.24
1311140001,1995,1311140,13,005,54,#,9.1,#,1.1
1311140003,1995,1311140,13,005,54,#,4.7,#,0.25
1311140006,1995,1311140,13,005,54,#,4.1,#,0.26
1311140008,1995,1311140,13,005,54,#,4.3,#,0.27
1311140009,1995,1311140,13,005,54,#,4.6,#,0.32
1311140012,1995,1311140,13,005,54,#,6.4,#,0.49
1311140013,1995,1311140,13,005,54,#,4.9,#,0.59
1311140015,1995,1311140,13,005,54,#,7.1,#,0.99
1311140017,1995,1311140,13,005,54,#,9.9,#,1
1311140020,1995,1311140,13,005,54,#,12,#,1
1311140021,1995,1311140,13,005,54,#,12,#,1.3
1311140023,1995,1311140,13,005,54,#,10,#,0.76
1311160001,1995,1311160,13,216,01,#,2.5,#,0.053
1311160003,1995,1311160,13,216,01,#,2.7,#,0.046
1311160005,1995,1311160,13,216,01,#,2.5,#,0.045
1311160007,1995,1311160,13,216,01,#,2,#,0.052
1311160009,1995,1311160,13,216,01,#,1.8,#,0.08
1311160011,1995,1311160,13,216,01,#,2.4,#,0.1
1311160013,1995,1311160,13,216,01,#,2.6,#,0.049
1311160015,1995,1311160,13,216,01,#,3.4,#,0.083
1311160017,1995,1311160,13,216,01,#,3.5,#,0.092
1311160019,1995,1311160,13,216,01,#,3.7,#,0.1
1311160021,1995,1311160,13,216,01,#,3.6,#,0.098
1311160023,1995,1311160,13,216,01,#,3.5,#,0.089
1311170001,1995,1311170,13,218,01,#,0.7,#,0.017
1311170003,1995,1311170,13,218,01,#,0.59,#,0.016
1311170005,1995,1311170,13,218,01,#,0.57,#,0.02
1311170007,1995,1311170,13,218,01,#,0.57,#,0.027
1311170009,1995,1311170,13,218,01,#,0.57,#,0.019
1311170011,1995,1311170,13,218,01,#,0.79,#,0.023
1311170013,1995,1311170,13,218,01,#,0.78,#,0.019
1311170015,1995,1311170,13,218,01,#,0.56,#,0.019
1311170017,1995,1311170,13,218,01,#,0.61,#,0.015
1311170019,1995,1311170,13,218,01,#,0.5,#,0.017
1311170021,1995,1311170,13,218,01,#,0.54,#,0.017
1311170023,1995,1311170,13,218,01,#,0.62,#,0.018
1311200001,1995,1311200,13,219,01,#,9.3,#,1
1311200003,1995,1311200,13,219,01,#,5.7,#,0.26
1311200006,1995,1311200,13,219,01,#,5.2,#,0.51
1311200008,1995,1311200,13,219,01,#,5,#,0.36
1311200009,1995,1311200,13,219,01,#,4.7,#,0.62
1311200022,1995,1311200,13,219,01,#,5.5,#,0.9
1311200024,1995,1311200,13,219,01,#,5.1,#,0.61
1311200026,1995,1311200,13,219,01,#,7.6,#,0.93
1311200028,1995,1311200,13,219,01,#,11,#,0.97
1311200031,1995,1311200,13,219,01,#,13,#,1.1
1311200032,1995,1311200,13,219,01,#,12,#,1.4
1311200045,1995,1311200,13,219,01,#,11,#,0.9
1311210001,1995,1311210,13,220,01,#,14,#,0.51
1311210002,1995,1311210,13,220,01,#,4.8,#,0.47
1311210003,1995,1311210,13,220,01,#,4,#,0.34
1311210004,1995,1311210,13,220,01,#,3.8,#,0.2
1311210005,1995,1311210,13,220,01,#,4.6,#,0.27
1311210006,1995,1311210,13,220,01,#,4.2,#,0.35
1311210007,1995,1311210,13,220,01,#,4,#,0.3
1311210008,1995,1311210,13,220,01,#,4.6,#,0.35
1311210009,1995,1311210,13,220,01,#,5,#,0.79
1311210010,1995,1311210,13,220,01,#,6.4,#,0.75
1311210011,1995,1311210,13,220,01,#,7.6,#,0.75
1311210012,1995,1311210,13,220,01,#,8.5,#,0.75
1311220001,1995,1311220,13,221,01,#,6.8,#,0.54
1311220002,1995,1311220,13,221,01,#,5.4,#,0.62
1311220003,1995,1311220,13,221,01,#,3.4,#,0.3
1311220004,1995,1311220,13,221,01,#,3.5,#,0.23
1311220005,1995,1311220,13,221,01,#,3.7,#,0.29
1311220006,1995,1311220,13,221,01,#,3.9,#,0.43
1311220007,1995,1311220,13,221,01,#,4.5,#,0.34
1311220008,1995,1311220,13,221,01,#,4.9,#,0.35
1311220009,1995,1311220,13,221,01,#,6.2,#,0.86
1311220010,1995,1311220,13,221,01,#,7.8,#,0.79
1311220011,1995,1311220,13,221,01,#,8,#,0.68
1311220012,1995,1311220,13,221,01,#,15,#,0.69
1311230001,1995,1311230,13,029,51,#,3.7,#,0.11
1311230002,1995,1311230,13,029,51,#,7.6,#,0.11
1311230003,1995,1311230,13,029,51,#,4.6,#,0.18
1311230004,1995,1311230,13,029,51,#,2.1,#,0.073
1311230005,1995,1311230,13,029,51,#,1.3,#,0.046
1311230006,1995,1311230,13,029,51,#,1.5,#,0.1
1311230007,1995,1311230,13,029,51,#,2.2,#,0.064
1311230008,1995,1311230,13,029,51,#,3.9,#,0.12
1311230009,1995,1311230,13,029,51,#,3,#,0.28
1311230010,1995,1311230,13,029,51,#,3.8,#,0.21
1311230011,1995,1311230,13,029,51,#,3.7,#,0.22
1311230012,1995,1311230,13,029,51,#,3.7,#,0.14
1311250001,1995,1311250,13,014,54,#,0.89,#,0.015
1311250005,1995,1311250,13,014,54,#,0.87,#,0.029
1311250009,1995,1311250,13,014,54,#,0.92,#,0.022
1311250013,1995,1311250,13,014,54,#,0.93,#,0.031
1311250017,1995,1311250,13,014,54,#,0.76,#,0.033
1311250021,1995,1311250,13,014,54,#,0.64,#,0.022
1311250025,1995,1311250,13,014,54,#,0.75,#,0.018
1311250029,1995,1311250,13,014,54,#,0.71,#,0.02
1311250033,1995,1311250,13,014,54,#,0.59,#,0.024
1311250037,1995,1311250,13,014,54,#,0.64,#,0.02
1311250041,1995,1311250,13,014,54,#,0.64,#,0.018
1311250045,1995,1311250,13,014,54,#,0.64,#,0.027
1320010001,1995,1320010,13,401,01,#,0.46,#,0.012
1320010002,1995,1320010,13,401,01,#,0.54,#,0.011
1320010003,1995,1320010,13,401,01,#,0.41,#,0.006
1320010004,1995,1320010,13,401,01,#,0.54,#,0.004
1320010005,1995,1320010,13,401,01,#,0.6,#,0.01
1320010006,1995,1320010,13,401,01,#,0.56,#,0.006
1320010007,1995,1320010,13,401,01,#,0.34,#,0.015
1320010008,1995,1320010,13,401,01,#,0.56,#,0.008
1320010009,1995,1320010,13,401,01,#,0.35,#,0.016
1320010010,1995,1320010,13,401,01,#,0.55,#,0.011
1320010011,1995,1320010,13,401,01,#,0.6,#,0.026
1320010012,1995,1320010,13,401,01,#,0.56,#,0.011
1320010013,1995,1320010,13,401,01,#,0.57,#,0.014
1320010014,1995,1320010,13,401,01,#,0.56,#,0.01
1320010015,1995,1320010,13,401,01,#,0.49,<,0.003
1320010016,1995,1320010,13,401,01,#,0.6,#,0.011
1320010017,1995,1320010,13,401,01,#,0.46,#,0.01
1320010018,1995,1320010,13,401,01,#,0.52,#,0.01
1320010019,1995,1320010,13,401,01,#,0.51,#,0.005
1320010020,1995,1320010,13,401,01,#,0.51,#,0.009
1320010021,1995,1320010,13,401,01,#,0.5,#,0.006
1320010022,1995,1320010,13,401,01,#,0.49,#,0.006
1320010023,1995,1320010,13,401,01,#,0.49,#,0.011
1320010024,1995,1320010,13,401,01,#,0.44,#,0.016
1320020001,1995,1320020,13,401,02,#,0.47,#,0.009
1320020002,1995,1320020,13,401,02,#,0.55,#,0.007
1320020003,1995,1320020,13,401,02,#,0.61,#,0.009
1320020004,1995,1320020,13,401,02,#,0.64,#,0.006
1320020005,1995,1320020,13,401,02,#,0.55,<,0.003
1320020006,1995,1320020,13,401,02,#,0.52,#,0.004
1320020007,1995,1320020,13,401,02,#,0.44,#,0.005
1320020008,1995,1320020,13,401,02,#,0.57,#,0.003
1320020009,1995,1320020,13,401,02,#,0.54,#,0.008
1320020010,1995,1320020,13,401,02,#,0.42,#,0.009
1320020011,1995,1320020,13,401,02,#,0.54,#,0.004
1320020012,1995,1320020,13,401,02,#,0.49,#,0.007
1320020013,1995,1320020,13,401,02,#,0.44,#,0.009
1320020014,1995,1320020,13,401,02,#,0.48,#,0.003
1320020015,1995,1320020,13,401,02,#,0.48,#,0.004
1320020016,1995,1320020,13,401,02,#,0.49,#,0.008
1320020017,1995,1320020,13,401,02,#,0.53,#,0.007
1320020018,1995,1320020,13,401,02,#,0.61,#,0.008
1320020019,1995,1320020,13,401,02,#,0.45,#,0.005
1320020020,1995,1320020,13,401,02,#,0.5,#,0.003
1320020021,1995,1320020,13,401,02,#,0.54,#,0.005
1320020022,1995,1320020,13,401,02,#,0.46,<,0.003
1320020023,1995,1320020,13,401,02,#,0.55,<,0.003
1320020024,1995,1320020,13,401,02,#,0.53,#,0.004
1320020025,1995,1320020,13,401,02,#,0.49,#,0.005
1320020026,1995,1320020,13,401,02,#,0.64,#,0.004
1320020027,1995,1320020,13,401,02,#,0.61,#,0.005
1320020028,1995,1320020,13,401,02,#,0.5,#,0.004
1320020029,1995,1320020,13,401,02,#,0.58,#,0.01
1320020030,1995,1320020,13,401,02,#,0.45,#,0.01
1320020031,1995,1320020,13,401,02,#,0.46,#,0.007
1320020032,1995,1320020,13,401,02,#,0.47,#,0.006
1320020033,1995,1320020,13,401,02,#,0.48,#,0.008
1320020034,1995,1320020,13,401,02,#,0.44,#,0.003
1320020035,1995,1320020,13,401,02,#,0.52,#,0.005
1320020036,1995,1320020,13,401,02,#,0.49,#,0.008
1330010001,1995,1330010,13,601,01,#,3.5,#,0.27
1330010002,1995,1330010,13,601,01,#,1.3,#,0.11
1330010004,1995,1330010,13,601,01,#,3.8,#,0.34
1330010005,1995,1330010,13,601,01,#,1.1,#,0.1
1330010007,1995,1330010,13,601,01,#,4.2,#,0.34
1330010008,1995,1330010,13,601,01,#,1.5,#,0.14
1330010010,1995,1330010,13,601,01,#,4.1,#,0.34
1330010011,1995,1330010,13,601,01,#,1,#,0.11
1330010012,1995,1330010,13,601,01,#,2.9,#,0.24
1330010013,1995,1330010,13,601,01,#,1.2,#,0.13
1330010015,1995,1330010,13,601,01,#,4.1,#,0.35
1330010016,1995,1330010,13,601,01,#,1.7,#,0.2
1330010017,1995,1330010,13,601,01,#,3.9,#,0.38
1330010018,1995,1330010,13,601,01,#,1.1,#,0.13
1330010020,1995,1330010,13,601,01,#,2,#,0.19
1330010021,1995,1330010,13,601,01,#,1,#,0.098
1330010023,1995,1330010,13,601,01,#,2.5,#,0.16
1330010024,1995,1330010,13,601,01,#,1.2,#,0.094
1330010026,1995,1330010,13,601,01,#,2.6,#,0.14
1330010027,1995,1330010,13,601,01,#,1.5,#,0.092
1330010028,1995,1330010,13,601,01,#,2.8,#,0.18
1330010029,1995,1330010,13,601,01,#,1.4,#,0.073
1330010031,1995,1330010,13,601,01,#,1.7,#,0.093
1330010032,1995,1330010,13,601,01,#,1.5,#,0.09
1330020001,1995,1330020,13,601,02,#,2.4,#,0.15
1330020002,1995,1330020,13,601,02,#,1.2,#,0.12
1330020004,1995,1330020,13,601,02,#,3.1,#,0.26
1330020005,1995,1330020,13,601,02,#,1,#,0.13
1330020007,1995,1330020,13,601,02,#,2.6,#,0.19
1330020008,1995,1330020,13,601,02,#,1.4,#,0.13
1330020010,1995,1330020,13,601,02,#,3.9,#,0.35
1330020011,1995,1330020,13,601,02,#,0.82,#,0.079
1330020012,1995,1330020,13,601,02,#,2.2,#,0.18
1330020013,1995,1330020,13,601,02,#,0.95,#,0.18
1330020015,1995,1330020,13,601,02,#,3,#,0.27
1330020016,1995,1330020,13,601,02,#,1.1,#,0.17
1330020017,1995,1330020,13,601,02,#,2.7,#,0.22
1330020018,1995,1330020,13,601,02,#,1.1,#,0.13
1330020020,1995,1330020,13,601,02,#,1.6,#,0.14
1330020021,1995,1330020,13,601,02,#,1.4,#,0.11
1330020023,1995,1330020,13,601,02,#,1.6,#,0.11
1330020024,1995,1330020,13,601,02,#,1.1,#,0.095
1330020026,1995,1330020,13,601,02,#,1.8,#,0.11
1330020027,1995,1330020,13,601,02,#,1.5,#,0.095
1330020028,1995,1330020,13,601,02,#,2.2,#,0.12
1330020029,1995,1330020,13,601,02,#,1.2,#,0.095
1330020031,1995,1330020,13,601,02,#,1.7,#,0.098
1330020032,1995,1330020,13,601,02,#,1.7,#,0.096
1330030001,1995,1330030,13,601,03,#,3.2,#,0.2
1330030002,1995,1330030,13,601,03,#,1.1,#,0.084
1330030004,1995,1330030,13,601,03,#,3.6,#,0.34
1330030005,1995,1330030,13,601,03,#,0.84,#,0.09
1330030007,1995,1330030,13,601,03,#,3.4,#,0.28
1330030008,1995,1330030,13,601,03,#,1.3,#,0.22
1330030010,1995,1330030,13,601,03,#,4.1,#,0.34
1330030011,1995,1330030,13,601,03,#,0.79,#,0.087
1330030012,1995,1330030,13,601,03,#,3.3,#,0.28
1330030013,1995,1330030,13,601,03,#,0.94,#,0.2
1330030015,1995,1330030,13,601,03,#,3.6,#,0.32
1330030016,1995,1330030,13,601,03,#,1.4,#,0.16
1330030017,1995,1330030,13,601,03,#,4.4,#,0.33
1330030018,1995,1330030,13,601,03,#,0.94,#,0.12
1330030020,1995,1330030,13,601,03,#,1.8,#,0.18
1330030021,1995,1330030,13,601,03,#,1.1,#,0.11
1330030023,1995,1330030,13,601,03,#,1.6,#,0.11
1330030024,1995,1330030,13,601,03,#,1.2,#,0.095
1330030026,1995,1330030,13,601,03,#,1.9,#,0.11
1330030027,1995,1330030,13,601,03,#,1.2,#,0.08
1330030028,1995,1330030,13,601,03,#,3,#,0.17
1330030029,1995,1330030,13,601,03,#,1.2,#,0.068
1330030031,1995,1330030,13,601,03,#,1.8,#,0.1
1330030032,1995,1330030,13,601,03,#,1.7,#,0.1
1330040001,1995,1330040,13,601,04,#,4.1,#,0.3
1330040002,1995,1330040,13,601,04,#,1.8,#,0.12
1330040004,1995,1330040,13,601,04,#,3.9,#,0.29
1330040005,1995,1330040,13,601,04,#,1.9,#,0.13
1330040007,1995,1330040,13,601,04,#,3.7,#,0.23
1330040008,1995,1330040,13,601,04,#,2,#,0.14
1330040010,1995,1330040,13,601,04,#,4.5,#,0.48
1330040011,1995,1330040,13,601,04,#,1.1,#,0.1
1330040012,1995,1330040,13,601,04,#,2.3,#,0.2
1330040013,1995,1330040,13,601,04,#,1.9,#,0.16
1330040015,1995,1330040,13,601,04,#,4.2,#,0.31
1330040016,1995,1330040,13,601,04,#,1.6,#,0.14
1330040017,1995,1330040,13,601,04,#,4.5,#,0.26
1330040018,1995,1330040,13,601,04,#,2.3,#,0.16
1330040020,1995,1330040,13,601,04,#,3.9,#,0.32
1330040021,1995,1330040,13,601,04,#,1.5,#,0.12
1330040023,1995,1330040,13,601,04,#,2.6,#,0.18
1330040024,1995,1330040,13,601,04,#,1.4,#,0.1
1330040026,1995,1330040,13,601,04,#,2.2,#,0.12
1330040027,1995,1330040,13,601,04,#,2.1,#,0.11
1330040028,1995,1330040,13,601,04,#,4.2,#,0.25
1330040029,1995,1330040,13,601,04,#,2.8,#,0.1
1330040031,1995,1330040,13,601,04,#,1.7,#,0.095
1330040032,1995,1330040,13,601,04,#,1.7,#,0.092
1330050001,1995,1330050,13,601,51,#,2.9,#,0.19
1330050002,1995,1330050,13,601,51,#,1.2,#,0.13
1330050003,1995,1330050,13,601,51,#,3.8,#,0.24
1330050004,1995,1330050,13,601,51,#,3.3,#,0.2
1330060001,1995,1330060,13,601,52,#,5.9,#,0.6
1330060002,1995,1330060,13,601,52,#,1.2,#,0.15
1330060003,1995,1330060,13,601,52,#,3.2,#,0.17
1330060004,1995,1330060,13,601,52,#,1.5,#,0.094
1330070001,1995,1330070,13,601,53,#,3.9,#,0.44
1330070002,1995,1330070,13,601,53,#,1.3,#,0.11
1330070003,1995,1330070,13,601,53,#,2.1,#,0.12
1330070004,1995,1330070,13,601,53,#,1.9,#,0.11
1330080001,1995,1330080,13,601,54,#,2.8,#,0.18
1330080002,1995,1330080,13,601,54,#,1.4,#,0.14
1330080003,1995,1330080,13,601,54,#,1.9,#,0.12
1330080004,1995,1330080,13,601,54,#,1.9,#,0.13
1330090001,1995,1330090,13,601,55,#,3.3,#,0.31
1330090002,1995,1330090,13,601,55,#,0.76,#,0.068
1330090003,1995,1330090,13,601,55,#,1.8,#,0.11
1330090004,1995,1330090,13,601,55,#,1.3,#,0.083
1330110001,1995,1330110,13,601,57,#,2.9,#,0.18
1330110002,1995,1330110,13,601,57,#,2.1,#,0.2
1330110003,1995,1330110,13,601,57,#,3.1,#,0.19
1330110004,1995,1330110,13,601,57,#,2.6,#,0.16
1330120001,1995,1330120,13,601,58,#,8.7,#,0.54
1330120003,1995,1330120,13,601,58,#,5.9,#,0.31
1330130001,1995,1330130,13,601,59,#,13,#,0.62
1330130003,1995,1330130,13,601,59,#,9.9,#,0.59
1330130005,1995,1330130,13,601,59,#,12,#,0.68
1330130007,1995,1330130,13,601,59,#,10,#,0.59
1330130009,1995,1330130,13,601,59,#,13,#,1
1330130011,1995,1330130,13,601,59,#,12,#,0.54
1330130013,1995,1330130,13,601,59,#,13,#,0.44
1330130015,1995,1330130,13,601,59,#,8.6,#,0.35
1330130017,1995,1330130,13,601,59,#,17,#,0.77
1330130019,1995,1330130,13,601,59,#,10,#,0.59
1330130021,1995,1330130,13,601,59,#,15,#,0.93
1330130023,1995,1330130,13,601,59,#,17,#,0.96
1330140001,1995,1330140,13,601,60,#,8,#,0.54
1330140003,1995,1330140,13,601,60,#,4.3,#,0.21
1330150001,1995,1330150,13,601,61,#,7.8,#,0.43
1330150003,1995,1330150,13,601,61,#,8.1,#,0.39
1330150005,1995,1330150,13,601,61,#,9.8,#,0.55
1330150007,1995,1330150,13,601,61,#,6.4,#,0.41
1330150009,1995,1330150,13,601,61,#,8.4,#,0.6
1330150011,1995,1330150,13,601,61,#,9.2,#,0.54
1330150013,1995,1330150,13,601,61,#,12,#,0.43
1330150015,1995,1330150,13,601,61,#,4,#,0.21
1330150017,1995,1330150,13,601,61,#,12,#,0.52
1330150019,1995,1330150,13,601,61,#,5.4,#,0.29
1330150021,1995,1330150,13,601,61,#,12,#,0.68
1330150023,1995,1330150,13,601,61,#,12,#,0.65
1330160001,1995,1330160,13,601,62,#,3.4,#,0.19
1330160003,1995,1330160,13,601,62,#,2.2,#,0.2
1330170001,1995,1330170,13,601,63,#,5.4,#,0.32
1330170003,1995,1330170,13,601,63,#,4.5,#,0.24
1330180001,1995,1330180,13,601,64,#,5.2,#,0.34
1330180003,1995,1330180,13,601,64,#,6.6,#,0.36
1330180005,1995,1330180,13,601,64,#,5.3,#,0.37
1330180007,1995,1330180,13,601,64,#,7.4,#,0.47
1330180009,1995,1330180,13,601,64,#,6.6,#,0.56
1330180011,1995,1330180,13,601,64,#,3.4,#,0.27
1330180013,1995,1330180,13,601,64,#,4.4,#,0.3
1330180015,1995,1330180,13,601,64,#,2.7,#,0.18
1330180017,1995,1330180,13,601,64,#,3.8,#,0.19
1330180019,1995,1330180,13,601,64,#,4.2,#,0.22
1330180021,1995,1330180,13,601,64,#,4.3,#,0.21
1330180023,1995,1330180,13,601,64,#,4.1,#,0.2
1330190001,1995,1330190,13,601,65,#,7,#,0.46
1330190003,1995,1330190,13,601,65,#,4.1,#,0.21
1330200001,1995,1330200,13,601,66,#,7.2,#,0.5
1330200003,1995,1330200,13,601,66,#,3.8,#,0.19
1330210001,1995,1330210,13,601,67,#,5.2,#,0.28
1330210003,1995,1330210,13,601,67,#,3.6,#,0.18
1330220001,1995,1330220,13,601,68,#,4.9,#,0.33
1330220003,1995,1330220,13,601,68,#,3.6,#,0.18
1330230001,1995,1330230,13,601,69,#,4.3,#,0.31
1330230003,1995,1330230,13,601,69,#,5.3,#,0.33
1330230005,1995,1330230,13,601,69,#,4.8,#,0.3
1330230007,1995,1330230,13,601,69,#,5,#,0.3
1330230009,1995,1330230,13,601,69,#,5.2,#,0.45
1330230011,1995,1330230,13,601,69,#,3.3,#,0.18
1330230013,1995,1330230,13,601,69,#,3.9,#,0.32
1330230015,1995,1330230,13,601,69,#,2.6,#,0.18
1330230017,1995,1330230,13,601,69,#,5.1,#,0.2
1330230019,1995,1330230,13,601,69,#,4.4,#,0.2
1330230021,1995,1330230,13,601,69,#,4,#,0.2
1330230023,1995,1330230,13,601,69,#,4.4,#,0.22
1330240001,1995,1330240,13,601,70,#,5.7,#,0.34
1330240003,1995,1330240,13,601,70,#,4.3,#,0.27
1330240005,1995,1330240,13,601,70,#,5.9,#,0.38
1330240007,1995,1330240,13,601,70,#,6.9,#,0.5
1330240009,1995,1330240,13,601,70,#,7.3,#,0.53
1330240011,1995,1330240,13,601,70,#,3,#,0.24
1330240013,1995,1330240,13,601,70,#,4.7,#,0.25
1330240015,1995,1330240,13,601,70,#,2.1,#,0.13
1330240017,1995,1330240,13,601,70,#,2.6,#,0.12
1330240019,1995,1330240,13,601,70,#,3.4,#,0.17
1330240021,1995,1330240,13,601,70,#,6,#,0.31
1330240023,1995,1330240,13,601,70,#,4.5,#,0.2
1330250001,1995,1330250,13,601,71,#,4.3,#,0.3
1330250003,1995,1330250,13,601,71,#,3.1,#,0.16
1330260001,1995,1330260,13,601,72,#,3.1,#,0.2
1330260003,1995,1330260,13,601,72,#,3.3,#,0.21
1330260005,1995,1330260,13,601,72,#,3.1,#,0.22
1330260007,1995,1330260,13,601,72,#,3.5,#,0.28
1330260009,1995,1330260,13,601,72,#,3.3,#,0.35
1330260011,1995,1330260,13,601,72,#,2.7,#,0.24
1330260013,1995,1330260,13,601,72,#,2.3,#,0.17
1330260015,1995,1330260,13,601,72,#,1.7,#,0.13
1330260017,1995,1330260,13,601,72,#,2.2,#,0.11
1330260019,1995,1330260,13,601,72,#,3,#,0.14
1330260021,1995,1330260,13,601,72,#,2.7,#,0.11
1330260023,1995,1330260,13,601,72,#,2.5,#,0.11
1330270001,1995,1330270,13,601,73,#,9.2,#,1.3
1330270003,1995,1330270,13,601,73,#,16,#,1.4
1330280001,1995,1330280,13,601,74,#,15,#,1
1330280003,1995,1330280,13,601,74,#,9.6,#,0.73
1330280005,1995,1330280,13,601,74,#,10,#,0.85
1330280007,1995,1330280,13,601,74,#,9.3,#,1.5
1330280009,1995,1330280,13,601,74,#,10,#,1.5
1330280011,1995,1330280,13,601,74,#,7.8,#,1.1
1330280013,1995,1330280,13,601,74,#,12,#,0.69
1330280015,1995,1330280,13,601,74,#,10,#,0.54
1330280017,1995,1330280,13,601,74,#,15,#,0.86
1330280019,1995,1330280,13,601,74,#,14,#,1.4
1330280021,1995,1330280,13,601,74,#,17,#,1.5
1330280023,1995,1330280,13,601,74,#,12,#,1
1330290001,1995,1330290,13,601,75,#,8.1,#,0.49
1330290003,1995,1330290,13,601,75,#,5.5,#,0.42
1330290005,1995,1330290,13,601,75,#,7.9,#,0.7
1330290007,1995,1330290,13,601,75,#,6.8,#,0.7
1330290009,1995,1330290,13,601,75,#,5.3,#,0.6
1330290011,1995,1330290,13,601,75,#,4.3,#,0.53
1330290013,1995,1330290,13,601,75,#,4.8,#,0.38
1330290015,1995,1330290,13,601,75,#,3.3,#,0.27
1330290017,1995,1330290,13,601,75,#,4.3,#,0.23
1330290019,1995,1330290,13,601,75,#,5.7,#,0.41
1330290021,1995,1330290,13,601,75,#,6.2,#,0.45
1330290023,1995,1330290,13,601,75,#,4.3,#,0.28
1330300001,1995,1330300,13,601,76,#,17,#,0.84
1330300003,1995,1330300,13,601,76,#,18,#,0.8
1330300005,1995,1330300,13,601,76,#,18,#,1.3
1330300007,1995,1330300,13,601,76,#,13,#,0.94
1330300009,1995,1330300,13,601,76,#,14,#,1.1
1330300011,1995,1330300,13,601,76,#,13,#,1.1
1330300013,1995,1330300,13,601,76,#,15,#,0.72
1330300015,1995,1330300,13,601,76,#,10,#,0.72
1330300017,1995,1330300,13,601,76,#,14,#,0.64
1330300019,1995,1330300,13,601,76,#,18,#,1.2
1330300021,1995,1330300,13,601,76,#,19,#,1
1330300023,1995,1330300,13,601,76,#,20,#,1.2
1330310001,1995,1330310,13,601,77,#,12,#,1
1330310003,1995,1330310,13,601,77,#,16,#,1.3
1330320001,1995,1330320,13,601,78,#,7.8,#,0.5
1330320003,1995,1330320,13,601,78,#,5.3,#,0.37
1330320005,1995,1330320,13,601,78,#,4.5,#,0.31
1330320007,1995,1330320,13,601,78,#,3.9,#,0.24
1330320009,1995,1330320,13,601,78,#,3.9,#,0.43
1330320011,1995,1330320,13,601,78,#,4.3,#,0.49
1330320013,1995,1330320,13,601,78,#,3.9,#,0.33
1330320015,1995,1330320,13,601,78,#,2.6,#,0.19
1330320017,1995,1330320,13,601,78,#,2.4,#,0.14
1330320019,1995,1330320,13,601,78,#,3.8,#,0.15
1330320021,1995,1330320,13,601,78,#,3.9,#,0.2
1330320023,1995,1330320,13,601,78,#,4,#,0.2
1330330001,1995,1330330,13,601,79,#,5.7,#,0.36
1330330003,1995,1330330,13,601,79,#,4.4,#,0.23
1330340001,1995,1330340,13,601,80,#,11,#,0.95
1330340003,1995,1330340,13,601,80,#,10,#,0.62
1330340005,1995,1330340,13,601,80,#,9.6,#,0.65
1330340007,1995,1330340,13,601,80,#,5.9,#,0.28
1330340009,1995,1330340,13,601,80,#,4.3,#,0.47
1330340011,1995,1330340,13,601,80,#,5.4,#,0.54
1330340013,1995,1330340,13,601,80,#,8.3,#,0.6
1330340015,1995,1330340,13,601,80,#,2.7,#,0.18
1330340017,1995,1330340,13,601,80,#,5.9,#,0.35
1330340019,1995,1330340,13,601,80,#,8.9,#,0.37
1330340021,1995,1330340,13,601,80,#,12,#,0.38
1330340023,1995,1330340,13,601,80,#,3,#,0.14
1330350001,1995,1330350,13,601,81,#,8.8,#,0.62
1330350003,1995,1330350,13,601,81,#,8.5,#,0.67
1330350005,1995,1330350,13,601,81,#,9.5,#,0.79
1330350007,1995,1330350,13,601,81,#,8.6,#,0.64
1330350009,1995,1330350,13,601,81,#,5.3,#,0.72
1330350011,1995,1330350,13,601,81,#,4.9,#,0.32
1330350013,1995,1330350,13,601,81,#,8.2,#,0.73
1330350015,1995,1330350,13,601,81,#,8.4,#,0.69
1330350017,1995,1330350,13,601,81,#,10,#,0.83
1330350019,1995,1330350,13,601,81,#,11,#,0.64
1330350021,1995,1330350,13,601,81,#,11,#,0.55
1330350023,1995,1330350,13,601,81,#,10,#,0.61
1330370001,1995,1330370,13,602,01,#,3,#,0.18
1330370002,1995,1330370,13,602,01,#,1.3,#,0.091
1330370004,1995,1330370,13,602,01,#,2.5,#,0.16
1330370005,1995,1330370,13,602,01,#,1,#,0.076
1330370007,1995,1330370,13,602,01,#,2.2,#,0.16
1330370008,1995,1330370,13,602,01,#,1.3,#,0.1
1330370010,1995,1330370,13,602,01,#,2.6,#,0.16
1330370011,1995,1330370,13,602,01,#,0.61,#,0.048
1330370012,1995,1330370,13,602,01,#,2.1,#,0.17
1330370013,1995,1330370,13,602,01,#,1.1,#,0.088
1330370015,1995,1330370,13,602,01,#,3.3,#,0.27
1330370016,1995,1330370,13,602,01,#,0.96,#,0.1
1330370017,1995,1330370,13,602,01,#,3.4,#,0.25
1330370018,1995,1330370,13,602,01,#,1.4,#,0.12
1330370020,1995,1330370,13,602,01,#,2.3,#,0.19
1330370021,1995,1330370,13,602,01,#,1.4,#,0.14
1330370023,1995,1330370,13,602,01,#,1.5,#,0.11
1330370024,1995,1330370,13,602,01,#,0.97,#,0.091
1330370026,1995,1330370,13,602,01,#,2,#,0.14
1330370027,1995,1330370,13,602,01,#,1.4,#,0.096
1330370028,1995,1330370,13,602,01,#,3.1,#,0.19
1330370029,1995,1330370,13,602,01,#,1.3,#,0.063
1330370031,1995,1330370,13,602,01,#,1.1,#,0.068
1330370032,1995,1330370,13,602,01,#,1,#,0.068
1330380001,1995,1330380,13,602,51,#,2.4,#,0.11
1330380002,1995,1330380,13,602,51,#,0.74,#,0.08
1330380003,1995,1330380,13,602,51,#,2.1,#,0.12
1330380004,1995,1330380,13,602,51,#,1.4,#,0.088
1330390001,1995,1330390,13,602,52,#,2.3,#,0.15
1330390002,1995,1330390,13,602,52,#,0.76,#,0.052
1330390003,1995,1330390,13,602,52,#,1.3,#,0.084
1330390004,1995,1330390,13,602,52,#,1.2,#,0.076
1330400001,1995,1330400,13,602,53,#,2.7,#,0.22
1330400002,1995,1330400,13,602,53,#,0.87,#,0.091
1330400003,1995,1330400,13,602,53,#,2,#,0.13
1330400004,1995,1330400,13,602,53,#,1.7,#,0.099
1330410001,1995,1330410,13,602,55,#,3.9,#,0.35
1330410002,1995,1330410,13,602,55,#,0.58,#,0.072
1330410003,1995,1330410,13,602,55,#,2.2,#,0.12
1330410004,1995,1330410,13,602,55,#,1.6,#,0.095
1330420001,1995,1330420,13,602,56,#,2.7,#,0.17
1330420002,1995,1330420,13,602,56,#,0.69,#,0.15
1330420003,1995,1330420,13,602,56,#,1.4,#,0.09
1330420004,1995,1330420,13,602,56,#,1,#,0.076
1330440001,1995,1330440,13,603,01,#,1.3,#,0.089
1330440002,1995,1330440,13,603,01,#,0.96,#,0.077
1330440004,1995,1330440,13,603,01,#,2.1,#,0.12
1330440005,1995,1330440,13,603,01,#,0.87,#,0.094
1330440007,1995,1330440,13,603,01,#,1.6,#,0.11
1330440008,1995,1330440,13,603,01,#,0.97,#,0.1
1330440010,1995,1330440,13,603,01,#,1.1,#,0.072
1330440011,1995,1330440,13,603,01,#,0.61,#,0.043
1330440012,1995,1330440,13,603,01,#,1.8,#,0.13
1330440013,1995,1330440,13,603,01,#,0.85,#,0.15
1330440015,1995,1330440,13,603,01,#,1.4,#,0.13
1330440016,1995,1330440,13,603,01,#,0.87,#,0.18
1330440017,1995,1330440,13,603,01,#,3.1,#,0.22
1330440018,1995,1330440,13,603,01,#,0.87,#,0.15
1330440020,1995,1330440,13,603,01,#,1.1,#,0.094
1330440021,1995,1330440,13,603,01,#,0.93,#,0.078
1330440023,1995,1330440,13,603,01,#,1.1,#,0.081
1330440024,1995,1330440,13,603,01,#,0.82,#,0.074
1330440026,1995,1330440,13,603,01,#,1.8,#,0.1
1330440027,1995,1330440,13,603,01,#,1.2,#,0.076
1330440028,1995,1330440,13,603,01,#,1.3,#,0.055
1330440029,1995,1330440,13,603,01,#,1,#,0.058
1330440031,1995,1330440,13,603,01,#,1.2,#,0.068
1330440032,1995,1330440,13,603,01,#,0.96,#,0.049
1330450001,1995,1330450,13,603,02,#,1.9,#,0.11
1330450002,1995,1330450,13,603,02,#,0.88,#,0.091
1330450004,1995,1330450,13,603,02,#,2.6,#,0.17
1330450005,1995,1330450,13,603,02,#,0.8,#,0.074
1330450007,1995,1330450,13,603,02,#,2,#,0.16
1330450008,1995,1330450,13,603,02,#,0.88,#,0.11
1330450010,1995,1330450,13,603,02,#,3.1,#,0.25
1330450011,1995,1330450,13,603,02,#,0.66,#,0.15
1330450012,1995,1330450,13,603,02,#,1.8,#,0.15
1330450013,1995,1330450,13,603,02,#,0.86,#,0.17
1330450015,1995,1330450,13,603,02,#,2.5,#,0.2
1330450016,1995,1330450,13,603,02,#,0.74,#,0.12
1330450017,1995,1330450,13,603,02,#,3.3,#,0.19
1330450018,1995,1330450,13,603,02,#,0.77,#,0.1
1330450020,1995,1330450,13,603,02,#,1.5,#,0.12
1330450021,1995,1330450,13,603,02,#,0.64,#,0.066
1330450023,1995,1330450,13,603,02,#,2.4,#,0.17
1330450024,1995,1330450,13,603,02,#,0.86,#,0.07
1330450026,1995,1330450,13,603,02,#,1.4,#,0.088
1330450027,1995,1330450,13,603,02,#,1,#,0.075
1330450028,1995,1330450,13,603,02,#,2.5,#,0.13
1330450029,1995,1330450,13,603,02,#,1,#,0.054
1330450031,1995,1330450,13,603,02,#,1.3,#,0.068
1330450032,1995,1330450,13,603,02,#,0.95,#,0.05
1330460001,1995,1330460,13,603,51,#,2.7,#,0.18
1330460002,1995,1330460,13,603,51,#,0.49,#,0.052
1330460003,1995,1330460,13,603,51,#,1.8,#,0.1
1330460004,1995,1330460,13,603,51,#,1.1,#,0.073
1330470001,1995,1330470,13,603,52,#,2.8,#,0.21
1330470002,1995,1330470,13,603,52,#,0.61,#,0.065
1330470003,1995,1330470,13,603,52,#,1.4,#,0.089
1330470004,1995,1330470,13,603,52,#,1.2,#,0.075
1330480001,1995,1330480,13,603,53,#,2.3,#,0.11
1330480002,1995,1330480,13,603,53,#,0.61,#,0.041
1330480003,1995,1330480,13,603,53,#,1.4,#,0.088
1330480004,1995,1330480,13,603,53,#,1.2,#,0.075
1330490001,1995,1330490,13,603,54,#,3.6,#,0.34
1330490002,1995,1330490,13,603,54,#,0.54,#,0.088
1330490003,1995,1330490,13,603,54,#,1.5,#,0.089
1330490004,1995,1330490,13,603,54,#,1.1,#,0.077
1330500001,1995,1330500,13,603,55,#,3,#,0.22
1330500002,1995,1330500,13,603,55,#,0.52,#,0.077
1330500003,1995,1330500,13,603,55,#,1.7,#,0.1
1330500004,1995,1330500,13,603,55,#,1.2,#,0.075
1330510001,1995,1330510,13,603,56,#,1.6,#,0.14
1330510002,1995,1330510,13,603,56,#,0.49,#,0.043
1330510003,1995,1330510,13,603,56,#,1.7,#,0.1
1330510004,1995,1330510,13,603,56,#,1.1,#,0.072
1330520001,1995,1330520,13,603,57,#,3.2,#,0.25
1330520002,1995,1330520,13,603,57,#,0.58,#,0.081
1330520003,1995,1330520,13,603,57,#,1.7,#,0.1
1330520004,1995,1330520,13,603,57,#,1.2,#,0.074
1330530001,1995,1330530,13,603,58,#,2.8,#,0.2
1330530002,1995,1330530,13,603,58,#,0.5,#,0.079
1330530003,1995,1330530,13,603,58,#,1.8,#,0.1
1330530004,1995,1330530,13,603,58,#,1.1,#,0.071
1330540001,1995,1330540,13,603,59,#,1,#,0.09
1330540002,1995,1330540,13,603,59,#,0.47,#,0.05
1330540003,1995,1330540,13,603,59,#,1.7,#,0.1
1330540004,1995,1330540,13,603,59,#,1.1,#,0.069
1330560001,1995,1330560,13,603,61,#,2.9,#,0.22
1330560002,1995,1330560,13,603,61,#,0.7,#,0.18
1330560003,1995,1330560,13,603,61,#,1.3,#,0.09
1330560004,1995,1330560,13,603,61,#,0.98,#,0.071
1330570001,1995,1330570,13,603,62,#,1.7,#,0.15
1330570002,1995,1330570,13,603,62,#,0.52,#,0.053
1330570003,1995,1330570,13,603,62,#,1.1,#,0.068
1330570004,1995,1330570,13,603,62,#,1.1,#,0.074
1330580001,1995,1330580,13,603,63,#,2.9,#,0.2
1330580002,1995,1330580,13,603,63,#,0.63,#,0.1
1330580003,1995,1330580,13,603,63,#,1.3,#,0.091
1330580004,1995,1330580,13,603,63,#,0.95,#,0.068
1330590001,1995,1330590,13,603,64,#,1.2,#,0.094
1330590002,1995,1330590,13,603,64,#,0.36,#,0.052
1330590003,1995,1330590,13,603,64,#,1,#,0.07
1330590004,1995,1330590,13,603,64,#,0.95,#,0.065
1330600001,1995,1330600,13,604,01,#,1.1,#,0.072
1330600002,1995,1330600,13,604,01,#,0.93,#,0.064
1330600004,1995,1330600,13,604,01,#,1.7,#,0.11
1330600005,1995,1330600,13,604,01,#,0.66,#,0.064
1330600007,1995,1330600,13,604,01,#,1.4,#,0.1
1330600008,1995,1330600,13,604,01,#,0.76,#,0.14
1330600010,1995,1330600,13,604,01,#,1,#,0.07
1330600011,1995,1330600,13,604,01,#,0.31,#,0.042
1330600012,1995,1330600,13,604,01,#,0.96,#,0.063
1330600013,1995,1330600,13,604,01,#,0.52,#,0.098
1330600015,1995,1330600,13,604,01,#,1.1,#,0.12
1330600016,1995,1330600,13,604,01,#,0.48,#,0.11
1330600017,1995,1330600,13,604,01,#,1.1,#,0.084
1330600018,1995,1330600,13,604,01,#,0.54,#,0.063
1330600020,1995,1330600,13,604,01,#,0.68,#,0.066
1330600021,1995,1330600,13,604,01,#,0.56,#,0.058
1330600023,1995,1330600,13,604,01,#,1.1,#,0.086
1330600024,1995,1330600,13,604,01,#,0.72,#,0.064
1330600026,1995,1330600,13,604,01,#,1,#,0.071
1330600027,1995,1330600,13,604,01,#,1,#,0.067
1330600028,1995,1330600,13,604,01,#,1.1,#,0.057
1330600029,1995,1330600,13,604,01,#,1,#,0.054
1330600031,1995,1330600,13,604,01,#,1.1,#,0.059
1330600032,1995,1330600,13,604,01,#,1,#,0.049
