レコードID,測定年度,絶対番号,都道府県コード,水域コード,地点コード,全窒素_C,全窒素(mg/l),全燐_C,全燐(mg/l)
1210010001,1986,1210010,12,001,01,#,1.5,#,0.16
1210010004,1986,1210010,12,001,01,#,1.6,#,0.1
1210010007,1986,1210010,12,001,01,#,1.7,#,0.12
1210010010,1986,1210010,12,001,01,#,2.7,#,0.21
1210010013,1986,1210010,12,001,01,#,3.4,#,0.06
1210010016,1986,1210010,12,001,01,#,3.2,#,0.07
1210010019,1986,1210010,12,001,01,#,2.8,#,0.1
1210010022,1986,1210010,12,001,01,#,3.4,#,0.11
1210010025,1986,1210010,12,001,01,#,3.1,#,0.12
1210010028,1986,1210010,12,001,01,#,3.6,#,0.1
1210010031,1986,1210010,12,001,01,#,3.6,#,0.13
1210010034,1986,1210010,12,001,01,#,2.2,#,0.14
1210020001,1986,1210020,12,001,02,#,1.5,#,0.13
1210020004,1986,1210020,12,001,02,#,1.6,#,0.08
1210020007,1986,1210020,12,001,02,#,1.9,#,0.1
1210020010,1986,1210020,12,001,02,#,2.4,#,0.36
1210020013,1986,1210020,12,001,02,#,3.7,#,0.06
1210020016,1986,1210020,12,001,02,#,3.2,#,0.06
1210020019,1986,1210020,12,001,02,#,2.8,#,0.13
1210020022,1986,1210020,12,001,02,#,3.4,#,0.11
1210020025,1986,1210020,12,001,02,#,3.4,#,0.18
1210020028,1986,1210020,12,001,02,#,3.8,#,0.11
1210020031,1986,1210020,12,001,02,#,3.6,#,0.14
1210020034,1986,1210020,12,001,02,#,2.5,#,0.16
1210030001,1986,1210030,12,001,51,#,1.2,#,0.09
1210030003,1986,1210030,12,001,51,#,1.4,#,0.05
1210030005,1986,1210030,12,001,51,#,1.5,#,0.06
1210030007,1986,1210030,12,001,51,#,2.3,#,0.15
1210030009,1986,1210030,12,001,51,#,3.5,#,0.05
1210030011,1986,1210030,12,001,51,#,2.8,#,0.05
1210030013,1986,1210030,12,001,51,#,2.7,#,0.07
1210030015,1986,1210030,12,001,51,#,3.2,#,0.07
1210030017,1986,1210030,12,001,51,#,2.9,#,0.1
1210030019,1986,1210030,12,001,51,#,3.3,#,0.06
1210030021,1986,1210030,12,001,51,#,3,#,0.1
1210030023,1986,1210030,12,001,51,#,1.8,#,0.11
1210040001,1986,1210040,12,001,52,#,1.3,#,0.1
1210040003,1986,1210040,12,001,52,#,1.5,#,0.07
1210040005,1986,1210040,12,001,52,#,1.7,#,0.08
1210040007,1986,1210040,12,001,52,#,2.5,#,0.18
1210040009,1986,1210040,12,001,52,#,3.4,#,0.07
1210040011,1986,1210040,12,001,52,#,2.9,#,0.05
1210040013,1986,1210040,12,001,52,#,2.7,#,0.1
1210040015,1986,1210040,12,001,52,#,3.3,#,0.06
1210040017,1986,1210040,12,001,52,#,3.1,#,0.11
1210040019,1986,1210040,12,001,52,#,3.4,#,0.06
1210040021,1986,1210040,12,001,52,#,3,#,0.11
1210040023,1986,1210040,12,001,52,#,1.9,#,0.12
1210050001,1986,1210050,12,001,53,#,1.4,#,0.11
1210050004,1986,1210050,12,001,53,#,1.5,#,0.08
1210050007,1986,1210050,12,001,53,#,2,#,0.17
1210050010,1986,1210050,12,001,53,#,3.3,#,0.33
1210050013,1986,1210050,12,001,53,#,3.6,#,0.07
1210050016,1986,1210050,12,001,53,#,3.1,#,0.06
1210050019,1986,1210050,12,001,53,#,2.6,#,0.09
1210050022,1986,1210050,12,001,53,#,3.6,#,0.12
1210050025,1986,1210050,12,001,53,#,3.3,#,0.15
1210050028,1986,1210050,12,001,53,#,3.8,#,0.11
1210050031,1986,1210050,12,001,53,#,3.7,#,0.16
1210050034,1986,1210050,12,001,53,#,2.5,#,0.17
1210060001,1986,1210060,12,002,01,#,1.7,#,0.13
1210060004,1986,1210060,12,002,01,#,1.9,#,0.14
1210060007,1986,1210060,12,002,01,#,1.9,#,0.15
1210060010,1986,1210060,12,002,01,#,2.4,#,0.11
1210060013,1986,1210060,12,002,01,#,3.8,#,0.09
1210060016,1986,1210060,12,002,01,#,3,#,0.1
1210060019,1986,1210060,12,002,01,#,2.6,#,0.1
1210060022,1986,1210060,12,002,01,#,3.6,#,0.14
1210060025,1986,1210060,12,002,01,#,3.9,#,0.18
1210060028,1986,1210060,12,002,01,#,4.4,#,0.18
1210060031,1986,1210060,12,002,01,#,4.6,#,0.18
1210060034,1986,1210060,12,002,01,#,3.2,#,0.17
1210070001,1986,1210070,12,002,51,#,2.3,#,0.16
1210070003,1986,1210070,12,002,51,#,2,#,0.13
1210070005,1986,1210070,12,002,51,#,1.7,#,0.11
1210070007,1986,1210070,12,002,51,#,2.3,#,0.13
1210070009,1986,1210070,12,002,51,#,3.6,#,0.07
1210070011,1986,1210070,12,002,51,#,3.5,#,0.12
1210070013,1986,1210070,12,002,51,#,2.9,#,0.11
1210070015,1986,1210070,12,002,51,#,3.7,#,0.15
1210070017,1986,1210070,12,002,51,#,3.6,#,0.18
1210070019,1986,1210070,12,002,51,#,4,#,0.11
1210070021,1986,1210070,12,002,51,#,4,#,0.19
1210070023,1986,1210070,12,002,51,#,2.5,#,0.17
1210090001,1986,1210090,12,003,01,#,2.4,#,0.21
1210090003,1986,1210090,12,003,01,#,1.5,#,0.12
1210090005,1986,1210090,12,003,01,#,2.3,#,0.27
1210090007,1986,1210090,12,003,01,#,1.1,#,0.13
1210090009,1986,1210090,12,003,01,#,3.2,#,0.12
1210090011,1986,1210090,12,003,01,#,2.4,#,0.17
1210090013,1986,1210090,12,003,01,#,1.5,#,0.15
1210090015,1986,1210090,12,003,01,#,2.4,#,0.16
1210090017,1986,1210090,12,003,01,#,2,#,0.15
1210090019,1986,1210090,12,003,01,#,2.7,#,0.13
1210090021,1986,1210090,12,003,01,#,2.9,#,0.13
1210090023,1986,1210090,12,003,01,#,2.1,#,0.23
1210100001,1986,1210100,12,004,01,#,4.4,#,0.17
1210100003,1986,1210100,12,004,01,#,2.4,#,0.15
1210100005,1986,1210100,12,004,01,#,2.3,#,0.18
1210100007,1986,1210100,12,004,01,#,4.2,#,0.22
1210100010,1986,1210100,12,004,01,#,3.9,#,0.14
1210100011,1986,1210100,12,004,01,#,4.1,#,0.09
1210100013,1986,1210100,12,004,01,#,4.2,#,0.17
1210100015,1986,1210100,12,004,01,#,4.7,#,0.14
1210100017,1986,1210100,12,004,01,#,4.2,#,0.17
1210100019,1986,1210100,12,004,01,#,4.3,#,0.18
1210100021,1986,1210100,12,004,01,#,4.4,#,0.18
1210100023,1986,1210100,12,004,01,#,5.1,#,0.17
1210110002,1986,1210110,12,005,02,#,1.1,#,0.09
1210110004,1986,1210110,12,005,02,#,1,#,0.11
1210110006,1986,1210110,12,005,02,#,1.1,#,0.1
1210110008,1986,1210110,12,005,02,#,1.1,#,0.09
1210110010,1986,1210110,12,005,02,#,1.5,#,0.1
1210110012,1986,1210110,12,005,02,#,1.4,#,0.14
1210120001,1986,1210120,12,006,01,#,2,#,0.14
1210120002,1986,1210120,12,006,01,#,1.8,#,0.12
1210120003,1986,1210120,12,006,01,#,1.6,#,0.18
1210120004,1986,1210120,12,006,01,#,1.5,#,0.14
1210120005,1986,1210120,12,006,01,#,1.1,#,0.1
1210120006,1986,1210120,12,006,01,#,1.5,#,0.14
1210120007,1986,1210120,12,006,01,#,1.4,#,0.18
1210120008,1986,1210120,12,006,01,#,2,#,0.15
1210120009,1986,1210120,12,006,01,#,1.7,#,0.16
1210120010,1986,1210120,12,006,01,#,1.9,#,0.14
1210120011,1986,1210120,12,006,01,#,1.6,#,0.21
1210120012,1986,1210120,12,006,01,#,2.2,#,0.2
1210130001,1986,1210130,12,007,01,#,2.5,#,0.14
1210130002,1986,1210130,12,007,01,#,1.9,#,0.11
1210130003,1986,1210130,12,007,01,#,1.4,#,0.11
1210130004,1986,1210130,12,007,01,#,1.4,#,0.16
1210130005,1986,1210130,12,007,01,#,1.1,#,0.08
1210130006,1986,1210130,12,007,01,#,1.6,#,0.12
1210130007,1986,1210130,12,007,01,#,1.6,#,0.21
1210130008,1986,1210130,12,007,01,#,2.1,#,0.15
1210130009,1986,1210130,12,007,01,#,2.1,#,0.15
1210130010,1986,1210130,12,007,01,#,2.3,#,0.15
1210130011,1986,1210130,12,007,01,#,2,#,0.16
1210130012,1986,1210130,12,007,01,#,2.7,#,0.19
1210140001,1986,1210140,12,008,01,#,2.3,#,0.12
1210140003,1986,1210140,12,008,01,#,2.3,#,0.07
1210140005,1986,1210140,12,008,01,#,2,#,0.08
1210140007,1986,1210140,12,008,01,#,2.3,#,0.14
1210140009,1986,1210140,12,008,01,#,2.4,#,0.07
1210140011,1986,1210140,12,008,01,#,2,#,0.07
1210140013,1986,1210140,12,008,01,#,2.2,#,0.05
1210140015,1986,1210140,12,008,01,#,2.8,#,0.07
1210140017,1986,1210140,12,008,01,#,2.2,#,0.12
1210140019,1986,1210140,12,008,01,#,2.7,#,0.11
1210140021,1986,1210140,12,008,01,#,2.4,#,0.11
1210140023,1986,1210140,12,008,01,#,3.3,#,0.1
1210150001,1986,1210150,12,008,02,#,3,#,0.11
1210150003,1986,1210150,12,008,02,#,2.3,#,0.09
1210150005,1986,1210150,12,008,02,#,2,#,0.06
1210150007,1986,1210150,12,008,02,#,2.1,#,0.11
1210150009,1986,1210150,12,008,02,#,2.7,#,0.07
1210150011,1986,1210150,12,008,02,#,2.4,#,0.07
1210150013,1986,1210150,12,008,02,#,2.6,#,0.07
1210150015,1986,1210150,12,008,02,#,2.8,#,0.08
1210150017,1986,1210150,12,008,02,#,2.6,#,0.09
1210150019,1986,1210150,12,008,02,#,2.3,#,0.11
1210150021,1986,1210150,12,008,02,#,2.3,#,0.13
1210150023,1986,1210150,12,008,02,#,3.3,#,0.08
1210160002,1986,1210160,12,008,51,#,3.1,#,0.48
1210160004,1986,1210160,12,008,51,#,2.6,#,0.09
1210160006,1986,1210160,12,008,51,#,1.8,#,0.12
1210160008,1986,1210160,12,008,51,#,2.3,#,0.25
1210160010,1986,1210160,12,008,51,#,2.9,#,0.16
1210160012,1986,1210160,12,008,51,#,2.5,#,0.09
1210160014,1986,1210160,12,008,51,#,3.1,#,0.1
1210160016,1986,1210160,12,008,51,#,2.6,#,0.1
1210160018,1986,1210160,12,008,51,#,3.5,#,0.18
1210160020,1986,1210160,12,008,51,#,3.3,#,0.12
1210160022,1986,1210160,12,008,51,#,3.2,#,0.17
1210160024,1986,1210160,12,008,51,#,3.7,#,0.16
1210170001,1986,1210170,12,008,52,#,2.7,#,0.11
1210170003,1986,1210170,12,008,52,#,2.1,#,0.08
1210170005,1986,1210170,12,008,52,#,2.1,#,0.09
1210170007,1986,1210170,12,008,52,#,2.6,#,0.17
1210170009,1986,1210170,12,008,52,#,2.8,#,0.16
1210170011,1986,1210170,12,008,52,#,2.5,#,0.09
1210170013,1986,1210170,12,008,52,#,2.8,#,0.08
1210170015,1986,1210170,12,008,52,#,2.9,#,0.09
1210170017,1986,1210170,12,008,52,#,2.7,#,0.1
1210170019,1986,1210170,12,008,52,#,2.7,#,0.08
1210170021,1986,1210170,12,008,52,#,2.4,#,0.12
1210170023,1986,1210170,12,008,52,#,3.5,#,0.13
1210180001,1986,1210180,12,008,53,#,2.8,#,0.14
1210180003,1986,1210180,12,008,53,#,2.6,#,0.07
1210180005,1986,1210180,12,008,53,#,2.2,#,0.08
1210180007,1986,1210180,12,008,53,#,2.4,#,0.1
1210180009,1986,1210180,12,008,53,#,2.4,#,0.07
1210180011,1986,1210180,12,008,53,#,2,#,0.08
1210180013,1986,1210180,12,008,53,#,2.4,#,0.06
1210180015,1986,1210180,12,008,53,#,2.9,#,0.08
1210180017,1986,1210180,12,008,53,#,2.8,#,0.13
1210180019,1986,1210180,12,008,53,#,2.6,#,0.09
1210180021,1986,1210180,12,008,53,#,2.5,#,0.13
1210180023,1986,1210180,12,008,53,#,3.3,#,0.12
1210190001,1986,1210190,12,008,54,#,2.9,#,0.14
1210190003,1986,1210190,12,008,54,#,2.3,#,0.08
1210190005,1986,1210190,12,008,54,#,1.9,#,0.06
1210190007,1986,1210190,12,008,54,#,2.6,#,0.23
1210190009,1986,1210190,12,008,54,#,2.5,#,0.11
1210190011,1986,1210190,12,008,54,#,2.3,#,0.08
1210190013,1986,1210190,12,008,54,#,2.3,#,0.06
1210190015,1986,1210190,12,008,54,#,2.9,#,0.09
1210190017,1986,1210190,12,008,54,#,1.8,#,0.11
1210190019,1986,1210190,12,008,54,#,2.7,#,0.08
1210190021,1986,1210190,12,008,54,#,2.4,#,0.15
1210190023,1986,1210190,12,008,54,#,3.4,#,0.1
1210200001,1986,1210200,12,008,55,#,3,#,0.09
1210200003,1986,1210200,12,008,55,#,2,#,0.07
1210200005,1986,1210200,12,008,55,#,2,#,0.06
1210200007,1986,1210200,12,008,55,#,2,#,0.06
1210200009,1986,1210200,12,008,55,#,2.7,#,0.08
1210200011,1986,1210200,12,008,55,#,2.1,#,0.04
1210200013,1986,1210200,12,008,55,#,2.5,#,0.05
1210200015,1986,1210200,12,008,55,#,2.8,#,0.04
1210200017,1986,1210200,12,008,55,#,1.5,#,0.07
1210200019,1986,1210200,12,008,55,#,2.8,#,0.07
1210200021,1986,1210200,12,008,55,#,2.4,#,0.1
1210200023,1986,1210200,12,008,55,#,3.2,#,0.09
1210220001,1986,1210220,12,009,01,#,15,#,0.73
1210220004,1986,1210220,12,009,01,#,9,#,0.83
1210220007,1986,1210220,12,009,01,#,15,#,0.63
1210220010,1986,1210220,12,009,01,#,7.5,#,0.26
1210220013,1986,1210220,12,009,01,#,15,#,0.78
1210220016,1986,1210220,12,009,01,#,5.3,#,0.58
1210220019,1986,1210220,12,009,01,#,8.6,#,0.69
1210220022,1986,1210220,12,009,01,#,7.1,#,0.26
1210220025,1986,1210220,12,009,01,#,11,#,0.58
1210220028,1986,1210220,12,009,01,#,10,#,0.37
1210220031,1986,1210220,12,009,01,#,15,#,0.51
1210220034,1986,1210220,12,009,01,#,14,#,1
1210230001,1986,1210230,12,009,51,#,14,#,0.79
1210230003,1986,1210230,12,009,51,#,10,#,1.5
1210230005,1986,1210230,12,009,51,#,13,#,0.51
1210230007,1986,1210230,12,009,51,#,5,#,0.24
1210230009,1986,1210230,12,009,51,#,14,#,0.59
1210230011,1986,1210230,12,009,51,#,6.2,#,0.55
1210230013,1986,1210230,12,009,51,#,13,#,0.91
1210230015,1986,1210230,12,009,51,#,8.1,#,0.52
1210230017,1986,1210230,12,009,51,#,11,#,0.65
1210230019,1986,1210230,12,009,51,#,11,#,0.58
1210230021,1986,1210230,12,009,51,#,15,#,0.61
1210230023,1986,1210230,12,009,51,#,13,#,0.97
1210240001,1986,1210240,12,010,01,#,13,#,1.6
1210240002,1986,1210240,12,010,01,#,11,#,1.1
1210240003,1986,1210240,12,010,01,#,12,#,1.3
1210240004,1986,1210240,12,010,01,#,7.1,#,0.83
1210240005,1986,1210240,12,010,01,#,9.4,#,1
1210240006,1986,1210240,12,010,01,#,5.2,#,0.65
1210240007,1986,1210240,12,010,01,#,8,#,0.69
1210240008,1986,1210240,12,010,01,#,11,#,1.3
1210240009,1986,1210240,12,010,01,#,9.2,#,0.7
1210240010,1986,1210240,12,010,01,#,17,#,1.7
1210240011,1986,1210240,12,010,01,#,16,#,2
1210240012,1986,1210240,12,010,01,#,9.7,#,0.85
1210250001,1986,1210250,12,011,01,#,13,#,0.97
1210250002,1986,1210250,12,011,01,#,10,#,0.99
1210250003,1986,1210250,12,011,01,#,8,#,0.85
1210250004,1986,1210250,12,011,01,#,9.6,#,0.84
1210250005,1986,1210250,12,011,01,#,7.6,#,1
1210250006,1986,1210250,12,011,01,#,10,#,0.84
1210250007,1986,1210250,12,011,01,#,8.4,#,0.88
1210250008,1986,1210250,12,011,01,#,12,#,0.94
1210250009,1986,1210250,12,011,01,#,11,#,1.1
1210250010,1986,1210250,12,011,01,#,14,#,1.1
1210250011,1986,1210250,12,011,01,#,16,#,1.2
1210250012,1986,1210250,12,011,01,#,14,#,1.2
1210260001,1986,1210260,12,011,02,#,11,#,1.2
1210260002,1986,1210260,12,011,02,#,9.1,#,0.99
1210260003,1986,1210260,12,011,02,#,8.2,#,1.3
1210260004,1986,1210260,12,011,02,#,8.6,#,1.2
1210260005,1986,1210260,12,011,02,#,6.5,#,1.3
1210260006,1986,1210260,12,011,02,#,8,#,0.82
1210260007,1986,1210260,12,011,02,#,7.5,#,1
1210260008,1986,1210260,12,011,02,#,7.3,#,0.99
1210260009,1986,1210260,12,011,02,#,8.6,#,1
1210260010,1986,1210260,12,011,02,#,10,#,0.84
1210260011,1986,1210260,12,011,02,#,12,#,1.2
1210260012,1986,1210260,12,011,02,#,9.8,#,1.1
1210280001,1986,1210280,12,012,01,#,12,#,0.9
1210280002,1986,1210280,12,012,01,#,12,#,1.2
1210280003,1986,1210280,12,012,01,#,9.3,#,1.1
1210280004,1986,1210280,12,012,01,#,9.8,#,0.96
1210280005,1986,1210280,12,012,01,#,8.4,#,1.5
1210280006,1986,1210280,12,012,01,#,10,#,1
1210280007,1986,1210280,12,012,01,#,9,#,0.93
1210280008,1986,1210280,12,012,01,#,10,#,1.1
1210280009,1986,1210280,12,012,01,#,11,#,1.2
1210280010,1986,1210280,12,012,01,#,13,#,1
1210280011,1986,1210280,12,012,01,#,15,#,1.3
1210280012,1986,1210280,12,012,01,#,12,#,1.2
1210290001,1986,1210290,12,012,51,#,14,#,1.7
1210290002,1986,1210290,12,012,51,#,12,#,1.2
1210290003,1986,1210290,12,012,51,#,11,#,1.3
1210290004,1986,1210290,12,012,51,#,10,#,0.84
1210290005,1986,1210290,12,012,51,#,10,#,0.94
1210290006,1986,1210290,12,012,51,#,10,#,0.67
1210290007,1986,1210290,12,012,51,#,15,#,0.21
1210290008,1986,1210290,12,012,51,#,11,#,1
1210290009,1986,1210290,12,012,51,#,11,#,0.66
1210290010,1986,1210290,12,012,51,#,14,#,1.1
1210290011,1986,1210290,12,012,51,#,12,#,1.3
1210290012,1986,1210290,12,012,51,#,12,#,1.4
1210300002,1986,1210300,12,013,01,#,3.9,#,0.12
1210300004,1986,1210300,12,013,01,#,2.5,#,0.12
1210300006,1986,1210300,12,013,01,#,3.2,#,0.09
1210300008,1986,1210300,12,013,01,#,3.2,#,0.12
1210300010,1986,1210300,12,013,01,#,5.9,#,0.18
1210300012,1986,1210300,12,013,01,#,3.7,#,0.15
1210310002,1986,1210310,12,013,51,#,7.3,#,0.27
1210310004,1986,1210310,12,013,51,#,6.7,#,0.26
1210310006,1986,1210310,12,013,51,#,7.2,#,0.34
1210310008,1986,1210310,12,013,51,#,10,#,0.39
1210310010,1986,1210310,12,013,51,#,8.5,#,0.6
1210310012,1986,1210310,12,013,51,#,11,#,0.46
1210320002,1986,1210320,12,013,52,#,7.6,#,0.2
1210320004,1986,1210320,12,013,52,#,6.5,#,0.19
1210320006,1986,1210320,12,013,52,#,8.6,#,0.26
1210320008,1986,1210320,12,013,52,#,9.1,#,0.27
1210320010,1986,1210320,12,013,52,#,9.5,#,0.26
1210320012,1986,1210320,12,013,52,#,9.9,#,0.32
1210330002,1986,1210330,12,013,53,#,1.6,#,0.11
1210330004,1986,1210330,12,013,53,#,1.7,#,0.11
1210330006,1986,1210330,12,013,53,#,2.5,#,0.06
1210330008,1986,1210330,12,013,53,#,2.7,#,0.1
1210330010,1986,1210330,12,013,53,#,2.1,#,0.09
1210330012,1986,1210330,12,013,53,#,2.2,#,0.08
1210350002,1986,1210350,12,014,01,#,1.6,#,0.08
1210350004,1986,1210350,12,014,01,#,1.7,#,0.12
1210350006,1986,1210350,12,014,01,#,2.3,#,0.1
1210350008,1986,1210350,12,014,01,#,2.3,#,0.08
1210350010,1986,1210350,12,014,01,#,2.6,#,0.08
1210350012,1986,1210350,12,014,01,#,2.4,#,0.09
1210360002,1986,1210360,12,014,51,#,2,#,0.09
1210360004,1986,1210360,12,014,51,#,1.8,#,0.09
1210360006,1986,1210360,12,014,51,#,1.6,#,0.11
1210360008,1986,1210360,12,014,51,#,2.4,#,0.08
1210360010,1986,1210360,12,014,51,#,2.4,#,0.09
1210360012,1986,1210360,12,014,51,#,2.4,#,0.08
1210370002,1986,1210370,12,015,01,#,9.2,#,0.39
1210370004,1986,1210370,12,015,01,#,4,#,0.21
1210370006,1986,1210370,12,015,01,#,4.7,#,0.2
1210370008,1986,1210370,12,015,01,#,5.1,#,0.24
1210370010,1986,1210370,12,015,01,#,6.2,#,0.19
1210370012,1986,1210370,12,015,01,#,6.3,#,0.3
1210380002,1986,1210380,12,016,01,#,2.8,#,0.29
1210380004,1986,1210380,12,016,01,#,2.9,#,0.21
1210380006,1986,1210380,12,016,01,#,3.9,#,0.28
1210380008,1986,1210380,12,016,01,#,4.6,#,0.34
1210380010,1986,1210380,12,016,01,#,3.9,#,0.26
1210380012,1986,1210380,12,016,01,#,5.4,#,0.46
1210390002,1986,1210390,12,016,51,#,3.9,#,0.33
1210390004,1986,1210390,12,016,51,#,3.6,#,0.54
1210390006,1986,1210390,12,016,51,#,4.4,#,0.45
1210390008,1986,1210390,12,016,51,#,3.9,#,0.23
1210390010,1986,1210390,12,016,51,#,3.6,#,0.15
1210390012,1986,1210390,12,016,51,#,5,#,0.27
1210400002,1986,1210400,12,217,01,#,3.3,#,0.18
1210400004,1986,1210400,12,217,01,#,2.7,#,0.15
1210400006,1986,1210400,12,217,01,#,3.1,#,0.08
1210400008,1986,1210400,12,217,01,#,3.1,#,0.06
1210400010,1986,1210400,12,217,01,#,3.4,#,0.05
1210400012,1986,1210400,12,217,01,#,3.5,#,0.06
1210410002,1986,1210410,12,017,01,#,2.6,#,0.13
1210410004,1986,1210410,12,017,01,#,2.9,#,0.18
1210410006,1986,1210410,12,017,01,#,3,#,0.13
1210410008,1986,1210410,12,017,01,#,4,#,0.2
1210410010,1986,1210410,12,017,01,#,3.7,#,0.16
1210410012,1986,1210410,12,017,01,#,3.7,#,0.14
1210420002,1986,1210420,12,018,01,#,4.1,#,0.31
1210420004,1986,1210420,12,018,01,#,4.2,#,0.38
1210420006,1986,1210420,12,018,01,#,4.3,#,0.72
1210420008,1986,1210420,12,018,01,#,8.3,#,0.48
1210420010,1986,1210420,12,018,01,#,5.4,#,0.34
1210420012,1986,1210420,12,018,01,#,7.8,#,0.51
1210430002,1986,1210430,12,018,51,#,4.1,#,0.18
1210430004,1986,1210430,12,018,51,#,3.2,#,0.2
1210430006,1986,1210430,12,018,51,#,3.9,#,0.42
1210430008,1986,1210430,12,018,51,#,7.8,#,0.36
1210430010,1986,1210430,12,018,51,#,8.3,#,0.28
1210430012,1986,1210430,12,018,51,#,8.4,#,0.19
1210440002,1986,1210440,12,019,01,#,4.8,#,0.47
1210440004,1986,1210440,12,019,01,#,4.1,#,0.5
1210440006,1986,1210440,12,019,01,#,4.3,#,0.84
1210440008,1986,1210440,12,019,01,#,6.6,#,1.1
1210440010,1986,1210440,12,019,01,#,6.3,#,0.76
1210440012,1986,1210440,12,019,01,#,6.7,#,0.6
1210450002,1986,1210450,12,020,01,#,2.8,#,0.11
1210450004,1986,1210450,12,020,01,#,2.7,#,0.12
1210450006,1986,1210450,12,020,01,#,2.8,#,0.11
1210450008,1986,1210450,12,020,01,#,3.9,#,0.11
1210450010,1986,1210450,12,020,01,#,3.5,#,0.09
1210450012,1986,1210450,12,020,01,#,4,#,0.13
1210460002,1986,1210460,12,021,01,#,3.5,#,0.16
1210460004,1986,1210460,12,021,01,#,2.6,#,0.14
1210460006,1986,1210460,12,021,01,#,2,#,0.17
1210460008,1986,1210460,12,021,01,#,3.6,#,0.2
1210460010,1986,1210460,12,021,01,#,3.2,#,0.14
1210460012,1986,1210460,12,021,01,#,4.1,#,0.15
1210470002,1986,1210470,12,022,01,#,3.5,#,0.17
1210470004,1986,1210470,12,022,01,#,3.1,#,0.2
1210470006,1986,1210470,12,022,01,#,2.3,#,0.13
1210470008,1986,1210470,12,022,01,#,3.2,#,0.11
1210470010,1986,1210470,12,022,01,#,2.9,#,0.13
1210470012,1986,1210470,12,022,01,#,3.1,#,0.1
1210480002,1986,1210480,12,023,01,#,3.1,#,0.18
1210480004,1986,1210480,12,023,01,#,2.1,#,0.18
1210480006,1986,1210480,12,023,01,#,2.1,#,0.17
1210480008,1986,1210480,12,023,01,#,3.1,#,0.13
1210480010,1986,1210480,12,023,01,#,2.7,#,0.11
1210480012,1986,1210480,12,023,01,#,3.4,#,0.15
1210490002,1986,1210490,12,023,51,#,5.2,#,0.1
1210490004,1986,1210490,12,023,51,#,3.3,#,0.27
1210490006,1986,1210490,12,023,51,#,3.8,#,0.07
1210490008,1986,1210490,12,023,51,#,7.3,#,0.04
1210490010,1986,1210490,12,023,51,#,6.6,#,0.08
1210490012,1986,1210490,12,023,51,#,7.2,#,0.09
1210500002,1986,1210500,12,024,01,#,2.9,#,0.16
1210500004,1986,1210500,12,024,01,#,1.4,#,0.13
1210500006,1986,1210500,12,024,01,#,1.6,#,0.14
1210500008,1986,1210500,12,024,01,#,2.7,#,0.11
1210500010,1986,1210500,12,024,01,#,2.8,#,0.12
1210500012,1986,1210500,12,024,01,#,3.6,#,0.13
1210510002,1986,1210510,12,025,01,#,13,#,0.26
1210510004,1986,1210510,12,025,01,#,10,#,0.22
1210510006,1986,1210510,12,025,01,#,6.3,#,0.23
1210510008,1986,1210510,12,025,01,#,8.2,#,0.24
1210510010,1986,1210510,12,025,01,#,19,#,0.22
1210510012,1986,1210510,12,025,01,#,18,#,0.26
1210520002,1986,1210520,12,025,51,#,2.8,#,0.26
1210520004,1986,1210520,12,025,51,#,2.4,#,0.25
1210520006,1986,1210520,12,025,51,#,3.2,#,0.3
1210520008,1986,1210520,12,025,51,#,6,#,0.35
1210520010,1986,1210520,12,025,51,#,9.9,#,0.29
1210520012,1986,1210520,12,025,51,#,19,#,0.26
1210530002,1986,1210530,12,026,01,#,8.4,#,0.26
1210530004,1986,1210530,12,026,01,#,10,#,0.27
1210530006,1986,1210530,12,026,01,#,8.8,#,0.29
1210530008,1986,1210530,12,026,01,#,20,#,0.33
1210530010,1986,1210530,12,026,01,#,23,#,0.4
1210530012,1986,1210530,12,026,01,#,28,#,0.27
1210540002,1986,1210540,12,027,01,#,2.9,#,0.34
1210540004,1986,1210540,12,027,01,#,2.2,#,0.25
1210540006,1986,1210540,12,027,01,#,2.1,#,0.33
1210540008,1986,1210540,12,027,01,#,2.2,#,0.34
1210540010,1986,1210540,12,027,01,#,2.5,#,0.3
1210540012,1986,1210540,12,027,01,#,3.6,#,0.42
1210550002,1986,1210550,12,028,01,#,4.6,#,0.31
1210550004,1986,1210550,12,028,01,#,4.9,#,0.55
1210550006,1986,1210550,12,028,01,#,5.4,#,0.44
1210550008,1986,1210550,12,028,01,#,7.5,#,0.6
1210550010,1986,1210550,12,028,01,#,7.8,#,0.41
1210550012,1986,1210550,12,028,01,#,9.7,#,0.51
1210560002,1986,1210560,12,029,01,#,20,#,0.36
1210560004,1986,1210560,12,029,01,#,29,#,0.38
1210560006,1986,1210560,12,029,01,#,18,#,0.36
1210560008,1986,1210560,12,029,01,#,31,#,0.45
1210560010,1986,1210560,12,029,01,#,29,#,0.41
1210560012,1986,1210560,12,029,01,#,31,#,0.36
1210570002,1986,1210570,12,030,01,#,1.1,#,0.08
1210570004,1986,1210570,12,030,01,#,1.3,#,0.12
1210570006,1986,1210570,12,030,01,#,1.6,#,0.16
1210570008,1986,1210570,12,030,01,#,1.4,#,0.11
1210570010,1986,1210570,12,030,01,#,1.4,#,0.08
1210570012,1986,1210570,12,030,01,#,1.9,#,0.15
1210580002,1986,1210580,12,031,01,#,3.9,#,0.15
1210580004,1986,1210580,12,031,01,#,4.7,#,0.13
1210580006,1986,1210580,12,031,01,#,6.5,#,0.13
1210580008,1986,1210580,12,031,01,#,6.9,#,0.15
1210580010,1986,1210580,12,031,01,#,8,#,0.21
1210580012,1986,1210580,12,031,01,#,5.6,#,0.09
1210590002,1986,1210590,12,031,51,#,1.3,#,0.13
1210590004,1986,1210590,12,031,51,#,1.5,#,0.17
1210590006,1986,1210590,12,031,51,#,2,#,0.13
1210590008,1986,1210590,12,031,51,#,1.6,#,0.24
1210590010,1986,1210590,12,031,51,#,1.5,#,0.12
1210590012,1986,1210590,12,031,51,#,2.1,#,0.17
1210600002,1986,1210600,12,031,52,#,0.7,#,0.11
1210600004,1986,1210600,12,031,52,#,1.6,#,0.14
1210600006,1986,1210600,12,031,52,#,1.8,#,0.13
1210600008,1986,1210600,12,031,52,#,1.6,#,0.16
1210600010,1986,1210600,12,031,52,#,1.7,#,0.12
1210600012,1986,1210600,12,031,52,#,2,#,0.16
1210610004,1986,1210610,12,032,01,#,1.5,#,0.24
1210610008,1986,1210610,12,032,01,#,1.6,#,0.16
1210610010,1986,1210610,12,032,01,#,1.6,#,0.2
1210620004,1986,1210620,12,032,51,#,1.4,#,0.21
1210620008,1986,1210620,12,032,51,#,1.6,#,0.07
1210620010,1986,1210620,12,032,51,#,1.4,#,0.13
1210630004,1986,1210630,12,033,02,#,2,#,0.27
1210630008,1986,1210630,12,033,02,#,2.3,#,0.12
1210630010,1986,1210630,12,033,02,#,2.8,#,0.18
1210640004,1986,1210640,12,034,01,#,1.7,#,0.15
1210640008,1986,1210640,12,034,01,#,2.2,#,0.25
1210640010,1986,1210640,12,034,01,#,2.4,#,0.08
1210650001,1986,1210650,12,035,01,#,1.2,#,0.26
1210650002,1986,1210650,12,035,01,#,1.7,#,0.26
1210650003,1986,1210650,12,035,01,#,2.6,#,0.45
1210650004,1986,1210650,12,035,01,#,1.5,#,0.22
1210650005,1986,1210650,12,035,01,#,2.5,#,0.32
1210650006,1986,1210650,12,035,01,#,2.8,#,0.26
1210650007,1986,1210650,12,035,01,#,3.1,#,0.52
1210650008,1986,1210650,12,035,01,#,2.2,#,0.38
1210650009,1986,1210650,12,035,01,#,1.8,#,0.27
1210650010,1986,1210650,12,035,01,#,4.5,#,0.64
1210650011,1986,1210650,12,035,01,#,2.3,#,0.29
1210650012,1986,1210650,12,035,01,#,2,#,0.21
1210660004,1986,1210660,12,035,51,#,0.84,#,0.12
1210660008,1986,1210660,12,035,51,#,1.4,#,0.14
1210660010,1986,1210660,12,035,51,#,1.6,#,0.1
1210670001,1986,1210670,12,036,01,#,2.3,#,0.32
1210670002,1986,1210670,12,036,01,#,2.5,#,0.31
1210670003,1986,1210670,12,036,01,#,1.2,#,0.21
1210670004,1986,1210670,12,036,01,#,1.7,#,0.27
1210670005,1986,1210670,12,036,01,#,1.6,#,0.21
1210670006,1986,1210670,12,036,01,#,2.6,#,0.19
1210670007,1986,1210670,12,036,01,#,2,#,0.2
1210670008,1986,1210670,12,036,01,#,2.5,#,0.23
1210670009,1986,1210670,12,036,01,#,3.7,#,0.21
1210670010,1986,1210670,12,036,01,#,4.1,#,0.27
1210670011,1986,1210670,12,036,01,#,3.7,#,0.27
1210670012,1986,1210670,12,036,01,#,3.2,#,0.24
1210680002,1986,1210680,12,036,51,#,2.2,#,0.31
1210680004,1986,1210680,12,036,51,#,2,#,0.25
1210680006,1986,1210680,12,036,51,#,2.4,#,0.19
1210680008,1986,1210680,12,036,51,#,2.5,#,0.25
1210680010,1986,1210680,12,036,51,#,2.8,#,0.2
1210680012,1986,1210680,12,036,51,#,3.2,#,0.26
1210690001,1986,1210690,12,037,01,#,0.79,#,0.09
1210690002,1986,1210690,12,037,01,#,1.1,#,0.1
1210690003,1986,1210690,12,037,01,#,0.58,#,0.07
1210690004,1986,1210690,12,037,01,#,1.3,#,0.14
1210690005,1986,1210690,12,037,01,#,1,#,0.1
1210690006,1986,1210690,12,037,01,#,0.82,#,0.08
1210690007,1986,1210690,12,037,01,#,0.83,#,0.07
1210690008,1986,1210690,12,037,01,#,1.1,#,0.1
1210690009,1986,1210690,12,037,01,#,0.87,#,0.07
1210690010,1986,1210690,12,037,01,#,0.84,#,0.05
1210690011,1986,1210690,12,037,01,#,1,#,0.06
1210690012,1986,1210690,12,037,01,#,1.1,#,0.07
1210700002,1986,1210700,12,037,51,#,0.68,#,0.03
1210700004,1986,1210700,12,037,51,#,1.3,#,0.11
1210700006,1986,1210700,12,037,51,#,0.7,#,0.06
1210700008,1986,1210700,12,037,51,#,0.93,#,0.03
1210700010,1986,1210700,12,037,51,#,0.83,#,0.02
1210700012,1986,1210700,12,037,51,#,1.7,#,0.11
1210710001,1986,1210710,12,038,01,#,1.2,#,0.17
1210710002,1986,1210710,12,038,01,#,1.6,#,0.24
1210710003,1986,1210710,12,038,01,#,1.2,#,0.2
1210710004,1986,1210710,12,038,01,#,1.2,#,0.18
1210710005,1986,1210710,12,038,01,#,1.1,#,0.15
1210710006,1986,1210710,12,038,01,#,1,#,0.17
1210710007,1986,1210710,12,038,01,#,1.4,#,0.19
1210710008,1986,1210710,12,038,01,#,1.6,#,0.25
1210710009,1986,1210710,12,038,01,#,1.1,#,0.22
1210710010,1986,1210710,12,038,01,#,1.3,#,0.16
1210710011,1986,1210710,12,038,01,#,1.4,#,0.2
1210710012,1986,1210710,12,038,01,#,1.4,#,0.2
1210720004,1986,1210720,12,038,51,#,1.4,#,0.26
1210720008,1986,1210720,12,038,51,#,1.4,#,0.64
1210720010,1986,1210720,12,038,51,#,1.3,#,0.21
1210730002,1986,1210730,12,039,01,#,1.2,#,0.19
1210730004,1986,1210730,12,039,01,#,1.3,#,0.26
1210730006,1986,1210730,12,039,01,#,1.6,#,0.25
1210730008,1986,1210730,12,039,01,#,1.6,#,0.2
1210730010,1986,1210730,12,039,01,#,1.3,#,0.16
1210730012,1986,1210730,12,039,01,#,0.99,#,0.13
1210740001,1986,1210740,12,040,01,#,2.2,#,0.28
1210740002,1986,1210740,12,040,01,#,2,#,0.27
1210740003,1986,1210740,12,040,01,#,2,#,0.27
1210740004,1986,1210740,12,040,01,#,1.8,#,0.29
1210740005,1986,1210740,12,040,01,#,1.8,#,0.25
1210740006,1986,1210740,12,040,01,#,1.7,#,0.26
1210740007,1986,1210740,12,040,01,#,1.8,#,0.25
1210740008,1986,1210740,12,040,01,#,1.7,#,0.18
1210740009,1986,1210740,12,040,01,#,1.6,#,0.26
1210740010,1986,1210740,12,040,01,#,2.3,#,0.22
1210740011,1986,1210740,12,040,01,#,2.1,#,0.3
1210740012,1986,1210740,12,040,01,#,1.6,#,0.21
1210750002,1986,1210750,12,040,51,#,1.2,#,0.19
1210750004,1986,1210750,12,040,51,#,1.1,#,0.23
1210750006,1986,1210750,12,040,51,#,1.1,#,0.2
1210750008,1986,1210750,12,040,51,#,1.1,#,0.19
1210750010,1986,1210750,12,040,51,#,1.1,#,0.17
1210750012,1986,1210750,12,040,51,#,1.3,#,0.16
1210760002,1986,1210760,12,041,01,#,0.8,#,0.1
1210760004,1986,1210760,12,041,01,#,0.76,#,0.11
1210760006,1986,1210760,12,041,01,#,0.8,#,0.11
1210760008,1986,1210760,12,041,01,#,0.92,#,0.08
1210760010,1986,1210760,12,041,01,#,1.3,#,0.07
1210760012,1986,1210760,12,041,01,#,0.69,#,0.07
1210770001,1986,1210770,12,042,01,#,1.7,#,0.24
1210770002,1986,1210770,12,042,01,#,1.5,#,0.18
1210770003,1986,1210770,12,042,01,#,1.3,#,0.32
1210770004,1986,1210770,12,042,01,#,1.2,#,0.18
1210770005,1986,1210770,12,042,01,#,1.1,#,0.16
1210770006,1986,1210770,12,042,01,#,1.1,#,0.12
1210770007,1986,1210770,12,042,01,#,1.1,#,0.12
1210770008,1986,1210770,12,042,01,#,1.4,#,0.16
1210770009,1986,1210770,12,042,01,#,1.2,#,0.15
1210770010,1986,1210770,12,042,01,#,1.2,#,0.11
1210770011,1986,1210770,12,042,01,#,1.6,#,0.15
1210770012,1986,1210770,12,042,01,#,1.2,#,0.12
1210780002,1986,1210780,12,043,01,#,1.3,#,0.11
1210780004,1986,1210780,12,043,01,#,1,#,0.12
1210780006,1986,1210780,12,043,01,#,1.2,#,0.13
1210780008,1986,1210780,12,043,01,#,1,#,0.11
1210780010,1986,1210780,12,043,01,#,1.1,#,0.09
1210780012,1986,1210780,12,043,01,#,1.1,#,0.06
1210790001,1986,1210790,12,044,01,#,6.3,#,0.25
1210790002,1986,1210790,12,044,01,#,4.2,#,0.35
1210790003,1986,1210790,12,044,01,#,3.8,#,0.28
1210790004,1986,1210790,12,044,01,#,3.5,#,0.22
1210790005,1986,1210790,12,044,01,#,2.7,#,0.29
1210790006,1986,1210790,12,044,01,#,2.8,#,0.17
1210790007,1986,1210790,12,044,01,#,2.6,#,0.16
1210790008,1986,1210790,12,044,01,#,3.1,#,0.21
1210790009,1986,1210790,12,044,01,#,5.4,#,0.31
1210790010,1986,1210790,12,044,01,#,3.5,#,0.19
1210790011,1986,1210790,12,044,01,#,3.8,#,0.2
1210790012,1986,1210790,12,044,01,#,5.7,#,0.29
1210800002,1986,1210800,12,044,51,#,1.2,#,0.09
1210800004,1986,1210800,12,044,51,#,1.5,#,0.09
1210800006,1986,1210800,12,044,51,#,1.8,#,0.09
1210800008,1986,1210800,12,044,51,#,1.2,#,0.08
1210800010,1986,1210800,12,044,51,#,1.1,#,0.08
1210800012,1986,1210800,12,044,51,#,1.4,#,0.1
1210810002,1986,1210810,12,044,53,#,1.6,#,0.12
1210810004,1986,1210810,12,044,53,#,1.2,#,0.11
1210810006,1986,1210810,12,044,53,#,1.7,#,0.09
1210810008,1986,1210810,12,044,53,#,1.7,#,0.09
1210810010,1986,1210810,12,044,53,#,1.6,#,0.13
1210810012,1986,1210810,12,044,53,#,1.8,#,0.15
1210820001,1986,1210820,12,045,01,#,9.6,#,0.93
1210820002,1986,1210820,12,045,01,#,4,#,0.32
1210820003,1986,1210820,12,045,01,#,6.4,#,0.58
1210820004,1986,1210820,12,045,01,#,7.4,#,0.69
1210820005,1986,1210820,12,045,01,#,3.6,#,0.24
1210820006,1986,1210820,12,045,01,#,4.5,#,0.31
1210820007,1986,1210820,12,045,01,#,5.1,#,0.38
1210820008,1986,1210820,12,045,01,#,4.7,#,0.32
1210820009,1986,1210820,12,045,01,#,5.1,#,0.38
1210820010,1986,1210820,12,045,01,#,8.4,#,0.57
1210820011,1986,1210820,12,045,01,#,8.2,#,0.64
1210820012,1986,1210820,12,045,01,#,7.9,#,0.4
1210830001,1986,1210830,12,046,02,#,26,#,1
1210830002,1986,1210830,12,046,02,#,19,#,0.56
1210830003,1986,1210830,12,046,02,#,36,#,0.66
1210830004,1986,1210830,12,046,02,#,42,#,0.79
1210830005,1986,1210830,12,046,02,#,11,#,0.38
1210830006,1986,1210830,12,046,02,#,14,#,0.81
1210830007,1986,1210830,12,046,02,#,20,#,0.61
1210830008,1986,1210830,12,046,02,#,25,#,0.57
1210830009,1986,1210830,12,046,02,#,23,#,0.75
1210830010,1986,1210830,12,046,02,#,30,#,1
1210830011,1986,1210830,12,046,02,#,35,#,0.69
1210830012,1986,1210830,12,046,02,#,25,#,1
1210840001,1986,1210840,12,047,01,#,6.5,#,0.8
1210840002,1986,1210840,12,047,01,#,4.4,#,0.48
1210840003,1986,1210840,12,047,01,#,3.3,#,0.38
1210840004,1986,1210840,12,047,01,#,3.4,#,0.6
1210840005,1986,1210840,12,047,01,#,2.9,#,0.27
1210840006,1986,1210840,12,047,01,#,2.7,#,0.18
1210840007,1986,1210840,12,047,01,#,1.7,#,0.3
1210840008,1986,1210840,12,047,01,#,6.5,#,0.77
1210840009,1986,1210840,12,047,01,#,7.2,#,0.42
1210840010,1986,1210840,12,047,01,#,7.2,#,0.82
1210840011,1986,1210840,12,047,01,#,4.8,#,0.86
1210840012,1986,1210840,12,047,01,#,8.1,#,1
1210850001,1986,1210850,12,048,01,#,13,#,1.1
1210850003,1986,1210850,12,048,01,#,8.5,#,0.57
1210850005,1986,1210850,12,048,01,#,10,#,1.1
1210850007,1986,1210850,12,048,01,#,6.8,#,0.52
1210850009,1986,1210850,12,048,01,#,14,#,0.69
1210850011,1986,1210850,12,048,01,#,8,#,0.65
1210850013,1986,1210850,12,048,01,#,9,#,1
1210850015,1986,1210850,12,048,01,#,13,#,0.77
1210850017,1986,1210850,12,048,01,#,10,#,1.1
1210850019,1986,1210850,12,048,01,#,12,#,1.5
1210850021,1986,1210850,12,048,01,#,12,#,0.89
1210850023,1986,1210850,12,048,01,#,11,#,0.99
1210860001,1986,1210860,12,049,01,#,3.3,#,0.11
1210860002,1986,1210860,12,049,01,#,2.8,#,0.15
1210860003,1986,1210860,12,049,01,#,2.4,#,0.13
1210860004,1986,1210860,12,049,01,#,2.3,#,0.1
1210860005,1986,1210860,12,049,01,#,2.3,#,0.07
1210860006,1986,1210860,12,049,01,#,2.6,#,0.08
1210860007,1986,1210860,12,049,01,#,3.7,#,0.1
1210860008,1986,1210860,12,049,01,#,3.3,#,0.09
1210860009,1986,1210860,12,049,01,#,4,#,0.12
1210860010,1986,1210860,12,049,01,#,4,#,0.12
1210860011,1986,1210860,12,049,01,#,4.2,#,0.17
1210860012,1986,1210860,12,049,01,#,3.9,#,0.12
1210870001,1986,1210870,12,050,01,#,2.7,#,0.14
1210870003,1986,1210870,12,050,01,#,2.5,#,0.22
1210870005,1986,1210870,12,050,01,#,2.3,#,0.27
1210870007,1986,1210870,12,050,01,#,2.3,#,0.19
1210870008,1986,1210870,12,050,01,#,2.5,#,0.23
1210870009,1986,1210870,12,050,01,#,3.1,#,0.11
1210870011,1986,1210870,12,050,01,#,2.1,#,0.09
1210870013,1986,1210870,12,050,01,#,2.7,#,0.1
1210870015,1986,1210870,12,050,01,#,2.2,#,0.12
1210870017,1986,1210870,12,050,01,#,3,#,0.36
1210870019,1986,1210870,12,050,01,#,3.8,#,0.21
1210870020,1986,1210870,12,050,01,#,3.3,#,0.14
1210870021,1986,1210870,12,050,01,#,3.6,#,0.27
1210870023,1986,1210870,12,050,01,#,3,#,0.2
1210880001,1986,1210880,12,051,01,#,3.1,#,0.15
1210880003,1986,1210880,12,051,01,#,2.6,#,0.19
1210880005,1986,1210880,12,051,01,#,2.1,#,0.17
1210880007,1986,1210880,12,051,01,#,2.1,#,0.14
1210880008,1986,1210880,12,051,01,#,2,#,0.13
1210880009,1986,1210880,12,051,01,#,2.4,#,0.08
1210880011,1986,1210880,12,051,01,#,1.8,#,0.08
1210880013,1986,1210880,12,051,01,#,3.3,#,0.12
1210880015,1986,1210880,12,051,01,#,2.6,#,0.14
1210880017,1986,1210880,12,051,01,#,4.2,#,0.31
1210880019,1986,1210880,12,051,01,#,5,#,0.2
1210880020,1986,1210880,12,051,01,#,4.8,#,0.19
1210880021,1986,1210880,12,051,01,#,5.8,#,0.39
1210880023,1986,1210880,12,051,01,#,5.2,#,0.22
1210890001,1986,1210890,12,052,01,#,7.4,#,0.51
1210890002,1986,1210890,12,052,01,#,6.6,#,0.33
1210890003,1986,1210890,12,052,01,#,5.2,#,0.32
1210890004,1986,1210890,12,052,01,#,3.9,#,0.29
1210890005,1986,1210890,12,052,01,#,2.2,#,0.03
1210890006,1986,1210890,12,052,01,#,3.1,#,0.14
1210890007,1986,1210890,12,052,01,#,3.9,#,0.13
1210890008,1986,1210890,12,052,01,#,6.1,#,0.43
1210890009,1986,1210890,12,052,01,#,7.4,#,0.53
1210890010,1986,1210890,12,052,01,#,8.8,#,0.46
1210890011,1986,1210890,12,052,01,#,9.8,#,0.87
1210890012,1986,1210890,12,052,01,#,7.4,#,0.2
1210910001,1986,1210910,12,053,01,#,10,#,0.63
1210910003,1986,1210910,12,053,01,#,6.4,#,0.48
1210910005,1986,1210910,12,053,01,#,5.2,#,0.62
1210910007,1986,1210910,12,053,01,#,5.8,#,0.53
1210910008,1986,1210910,12,053,01,#,6.6,#,0.76
1210910009,1986,1210910,12,053,01,#,6.6,#,0.53
1210910011,1986,1210910,12,053,01,#,5.4,#,0.42
1210910013,1986,1210910,12,053,01,#,5.9,#,0.38
1210910015,1986,1210910,12,053,01,#,6.4,#,0.45
1210910017,1986,1210910,12,053,01,#,9.3,#,0.82
1210910019,1986,1210910,12,053,01,#,11,#,0.73
1210910020,1986,1210910,12,053,01,#,13,#,1.4
1210910021,1986,1210910,12,053,01,#,12,#,0.92
1210910023,1986,1210910,12,053,01,#,13,#,1.2
1210940001,1986,1210940,12,054,01,#,9.1,#,1.3
1210940002,1986,1210940,12,054,01,#,7.9,#,2.2
1210940003,1986,1210940,12,054,01,#,7.3,#,1.3
1210940004,1986,1210940,12,054,01,#,6.8,#,0.9
1210940005,1986,1210940,12,054,01,#,6.4,#,0.39
1210940006,1986,1210940,12,054,01,#,7.6,#,1.1
1210940007,1986,1210940,12,054,01,#,4.9,#,1.2
1210940008,1986,1210940,12,054,01,#,5.7,#,1.1
1210940009,1986,1210940,12,054,01,#,7.7,#,2.8
1210940010,1986,1210940,12,054,01,#,10,#,1.7
1210940011,1986,1210940,12,054,01,#,9.1,#,1.5
1210940012,1986,1210940,12,054,01,#,9.4,#,1.6
1210950001,1986,1210950,12,055,01,#,11,#,1.1
1210950002,1986,1210950,12,055,01,#,8.9,#,0.88
1210950003,1986,1210950,12,055,01,#,7.3,#,0.69
1210950004,1986,1210950,12,055,01,#,5.7,#,0.22
1210950005,1986,1210950,12,055,01,#,7.7,#,0.51
1210950006,1986,1210950,12,055,01,#,6.1,#,0.31
1210950007,1986,1210950,12,055,01,#,6.5,#,0.47
1210950008,1986,1210950,12,055,01,#,6.9,#,0.48
1210950009,1986,1210950,12,055,01,#,8,#,1
1210950010,1986,1210950,12,055,01,#,11,#,0.99
1210950011,1986,1210950,12,055,01,#,10,#,0.64
1210950012,1986,1210950,12,055,01,#,11,#,1.1
1210960001,1986,1210960,12,056,01,#,10,#,0.23
1210960002,1986,1210960,12,056,01,#,6.1,#,0.23
1210960003,1986,1210960,12,056,01,#,4.4,#,0.2
1210960004,1986,1210960,12,056,01,#,2.9,#,0.13
1210960005,1986,1210960,12,056,01,#,4,#,0.18
1210960006,1986,1210960,12,056,01,#,4.6,#,0.18
1210960007,1986,1210960,12,056,01,#,5,#,0.11
1210960008,1986,1210960,12,056,01,#,5,#,0.16
1210960009,1986,1210960,12,056,01,#,5,#,0.2
1210960010,1986,1210960,12,056,01,#,6,#,0.15
1210960011,1986,1210960,12,056,01,#,5.2,#,0.18
1210960012,1986,1210960,12,056,01,#,5.5,#,0.32
1210970001,1986,1210970,12,201,01,#,11,#,1.1
1210970002,1986,1210970,12,201,01,#,11,#,1.1
1210970003,1986,1210970,12,201,01,#,9.9,#,1.3
1210970004,1986,1210970,12,201,01,#,9.9,#,1.1
1210970005,1986,1210970,12,201,01,#,8.3,#,1.2
1210970006,1986,1210970,12,201,01,#,11,#,0.82
1210970007,1986,1210970,12,201,01,#,9.4,#,0.69
1210970008,1986,1210970,12,201,01,#,11,#,0.87
1210970009,1986,1210970,12,201,01,#,11,#,1.1
1210970010,1986,1210970,12,201,01,#,15,#,1
1210970011,1986,1210970,12,201,01,#,14,#,1.1
1210970012,1986,1210970,12,201,01,#,12,#,1.3
1210980001,1986,1210980,12,057,01,#,2.8,#,0.06
1210980002,1986,1210980,12,057,01,#,6,#,0.22
1210980003,1986,1210980,12,057,01,#,1.9,#,0.13
1210980004,1986,1210980,12,057,01,#,2.2,#,0.07
1210980005,1986,1210980,12,057,01,#,1.6,#,0.1
1210980006,1986,1210980,12,057,01,#,2.5,#,0.06
1210980007,1986,1210980,12,057,01,#,2.7,#,0.04
1210980008,1986,1210980,12,057,01,#,3.2,#,0.04
1210980009,1986,1210980,12,057,01,#,4,#,0.03
1210980010,1986,1210980,12,057,01,#,3.3,#,0.03
1210980011,1986,1210980,12,057,01,#,3.5,#,0.03
1210980012,1986,1210980,12,057,01,#,3.8,#,0.07
1210990001,1986,1210990,12,203,01,#,3.9,#,0.22
1210990002,1986,1210990,12,203,01,#,3.7,#,0.19
1210990003,1986,1210990,12,203,01,#,3,#,0.18
1210990004,1986,1210990,12,203,01,#,3.1,#,0.2
1210990005,1986,1210990,12,203,01,#,1.8,#,0.1
1210990006,1986,1210990,12,203,01,#,1.6,#,0.14
1210990007,1986,1210990,12,203,01,#,3.3,#,0.27
1210990008,1986,1210990,12,203,01,#,3.3,#,0.31
1210990009,1986,1210990,12,203,01,#,2.7,#,0.27
1210990010,1986,1210990,12,203,01,#,2.7,#,0.29
1210990011,1986,1210990,12,203,01,#,3.7,#,0.45
1210990012,1986,1210990,12,203,01,#,6,#,0.44
1211000001,1986,1211000,12,058,01,#,1.7,#,0.08
1211000002,1986,1211000,12,058,01,#,1.8,#,0.13
1211000003,1986,1211000,12,058,01,#,1.2,#,0.15
1211000004,1986,1211000,12,058,01,#,2.1,#,0.1
1211000005,1986,1211000,12,058,01,#,2.3,#,0.07
1211000006,1986,1211000,12,058,01,#,1.5,#,0.04
1211000007,1986,1211000,12,058,01,#,1.6,#,0.04
1211000008,1986,1211000,12,058,01,#,1.4,#,0.04
1211000009,1986,1211000,12,058,01,#,1.5,#,0.05
1211000010,1986,1211000,12,058,01,#,1.8,#,0.04
1211000011,1986,1211000,12,058,01,#,2.1,#,0.07
1211000012,1986,1211000,12,058,01,#,1.4,#,0.04
1211010001,1986,1211010,12,205,01,#,2.6,#,0.11
1211010002,1986,1211010,12,205,01,#,2,#,0.09
1211010003,1986,1211010,12,205,01,#,2.5,#,0.08
1211010004,1986,1211010,12,205,01,#,1.4,#,0.08
1211010005,1986,1211010,12,205,01,#,1.4,#,0.1
1211010006,1986,1211010,12,205,01,#,0.7,#,0.11
1211010007,1986,1211010,12,205,01,#,1.3,#,0.11
1211010008,1986,1211010,12,205,01,#,0.66,#,0.12
1211010009,1986,1211010,12,205,01,#,2.2,#,0.13
1211010010,1986,1211010,12,205,01,#,3.8,#,0.13
1211010011,1986,1211010,12,205,01,#,2.8,#,0.14
1211010012,1986,1211010,12,205,01,#,3.7,#,0.18
1211020002,1986,1211020,12,206,01,#,2.2,#,0.1
1211020004,1986,1211020,12,206,01,#,2.2,#,0.07
1211020006,1986,1211020,12,206,01,#,2.1,#,0.08
1211020008,1986,1211020,12,206,01,#,3.3,#,0.18
1211020010,1986,1211020,12,206,01,#,3.1,#,0.12
1211020012,1986,1211020,12,206,01,#,3,#,0.1
1211030002,1986,1211030,12,207,01,#,1.2,#,0.13
1211030004,1986,1211030,12,207,01,#,1.5,#,0.15
1211030006,1986,1211030,12,207,01,#,1.2,#,0.14
1211030008,1986,1211030,12,207,01,#,1.4,#,0.13
1211030010,1986,1211030,12,207,01,#,1.5,#,0.06
1211030012,1986,1211030,12,207,01,#,1.7,#,0.07
1211040002,1986,1211040,12,208,01,#,12,#,0.06
1211040004,1986,1211040,12,208,01,#,12,#,0.09
1211040006,1986,1211040,12,208,01,#,16,#,0.09
1211040008,1986,1211040,12,208,01,#,18,#,0.35
1211040010,1986,1211040,12,208,01,#,16,#,0.03
1211040012,1986,1211040,12,208,01,#,17,#,0.03
1211050002,1986,1211050,12,209,01,#,10,#,0.08
1211050004,1986,1211050,12,209,01,#,9.4,#,0.14
1211050006,1986,1211050,12,209,01,#,12,#,0.08
1211050008,1986,1211050,12,209,01,#,11,#,0.04
1211050010,1986,1211050,12,209,01,#,14,#,0.03
1211050012,1986,1211050,12,209,01,#,14,#,0.04
1211060004,1986,1211060,12,210,01,#,1.3,#,0.2
1211060008,1986,1211060,12,210,01,#,1.8,#,0.22
1211060010,1986,1211060,12,210,01,#,2.2,#,0.21
1211070004,1986,1211070,12,211,01,#,1.1,#,0.18
1211070008,1986,1211070,12,211,01,#,2.4,#,0.25
1211070010,1986,1211070,12,211,01,#,1.5,#,0.12
1211080001,1986,1211080,12,212,01,#,2.7,#,0.31
1211080002,1986,1211080,12,212,01,#,3.2,#,0.44
1211080003,1986,1211080,12,212,01,#,2.4,#,0.38
1211080004,1986,1211080,12,212,01,#,3.4,#,0.5
1211080005,1986,1211080,12,212,01,#,3.3,#,0.26
1211080006,1986,1211080,12,212,01,#,2.1,#,0.22
1211080007,1986,1211080,12,212,01,#,3,#,0.24
1211080008,1986,1211080,12,212,01,#,3.3,#,0.33
1211080009,1986,1211080,12,212,01,#,2.2,#,0.46
1211080010,1986,1211080,12,212,01,#,3.7,#,0.55
1211080011,1986,1211080,12,212,01,#,3,#,0.71
1211080012,1986,1211080,12,212,01,#,6.9,#,0.8
1211090002,1986,1211090,12,213,01,#,2.1,#,0.16
1211090004,1986,1211090,12,213,01,#,1.7,#,0.15
1211090006,1986,1211090,12,213,01,#,2.9,#,0.13
1211090008,1986,1211090,12,213,01,#,3.5,#,0.11
1211090010,1986,1211090,12,213,01,#,2.9,#,0.13
1211090012,1986,1211090,12,213,01,#,5.9,#,0.15
1211100001,1986,1211100,12,213,02,#,5.4,#,0.56
1211100002,1986,1211100,12,213,02,#,4.1,#,0.42
1211100003,1986,1211100,12,213,02,#,5.7,#,0.62
1211100004,1986,1211100,12,213,02,#,3.6,#,0.47
1211100005,1986,1211100,12,213,02,#,3.9,#,0.45
1211100006,1986,1211100,12,213,02,#,3.2,#,0.34
1211100007,1986,1211100,12,213,02,#,4.1,#,0.37
1211100008,1986,1211100,12,213,02,#,4.2,#,0.34
1211100009,1986,1211100,12,213,02,#,4.3,#,0.43
1211100010,1986,1211100,12,213,02,#,3.9,#,0.27
1211100011,1986,1211100,12,213,02,#,5.7,#,0.51
1211100012,1986,1211100,12,213,02,#,5.6,#,0.51
1211110001,1986,1211110,12,049,51,#,2.8,#,0.05
1211110002,1986,1211110,12,049,51,#,2.3,#,0.09
1211110003,1986,1211110,12,049,51,#,1.8,#,0.05
1211110004,1986,1211110,12,049,51,#,2.2,#,0.07
1211110005,1986,1211110,12,049,51,#,2.9,#,0.09
1211110006,1986,1211110,12,049,51,#,2.7,#,0.06
1211110007,1986,1211110,12,049,51,#,3.1,#,0.06
1211110008,1986,1211110,12,049,51,#,2.8,#,0.05
1211110009,1986,1211110,12,049,51,#,3.2,#,0.03
1211110010,1986,1211110,12,049,51,#,3.4,#,0.06
1211110011,1986,1211110,12,049,51,#,3.3,#,0.06
1211110012,1986,1211110,12,049,51,#,3.2,#,0.05
1211120001,1986,1211120,12,059,01,#,5.8,#,0.24
1211120002,1986,1211120,12,059,01,#,4.3,#,0.21
1211120003,1986,1211120,12,059,01,#,3.8,#,0.15
1211120004,1986,1211120,12,059,01,#,4.3,#,0.19
1211120005,1986,1211120,12,059,01,#,4.9,#,0.11
1211120006,1986,1211120,12,059,01,#,5,#,0.14
1211120007,1986,1211120,12,059,01,#,5.6,#,0.19
1211120008,1986,1211120,12,059,01,#,5.6,#,0.17
1211120009,1986,1211120,12,059,01,#,7,#,0.23
1211120010,1986,1211120,12,059,01,#,6.4,#,0.18
1211120011,1986,1211120,12,059,01,#,5.4,#,0.22
1211120012,1986,1211120,12,059,01,#,6.4,#,0.17
1211130001,1986,1211130,12,215,01,#,13,#,1.4
1211130002,1986,1211130,12,215,01,#,10,#,1.1
1211130003,1986,1211130,12,215,01,#,10,#,1
1211130004,1986,1211130,12,215,01,#,7.5,#,0.83
1211130005,1986,1211130,12,215,01,#,13,#,1
1211130006,1986,1211130,12,215,01,#,4.7,#,0.31
1211130007,1986,1211130,12,215,01,#,6.3,#,0.55
1211130008,1986,1211130,12,215,01,#,8.7,#,1.1
1211130009,1986,1211130,12,215,01,#,8,#,0.57
1211130010,1986,1211130,12,215,01,#,11,#,1.2
1211130011,1986,1211130,12,215,01,#,10,#,1.2
1211130012,1986,1211130,12,215,01,#,5.4,#,0.46
1211160001,1986,1211160,12,216,01,#,6.4,#,0.28
1211160002,1986,1211160,12,216,01,#,4.7,#,0.23
1211160003,1986,1211160,12,216,01,#,3.8,#,0.22
1211160004,1986,1211160,12,216,01,#,4,#,0.11
1211160005,1986,1211160,12,216,01,#,6,#,0.14
1211160006,1986,1211160,12,216,01,#,4.7,#,0.15
1211160007,1986,1211160,12,216,01,#,5.7,#,0.06
1211160008,1986,1211160,12,216,01,#,5.1,#,0.17
1211160009,1986,1211160,12,216,01,#,6.5,#,0.1
1211160010,1986,1211160,12,216,01,#,6.6,#,0.09
1211160011,1986,1211160,12,216,01,#,5.5,#,0.13
1211160012,1986,1211160,12,216,01,#,7.9,#,0.22
1211170001,1986,1211170,12,060,01,#,15,#,1.5
1211170002,1986,1211170,12,060,01,#,12,#,1.2
1211170003,1986,1211170,12,060,01,#,11,#,1.5
1211170004,1986,1211170,12,060,01,#,7,#,0.76
1211170005,1986,1211170,12,060,01,#,11,#,1.6
1211170006,1986,1211170,12,060,01,#,7.2,#,0.78
1211170007,1986,1211170,12,060,01,#,7.9,#,0.55
1211170008,1986,1211170,12,060,01,#,10,#,1.1
1211170009,1986,1211170,12,060,01,#,8.5,#,0.69
1211170010,1986,1211170,12,060,01,#,15,#,1.3
1211170011,1986,1211170,12,060,01,#,16,#,1.8
1211170012,1986,1211170,12,060,01,#,14,#,1.3
1211180001,1986,1211180,12,061,01,#,18,#,1.1
1211180002,1986,1211180,12,061,01,#,10,#,1.6
1211180003,1986,1211180,12,061,01,#,8.3,#,1.4
1211180004,1986,1211180,12,061,01,#,8.1,#,0.89
1211180005,1986,1211180,12,061,01,#,5.9,#,1.6
1211180006,1986,1211180,12,061,01,#,10,#,1.2
1211180007,1986,1211180,12,061,01,#,8,#,1
1211180008,1986,1211180,12,061,01,#,9.8,#,1.2
1211180009,1986,1211180,12,061,01,#,11,#,1.4
1211180010,1986,1211180,12,061,01,#,16,#,1.5
1211180011,1986,1211180,12,061,01,#,17,#,1.8
1211180012,1986,1211180,12,061,01,#,12,#,1.3
1220010001,1986,1220010,12,501,01,#,2.1,#,0.14
1220010002,1986,1220010,12,501,01,#,2.8,#,0.13
1220010003,1986,1220010,12,501,01,#,1.7,#,0.099
1220010004,1986,1220010,12,501,01,#,2.3,#,0.1
1220010005,1986,1220010,12,501,01,#,1.3,#,0.1
1220010006,1986,1220010,12,501,01,#,0.93,#,0.076
1220010007,1986,1220010,12,501,01,#,1.3,#,0.086
1220010008,1986,1220010,12,501,01,#,1.3,#,0.082
1220010009,1986,1220010,12,501,01,#,1.6,#,0.045
1220010010,1986,1220010,12,501,01,#,1.2,#,0.075
1220010011,1986,1220010,12,501,01,#,1.9,#,0.062
1220010012,1986,1220010,12,501,01,#,2.3,#,0.05
1220010013,1986,1220010,12,501,01,#,1.8,#,0.031
1220010014,1986,1220010,12,501,01,#,1.7,#,0.069
1220010015,1986,1220010,12,501,01,#,2.6,#,0.099
1220010016,1986,1220010,12,501,01,#,2.2,#,0.078
1220010017,1986,1220010,12,501,01,#,3.2,#,0.067
1220010018,1986,1220010,12,501,01,#,2.6,#,0.071
1220010019,1986,1220010,12,501,01,#,2.5,#,0.094
1220010020,1986,1220010,12,501,01,#,3.4,#,0.1
1220010021,1986,1220010,12,501,01,#,2.4,#,0.12
1220010022,1986,1220010,12,501,01,#,2.5,#,0.09
1220010023,1986,1220010,12,501,01,#,2.9,#,0.091
1220010024,1986,1220010,12,501,01,#,2.9,#,0.078
1220020001,1986,1220020,12,501,51,#,5.6,#,0.31
1220020002,1986,1220020,12,501,51,#,4.1,#,0.23
1220020003,1986,1220020,12,501,51,#,4,#,0.15
1220020004,1986,1220020,12,501,51,#,2.7,#,0.098
1220020005,1986,1220020,12,501,51,#,3.5,#,0.095
1220020006,1986,1220020,12,501,51,#,2.7,#,0.12
1220020007,1986,1220020,12,501,51,#,2.5,#,0.1
1220020008,1986,1220020,12,501,51,#,3.6,#,0.12
1220020009,1986,1220020,12,501,51,#,1.4,#,0.09
1220020010,1986,1220020,12,501,51,#,2.6,#,0.099
1220020011,1986,1220020,12,501,51,#,2,#,0.056
1220020012,1986,1220020,12,501,51,#,4.8,#,0.11
1220020013,1986,1220020,12,501,51,#,2.9,#,0.058
1220020014,1986,1220020,12,501,51,#,3.5,#,0.082
1220020015,1986,1220020,12,501,51,#,4,#,0.12
1220020016,1986,1220020,12,501,51,#,5.4,#,0.13
1220020017,1986,1220020,12,501,51,#,5.8,#,0.25
1220020018,1986,1220020,12,501,51,#,4.4,#,0.22
1220020019,1986,1220020,12,501,51,#,6.2,#,0.28
1220020020,1986,1220020,12,501,51,#,4.9,#,0.22
1220020021,1986,1220020,12,501,51,#,6.9,#,0.24
1220020022,1986,1220020,12,501,51,#,6.4,#,0.29
1220020023,1986,1220020,12,501,51,#,7,#,0.18
1220020024,1986,1220020,12,501,51,#,5.4,#,0.13
1220030001,1986,1220030,12,501,52,#,1.6,#,0.1
1220030002,1986,1220030,12,501,52,#,1.3,#,0.09
1220030003,1986,1220030,12,501,52,#,1.3,#,0.081
1220030004,1986,1220030,12,501,52,#,1.7,#,0.11
1220030005,1986,1220030,12,501,52,#,1,#,0.065
1220030006,1986,1220030,12,501,52,#,0.6,#,0.056
1220030007,1986,1220030,12,501,52,#,1.1,#,0.073
1220030008,1986,1220030,12,501,52,#,0.99,#,0.065
1220030009,1986,1220030,12,501,52,#,1.2,#,0.042
1220030010,1986,1220030,12,501,52,#,0.78,#,0.079
1220030011,1986,1220030,12,501,52,#,1.5,#,0.057
1220030012,1986,1220030,12,501,52,#,1.8,#,0.067
1220030013,1986,1220030,12,501,52,#,2,#,0.06
1220030014,1986,1220030,12,501,52,#,1.1,#,0.047
1220030015,1986,1220030,12,501,52,#,1.4,#,0.079
1220030016,1986,1220030,12,501,52,#,1,#,0.054
1220030017,1986,1220030,12,501,52,#,0.91,#,0.052
1220030018,1986,1220030,12,501,52,#,2.7,#,0.083
1220030019,1986,1220030,12,501,52,#,2.2,#,0.071
1220030020,1986,1220030,12,501,52,#,3.1,#,0.076
1220030021,1986,1220030,12,501,52,#,0.91,#,0.096
1220030022,1986,1220030,12,501,52,#,3.1,#,0.11
1220030023,1986,1220030,12,501,52,#,1.8,#,0.076
1220030024,1986,1220030,12,501,52,#,2.7,#,0.08
1220040001,1986,1220040,12,501,53,#,1.2,#,0.089
1220040002,1986,1220040,12,501,53,#,1.1,#,0.086
1220040003,1986,1220040,12,501,53,#,1,#,0.067
1220040004,1986,1220040,12,501,53,#,0.77,#,0.078
1220040005,1986,1220040,12,501,53,#,0.66,#,0.023
1220040006,1986,1220040,12,501,53,#,0.78,#,0.057
1220040007,1986,1220040,12,501,53,#,0.86,#,0.053
1220040008,1986,1220040,12,501,53,#,0.98,#,0.043
1220040009,1986,1220040,12,501,53,#,0.98,#,0.04
1220040010,1986,1220040,12,501,53,#,0.99,#,0.071
1220040011,1986,1220040,12,501,53,#,1,#,0.042
1220040012,1986,1220040,12,501,53,#,1,#,0.036
1220040013,1986,1220040,12,501,53,#,1.4,#,0.048
1220040014,1986,1220040,12,501,53,#,1.1,#,0.049
1220040015,1986,1220040,12,501,53,#,1,#,0.065
1220040016,1986,1220040,12,501,53,#,0.81,#,0.049
1220040017,1986,1220040,12,501,53,#,0.81,#,0.034
1220040018,1986,1220040,12,501,53,#,0.99,#,0.059
1220040019,1986,1220040,12,501,53,#,0.88,#,0.02
1220040020,1986,1220040,12,501,53,#,1.1,#,0.023
1220040021,1986,1220040,12,501,53,#,0.67,#,0.044
1220040022,1986,1220040,12,501,53,#,0.41,#,0.017
1220040023,1986,1220040,12,501,53,#,0.64,#,0.035
1220040024,1986,1220040,12,501,53,#,0.73,#,0.072
1220050001,1986,1220050,12,502,01,#,4.7,#,0.34
1220050002,1986,1220050,12,502,01,#,4.8,#,0.41
1220050003,1986,1220050,12,502,01,#,5.3,#,0.31
1220050004,1986,1220050,12,502,01,#,4.9,#,0.24
1220050005,1986,1220050,12,502,01,#,3.7,#,0.26
1220050006,1986,1220050,12,502,01,#,3.7,#,0.36
1220050007,1986,1220050,12,502,01,#,3.6,#,0.34
1220050008,1986,1220050,12,502,01,#,3.8,#,0.35
1220050009,1986,1220050,12,502,01,#,3.2,#,0.27
1220050010,1986,1220050,12,502,01,#,3.1,#,0.29
1220050011,1986,1220050,12,502,01,#,3.3,#,0.56
1220050012,1986,1220050,12,502,01,#,4.3,#,0.35
1220050013,1986,1220050,12,502,01,#,4.6,#,0.42
1220050014,1986,1220050,12,502,01,#,4.3,#,0.48
1220050015,1986,1220050,12,502,01,#,4.2,#,0.36
1220050016,1986,1220050,12,502,01,#,4.1,#,0.4
1220050017,1986,1220050,12,502,01,#,3.8,#,0.39
1220050018,1986,1220050,12,502,01,#,5.3,#,0.62
1220050019,1986,1220050,12,502,01,#,5,#,0.44
1220050020,1986,1220050,12,502,01,#,3.6,#,0.6
1220050021,1986,1220050,12,502,01,#,6.6,#,0.62
1220050022,1986,1220050,12,502,01,#,5.7,#,0.55
1220050023,1986,1220050,12,502,01,#,7.6,#,0.61
1220050024,1986,1220050,12,502,01,#,6.8,#,0.51
1220060001,1986,1220060,12,502,51,#,7.4,#,0.71
1220060002,1986,1220060,12,502,51,#,6.5,#,0.58
1220060003,1986,1220060,12,502,51,#,8.7,#,0.61
1220060004,1986,1220060,12,502,51,#,5.5,#,0.42
1220060005,1986,1220060,12,502,51,#,4.7,#,0.48
1220060006,1986,1220060,12,502,51,#,5.2,#,0.59
1220060007,1986,1220060,12,502,51,#,3.9,#,0.44
1220060008,1986,1220060,12,502,51,#,5.7,#,0.51
1220060009,1986,1220060,12,502,51,#,5.5,#,0.33
1220060010,1986,1220060,12,502,51,#,4.7,#,0.4
1220060011,1986,1220060,12,502,51,#,5.1,#,0.53
1220060012,1986,1220060,12,502,51,#,6,#,0.47
1220060013,1986,1220060,12,502,51,#,4.9,#,0.43
1220060014,1986,1220060,12,502,51,#,5,#,0.71
1220060015,1986,1220060,12,502,51,#,5.6,#,0.81
1220060016,1986,1220060,12,502,51,#,6.7,#,0.98
1220060017,1986,1220060,12,502,51,#,7.3,#,1
1220060018,1986,1220060,12,502,51,#,7.5,#,0.86
1220060019,1986,1220060,12,502,51,#,8.1,#,0.92
1220060020,1986,1220060,12,502,51,#,8.1,#,1.1
1220060021,1986,1220060,12,502,51,#,9.7,#,1.1
1220060022,1986,1220060,12,502,51,#,8,#,1
1220060023,1986,1220060,12,502,51,#,9.3,#,0.98
1220060024,1986,1220060,12,502,51,#,8.9,#,0.89
1220070001,1986,1220070,12,502,52,#,3.9,#,0.22
1220070002,1986,1220070,12,502,52,#,3.9,#,0.25
1220070003,1986,1220070,12,502,52,#,3.2,#,0.089
1220070004,1986,1220070,12,502,52,#,3.4,#,0.19
1220070005,1986,1220070,12,502,52,#,2.3,#,0.13
1220070006,1986,1220070,12,502,52,#,2.6,#,0.28
1220070007,1986,1220070,12,502,52,#,2.9,#,0.21
1220070008,1986,1220070,12,502,52,#,2.7,#,0.19
1220070009,1986,1220070,12,502,52,#,2.2,#,0.11
1220070010,1986,1220070,12,502,52,#,1.8,#,0.11
1220070011,1986,1220070,12,502,52,#,2,#,0.18
1220070012,1986,1220070,12,502,52,#,3.3,#,0.24
1220070013,1986,1220070,12,502,52,#,3,#,0.2
1220070014,1986,1220070,12,502,52,#,3.3,#,0.25
1220070015,1986,1220070,12,502,52,#,2.9,#,0.22
1220070016,1986,1220070,12,502,52,#,3.7,#,0.27
1220070017,1986,1220070,12,502,52,#,2,#,0.25
1220070018,1986,1220070,12,502,52,#,3.1,#,0.23
1220070019,1986,1220070,12,502,52,#,1.9,#,0.28
1220070020,1986,1220070,12,502,52,#,4.1,#,0.38
1220070021,1986,1220070,12,502,52,#,4,#,0.45
1220070022,1986,1220070,12,502,52,#,4.4,#,0.3
1220070023,1986,1220070,12,502,52,#,6.2,#,0.46
1220070024,1986,1220070,12,502,52,#,4.5,#,0.25
1220080001,1986,1220080,12,502,53,#,4.4,#,0.15
1220080002,1986,1220080,12,502,53,#,5.8,#,0.12
1220080003,1986,1220080,12,502,53,#,4.4,#,0.19
1220080004,1986,1220080,12,502,53,#,2.8,#,0.15
1220080005,1986,1220080,12,502,53,#,2.6,#,0.18
1220080006,1986,1220080,12,502,53,#,2.3,#,0.23
1220080007,1986,1220080,12,502,53,#,1.7,#,0.16
1220080008,1986,1220080,12,502,53,#,2.8,#,0.27
1220080009,1986,1220080,12,502,53,#,2.4,#,0.19
1220080010,1986,1220080,12,502,53,#,1.8,#,0.27
1220080011,1986,1220080,12,502,53,#,2.9,#,0.14
1220080012,1986,1220080,12,502,53,#,4.3,#,0.14
1220080013,1986,1220080,12,502,53,#,3.5,#,0.12
1220080014,1986,1220080,12,502,53,#,3.4,#,0.11
1220080015,1986,1220080,12,502,53,#,4.8,#,0.15
1220080016,1986,1220080,12,502,53,#,4.3,#,0.13
1220080017,1986,1220080,12,502,53,#,4.7,#,0.12
1220080018,1986,1220080,12,502,53,#,5.2,#,0.14
1220080019,1986,1220080,12,502,53,#,5.2,#,0.061
1220080020,1986,1220080,12,502,53,#,4.7,#,0.12
1220080021,1986,1220080,12,502,53,#,5.7,#,0.14
1220080022,1986,1220080,12,502,53,#,4.3,#,0.22
1220080023,1986,1220080,12,502,53,#,4.6,#,0.16
1220080024,1986,1220080,12,502,53,#,4.4,#,0.21
1230010001,1986,1230010,12,601,01,#,1.4,#,0.071
1230010002,1986,1230010,12,601,01,#,1.7,#,0.069
1230010004,1986,1230010,12,601,01,#,1,#,0.079
1230010005,1986,1230010,12,601,01,#,1.1,#,0.078
1230010007,1986,1230010,12,601,01,#,2,#,0.13
1230010008,1986,1230010,12,601,01,#,1.8,#,0.13
1230010010,1986,1230010,12,601,01,#,0.91,#,0.089
1230010011,1986,1230010,12,601,01,#,1.2,#,0.094
1230010013,1986,1230010,12,601,01,#,1.1,#,0.14
1230010014,1986,1230010,12,601,01,#,2.3,#,0.18
1230010016,1986,1230010,12,601,01,#,1.2,#,0.097
1230010017,1986,1230010,12,601,01,#,1.2,#,0.1
1230010019,1986,1230010,12,601,01,#,1,#,0.086
1230010020,1986,1230010,12,601,01,#,0.74,#,0.086
1230010022,1986,1230010,12,601,01,#,0.87,#,0.1
1230010023,1986,1230010,12,601,01,#,1,#,0.1
1230010025,1986,1230010,12,601,01,#,1,#,0.072
1230010026,1986,1230010,12,601,01,#,1.1,#,0.068
1230010028,1986,1230010,12,601,01,#,1.3,#,0.077
1230010029,1986,1230010,12,601,01,#,1.3,#,0.078
1230010031,1986,1230010,12,601,01,#,1.5,#,0.083
1230010032,1986,1230010,12,601,01,#,1.5,#,0.075
1230010034,1986,1230010,12,601,01,#,1.4,#,0.061
1230010035,1986,1230010,12,601,01,#,1.4,#,0.069
1230020001,1986,1230020,12,601,02,#,1.3,#,0.06
1230020002,1986,1230020,12,601,02,#,1.4,#,0.062
1230020004,1986,1230020,12,601,02,#,1.1,#,0.073
1230020005,1986,1230020,12,601,02,#,1.2,#,0.064
1230020007,1986,1230020,12,601,02,#,1.6,#,0.11
1230020008,1986,1230020,12,601,02,#,2,#,0.21
1230020010,1986,1230020,12,601,02,#,0.91,#,0.059
1230020011,1986,1230020,12,601,02,#,1.1,#,0.081
1230020013,1986,1230020,12,601,02,#,1.2,#,0.14
1230020014,1986,1230020,12,601,02,#,1.4,#,0.14
1230020016,1986,1230020,12,601,02,#,1.2,#,0.14
1230020017,1986,1230020,12,601,02,#,1.3,#,0.083
1230020019,1986,1230020,12,601,02,#,0.57,#,0.077
1230020020,1986,1230020,12,601,02,#,0.7,#,0.075
1230020022,1986,1230020,12,601,02,#,0.98,#,0.1
1230020023,1986,1230020,12,601,02,#,1,#,0.092
1230020025,1986,1230020,12,601,02,#,1.1,#,0.07
1230020026,1986,1230020,12,601,02,#,1.2,#,0.075
1230020028,1986,1230020,12,601,02,#,1.1,#,0.066
1230020029,1986,1230020,12,601,02,#,1.1,#,0.078
1230020031,1986,1230020,12,601,02,#,1.2,#,0.069
1230020032,1986,1230020,12,601,02,#,1.3,#,0.072
1230020034,1986,1230020,12,601,02,#,1.3,#,0.053
1230020035,1986,1230020,12,601,02,#,1.3,#,0.052
1230030001,1986,1230030,12,601,03,#,1,#,0.055
1230030002,1986,1230030,12,601,03,#,1.1,#,0.048
1230030004,1986,1230030,12,601,03,#,0.94,#,0.056
1230030005,1986,1230030,12,601,03,#,1.4,#,0.077
1230030007,1986,1230030,12,601,03,#,0.76,#,0.076
1230030008,1986,1230030,12,601,03,#,1.8,#,0.14
1230030010,1986,1230030,12,601,03,#,0.95,#,0.062
1230030011,1986,1230030,12,601,03,#,1.2,#,0.086
1230030013,1986,1230030,12,601,03,#,1.1,#,0.11
1230030014,1986,1230030,12,601,03,#,2.1,#,0.14
1230030016,1986,1230030,12,601,03,#,0.56,#,0.086
1230030017,1986,1230030,12,601,03,#,1,#,0.085
1230030019,1986,1230030,12,601,03,#,0.71,#,0.072
1230030020,1986,1230030,12,601,03,#,0.82,#,0.079
1230030022,1986,1230030,12,601,03,#,0.76,#,0.073
1230030023,1986,1230030,12,601,03,#,0.84,#,0.081
1230030025,1986,1230030,12,601,03,#,1.7,#,0.056
1230030026,1986,1230030,12,601,03,#,0.88,#,0.052
1230030028,1986,1230030,12,601,03,#,1,#,0.07
1230030029,1986,1230030,12,601,03,#,1.1,#,0.061
1230030031,1986,1230030,12,601,03,#,1.3,#,0.06
1230030032,1986,1230030,12,601,03,#,1.3,#,0.06
1230030034,1986,1230030,12,601,03,#,1.2,#,0.056
1230030035,1986,1230030,12,601,03,#,1.2,#,0.047
1230040004,1986,1230040,12,601,51,#,1.4,#,0.07
1230040005,1986,1230040,12,601,51,#,1.1,#,0.07
1230040013,1986,1230040,12,601,51,#,1.4,#,0.11
1230040014,1986,1230040,12,601,51,#,0.79,#,0.09
1230040016,1986,1230040,12,601,51,#,1.1,#,0.07
1230040017,1986,1230040,12,601,51,#,0.91,#,0.06
1230040022,1986,1230040,12,601,51,#,0.71,#,0.09
1230040023,1986,1230040,12,601,51,#,1.1,#,0.06
1230040028,1986,1230040,12,601,51,#,1.3,#,0.05
1230040029,1986,1230040,12,601,51,#,1.1,#,0.05
1230040034,1986,1230040,12,601,51,#,1.3,#,0.04
1230040035,1986,1230040,12,601,51,#,1.4,#,0.04
1230050004,1986,1230050,12,601,52,#,2.4,#,0.11
1230050005,1986,1230050,12,601,52,#,1.2,#,0.08
1230050013,1986,1230050,12,601,52,#,1.5,#,0.1
1230050014,1986,1230050,12,601,52,#,0.95,#,0.06
1230050016,1986,1230050,12,601,52,#,1.3,#,0.08
1230050017,1986,1230050,12,601,52,#,1.2,#,0.07
1230050022,1986,1230050,12,601,52,#,3.8,#,0.13
1230050023,1986,1230050,12,601,52,#,0.73,#,0.08
1230050028,1986,1230050,12,601,52,#,2.3,#,0.05
1230050029,1986,1230050,12,601,52,#,1.4,#,0.05
1230050034,1986,1230050,12,601,52,#,2.6,#,0.05
1230050035,1986,1230050,12,601,52,#,1.3,#,0.04
1230060004,1986,1230060,12,601,53,#,1.8,#,0.05
1230060005,1986,1230060,12,601,53,#,1.1,#,0.09
1230060013,1986,1230060,12,601,53,#,1.6,#,0.2
1230060014,1986,1230060,12,601,53,#,0.92,#,0.18
1230060016,1986,1230060,12,601,53,#,1.2,#,0.04
1230060017,1986,1230060,12,601,53,#,0.79,#,0.1
1230060022,1986,1230060,12,601,53,#,0.88,#,0.11
1230060023,1986,1230060,12,601,53,#,0.59,#,0.11
1230060028,1986,1230060,12,601,53,#,2.1,#,0.18
1230060029,1986,1230060,12,601,53,#,1.7,#,0.06
1230060034,1986,1230060,12,601,53,#,1.5,#,0.06
1230060035,1986,1230060,12,601,53,#,1.1,#,0.05
1230150001,1986,1230150,12,602,01,#,1.2,#,0.066
1230150002,1986,1230150,12,602,01,#,1.3,#,0.068
1230150004,1986,1230150,12,602,01,#,1,#,0.079
1230150005,1986,1230150,12,602,01,#,1.1,#,0.058
1230150007,1986,1230150,12,602,01,#,1.4,#,0.089
1230150008,1986,1230150,12,602,01,#,2,#,0.15
1230150010,1986,1230150,12,602,01,#,0.91,#,0.071
1230150011,1986,1230150,12,602,01,#,1.4,#,0.08
1230150013,1986,1230150,12,602,01,#,1,#,0.14
1230150014,1986,1230150,12,602,01,#,1.5,#,0.13
1230150016,1986,1230150,12,602,01,#,0.91,#,0.079
1230150017,1986,1230150,12,602,01,#,1.3,#,0.089
1230150019,1986,1230150,12,602,01,#,0.64,#,0.075
1230150020,1986,1230150,12,602,01,#,0.67,#,0.088
1230150022,1986,1230150,12,602,01,#,0.81,#,0.098
1230150023,1986,1230150,12,602,01,#,0.93,#,0.1
1230150025,1986,1230150,12,602,01,#,1,#,0.063
1230150026,1986,1230150,12,602,01,#,1,#,0.066
1230150028,1986,1230150,12,602,01,#,1.1,#,0.067
1230150029,1986,1230150,12,602,01,#,1.1,#,0.064
1230150031,1986,1230150,12,602,01,#,1.4,#,0.073
1230150032,1986,1230150,12,602,01,#,1.4,#,0.067
1230150034,1986,1230150,12,602,01,#,1.3,#,0.064
1230150035,1986,1230150,12,602,01,#,1.2,#,0.059
1230160001,1986,1230160,12,602,02,#,1.1,#,0.06
1230160002,1986,1230160,12,602,02,#,1.2,#,0.065
1230160004,1986,1230160,12,602,02,#,0.76,#,0.059
1230160005,1986,1230160,12,602,02,#,1.2,#,0.05
1230160007,1986,1230160,12,602,02,#,1.1,#,0.062
1230160008,1986,1230160,12,602,02,#,1.2,#,0.1
1230160010,1986,1230160,12,602,02,#,0.62,#,0.066
1230160011,1986,1230160,12,602,02,#,1,#,0.061
1230160013,1986,1230160,12,602,02,#,1,#,0.094
1230160014,1986,1230160,12,602,02,#,1.9,#,0.12
1230160016,1986,1230160,12,602,02,#,0.58,#,0.078
1230160017,1986,1230160,12,602,02,#,1.3,#,0.086
1230160019,1986,1230160,12,602,02,#,0.56,#,0.086
1230160020,1986,1230160,12,602,02,#,0.74,#,0.076
1230160022,1986,1230160,12,602,02,#,0.62,#,0.065
1230160023,1986,1230160,12,602,02,#,1,#,0.11
1230160025,1986,1230160,12,602,02,#,0.93,#,0.061
1230160026,1986,1230160,12,602,02,#,0.93,#,0.064
1230160028,1986,1230160,12,602,02,#,0.99,#,0.061
1230160029,1986,1230160,12,602,02,#,1,#,0.063
1230160031,1986,1230160,12,602,02,#,1.2,#,0.062
1230160032,1986,1230160,12,602,02,#,1.3,#,0.069
1230160034,1986,1230160,12,602,02,#,1.2,#,0.049
1230160035,1986,1230160,12,602,02,#,1.2,#,0.046
1230170001,1986,1230170,12,602,03,#,0.96,#,0.046
1230170002,1986,1230170,12,602,03,#,1.1,#,0.05
1230170004,1986,1230170,12,602,03,#,0.75,#,0.053
1230170005,1986,1230170,12,602,03,#,1,#,0.054
1230170007,1986,1230170,12,602,03,#,1.1,#,0.074
1230170008,1986,1230170,12,602,03,#,1.5,#,0.11
1230170010,1986,1230170,12,602,03,#,0.81,#,0.064
1230170011,1986,1230170,12,602,03,#,1.3,#,0.086
1230170013,1986,1230170,12,602,03,#,1,#,0.094
1230170014,1986,1230170,12,602,03,#,1.7,#,0.13
1230170016,1986,1230170,12,602,03,#,0.53,#,0.078
1230170017,1986,1230170,12,602,03,#,1.1,#,0.083
1230170019,1986,1230170,12,602,03,#,0.55,#,0.078
1230170020,1986,1230170,12,602,03,#,0.81,#,0.077
1230170022,1986,1230170,12,602,03,#,0.67,#,0.07
1230170023,1986,1230170,12,602,03,#,1.1,#,0.09
1230170025,1986,1230170,12,602,03,#,0.86,#,0.052
1230170026,1986,1230170,12,602,03,#,0.85,#,0.057
1230170028,1986,1230170,12,602,03,#,1,#,0.063
1230170029,1986,1230170,12,602,03,#,1.1,#,0.071
1230170031,1986,1230170,12,602,03,#,1.2,#,0.062
1230170032,1986,1230170,12,602,03,#,1.3,#,0.059
1230170034,1986,1230170,12,602,03,#,1.2,#,0.05
1230170035,1986,1230170,12,602,03,#,1,#,0.047
1230200001,1986,1230200,12,603,01,#,1,#,0.051
1230200002,1986,1230200,12,603,01,#,0.95,#,0.052
1230200004,1986,1230200,12,603,01,#,0.92,#,0.056
1230200005,1986,1230200,12,603,01,#,0.96,#,0.053
1230200007,1986,1230200,12,603,01,#,0.76,#,0.059
1230200008,1986,1230200,12,603,01,#,1,#,0.072
1230200010,1986,1230200,12,603,01,#,0.8,#,0.063
1230200011,1986,1230200,12,603,01,#,1,#,0.09
1230200013,1986,1230200,12,603,01,#,1,#,0.087
1230200014,1986,1230200,12,603,01,#,1.1,#,0.092
1230200016,1986,1230200,12,603,01,#,0.78,#,0.074
1230200017,1986,1230200,12,603,01,#,0.82,#,0.076
1230200019,1986,1230200,12,603,01,#,0.41,#,0.063
1230200020,1986,1230200,12,603,01,#,0.54,#,0.067
1230200022,1986,1230200,12,603,01,#,0.51,#,0.082
1230200023,1986,1230200,12,603,01,#,0.57,#,0.073
1230200025,1986,1230200,12,603,01,#,0.92,#,0.062
1230200026,1986,1230200,12,603,01,#,0.85,#,0.055
1230200028,1986,1230200,12,603,01,#,1.1,#,0.072
1230200029,1986,1230200,12,603,01,#,0.97,#,0.072
1230200031,1986,1230200,12,603,01,#,0.98,#,0.062
1230200032,1986,1230200,12,603,01,#,1,#,0.056
1230200034,1986,1230200,12,603,01,#,0.9,#,0.037
1230200035,1986,1230200,12,603,01,#,0.85,#,0.042
1230220001,1986,1230220,12,604,01,#,0.91,#,0.051
1230220002,1986,1230220,12,604,01,#,1.3,#,0.048
1230220004,1986,1230220,12,604,01,#,0.99,#,0.056
1230220005,1986,1230220,12,604,01,#,1.4,#,0.05
1230220007,1986,1230220,12,604,01,#,0.78,#,0.06
1230220008,1986,1230220,12,604,01,#,1,#,0.063
1230220010,1986,1230220,12,604,01,#,0.79,#,0.072
1230220011,1986,1230220,12,604,01,#,1,#,0.059
1230220013,1986,1230220,12,604,01,#,0.79,#,0.089
1230220014,1986,1230220,12,604,01,#,1.3,#,0.083
1230220016,1986,1230220,12,604,01,#,0.74,#,0.084
1230220017,1986,1230220,12,604,01,#,0.94,#,0.076
1230220019,1986,1230220,12,604,01,#,0.64,#,0.06
1230220020,1986,1230220,12,604,01,#,0.8,#,0.078
1230220022,1986,1230220,12,604,01,#,0.75,#,0.076
1230220023,1986,1230220,12,604,01,#,0.81,#,0.081
1230220025,1986,1230220,12,604,01,#,1.1,#,0.057
1230220026,1986,1230220,12,604,01,#,1,#,0.056
1230220028,1986,1230220,12,604,01,#,1.1,#,0.063
1230220029,1986,1230220,12,604,01,#,1.1,#,0.068
1230220031,1986,1230220,12,604,01,#,1.1,#,0.055
1230220032,1986,1230220,12,604,01,#,1,#,0.057
1230220034,1986,1230220,12,604,01,#,1,#,0.037
1230220035,1986,1230220,12,604,01,#,1.3,#,0.044
1230240001,1986,1230240,12,605,01,#,1.6,#,0.11
1230240002,1986,1230240,12,605,01,#,1.3,#,0.11
1230240003,1986,1230240,12,605,01,#,1.4,#,0.15
1230240004,1986,1230240,12,605,01,#,0.95,#,0.15
1230240005,1986,1230240,12,605,01,#,1.6,#,0.15
1230240006,1986,1230240,12,605,01,#,0.96,#,0.22
1230240007,1986,1230240,12,605,01,#,0.96,#,0.084
1230240008,1986,1230240,12,605,01,#,0.69,#,0.096
1230240009,1986,1230240,12,605,01,#,1.9,#,0.21
1230240010,1986,1230240,12,605,01,#,0.89,#,0.17
1230240011,1986,1230240,12,605,01,#,1.8,#,0.17
1230240012,1986,1230240,12,605,01,#,0.96,#,0.18
1230240013,1986,1230240,12,605,01,#,1,#,0.15
1230240014,1986,1230240,12,605,01,#,0.63,#,0.15
1230240015,1986,1230240,12,605,01,#,1.4,#,0.13
1230240016,1986,1230240,12,605,01,#,1,#,0.091
1230240017,1986,1230240,12,605,01,#,1.5,#,0.13
1230240018,1986,1230240,12,605,01,#,1.3,#,0.1
1230240019,1986,1230240,12,605,01,#,1,#,0.089
1230240020,1986,1230240,12,605,01,#,1.1,#,0.081
1230240021,1986,1230240,12,605,01,#,1.7,#,0.13
1230240022,1986,1230240,12,605,01,#,1.1,#,0.1
1230240023,1986,1230240,12,605,01,#,1.8,#,0.1
1230240024,1986,1230240,12,605,01,#,1.5,#,0.1
1230260001,1986,1230260,12,606,01,#,2.3,#,0.13
1230260002,1986,1230260,12,606,01,#,2.4,#,0.15
1230260004,1986,1230260,12,606,01,#,2.6,#,0.18
1230260005,1986,1230260,12,606,01,#,2.8,#,0.19
1230260007,1986,1230260,12,606,01,#,1.5,#,0.16
1230260008,1986,1230260,12,606,01,#,1.7,#,0.2
1230260010,1986,1230260,12,606,01,#,1.8,#,0.17
1230260011,1986,1230260,12,606,01,#,2.1,#,0.31
1230260013,1986,1230260,12,606,01,#,2.6,#,0.94
1230260015,1986,1230260,12,606,01,#,4.5,#,0.5
1230260016,1986,1230260,12,606,01,#,1.2,#,0.12
1230260017,1986,1230260,12,606,01,#,1.2,#,0.13
1230260019,1986,1230260,12,606,01,#,1,#,0.15
1230260020,1986,1230260,12,606,01,#,1.1,#,0.17
1230260022,1986,1230260,12,606,01,#,1.2,#,0.14
1230260023,1986,1230260,12,606,01,#,1.5,#,0.18
1230260025,1986,1230260,12,606,01,#,1.4,#,0.1
1230260026,1986,1230260,12,606,01,#,1.4,#,0.099
1230260028,1986,1230260,12,606,01,#,1.6,#,0.1
1230260029,1986,1230260,12,606,01,#,1.6,#,0.1
1230260031,1986,1230260,12,606,01,#,1.7,#,0.1
1230260032,1986,1230260,12,606,01,#,1.5,#,0.096
1230260034,1986,1230260,12,606,01,#,1.5,#,0.073
1230260035,1986,1230260,12,606,01,#,1.3,#,0.072
1230290001,1986,1230290,12,607,01,#,2.4,#,0.091
1230290002,1986,1230290,12,607,01,#,2.2,#,0.1
1230290004,1986,1230290,12,607,01,#,1.5,#,0.1
1230290005,1986,1230290,12,607,01,#,1.6,#,0.1
1230290007,1986,1230290,12,607,01,#,1.5,#,0.091
1230290008,1986,1230290,12,607,01,#,2,#,0.12
1230290010,1986,1230290,12,607,01,#,1,#,0.088
1230290012,1986,1230290,12,607,01,#,1.4,#,0.093
1230290013,1986,1230290,12,607,01,#,1.2,#,0.17
1230290014,1986,1230290,12,607,01,#,1.9,#,0.16
1230290016,1986,1230290,12,607,01,#,1.1,#,0.1
1230290017,1986,1230290,12,607,01,#,1.3,#,0.1
1230290019,1986,1230290,12,607,01,#,0.83,#,0.082
1230290020,1986,1230290,12,607,01,#,1.9,#,0.089
1230290022,1986,1230290,12,607,01,#,1.7,#,0.16
1230290023,1986,1230290,12,607,01,#,2.7,#,0.24
1230290025,1986,1230290,12,607,01,#,0.98,#,0.062
1230290026,1986,1230290,12,607,01,#,1.4,#,0.058
1230290028,1986,1230290,12,607,01,#,1.3,#,0.077
1230290029,1986,1230290,12,607,01,#,1.4,#,0.077
1230290031,1986,1230290,12,607,01,#,1.4,#,0.077
1230290032,1986,1230290,12,607,01,#,1.6,#,0.074
1230290034,1986,1230290,12,607,01,#,1.4,#,0.066
1230290035,1986,1230290,12,607,01,#,1.4,#,0.059
1230300001,1986,1230300,12,607,02,#,1.5,#,0.091
1230300002,1986,1230300,12,607,02,#,2,#,0.09
1230300004,1986,1230300,12,607,02,#,1.4,#,0.092
1230300005,1986,1230300,12,607,02,#,1.5,#,0.087
1230300007,1986,1230300,12,607,02,#,1.5,#,0.1
1230300008,1986,1230300,12,607,02,#,1.6,#,0.098
1230300010,1986,1230300,12,607,02,#,1.2,#,0.092
1230300011,1986,1230300,12,607,02,#,1.1,#,0.094
1230300013,1986,1230300,12,607,02,#,1.2,#,0.12
1230300014,1986,1230300,12,607,02,#,1.5,#,0.13
1230300016,1986,1230300,12,607,02,#,0.89,#,0.1
1230300017,1986,1230300,12,607,02,#,0.99,#,0.1
1230300019,1986,1230300,12,607,02,#,0.86,#,0.1
1230300020,1986,1230300,12,607,02,#,0.94,#,0.11
1230300022,1986,1230300,12,607,02,#,1.1,#,0.11
1230300023,1986,1230300,12,607,02,#,1.3,#,0.13
1230300025,1986,1230300,12,607,02,#,1.1,#,0.083
1230300026,1986,1230300,12,607,02,#,1.2,#,0.077
1230300028,1986,1230300,12,607,02,#,1.3,#,0.073
1230300029,1986,1230300,12,607,02,#,1.3,#,0.08
1230300031,1986,1230300,12,607,02,#,1.5,#,0.067
1230300032,1986,1230300,12,607,02,#,1.4,#,0.067
1230300034,1986,1230300,12,607,02,#,1.3,#,0.073
1230300035,1986,1230300,12,607,02,#,1.5,#,0.077
1230310001,1986,1230310,12,607,51,#,1.3,#,0.1
1230310002,1986,1230310,12,607,51,#,0.93,#,0.1
1230310003,1986,1230310,12,607,51,#,1.4,#,0.1
1230310004,1986,1230310,12,607,51,#,0.84,#,0.14
1230310005,1986,1230310,12,607,51,#,0.91,#,0.14
1230310006,1986,1230310,12,607,51,#,1.2,#,0.091
1230310007,1986,1230310,12,607,51,#,0.91,#,0.14
1230310008,1986,1230310,12,607,51,#,0.65,#,0.14
1230310009,1986,1230310,12,607,51,#,2.3,#,0.14
1230310010,1986,1230310,12,607,51,#,0.79,#,0.14
1230310011,1986,1230310,12,607,51,#,1.3,#,0.086
1230310012,1986,1230310,12,607,51,#,0.73,#,0.13
1230310013,1986,1230310,12,607,51,#,0.76,#,0.078
1230310014,1986,1230310,12,607,51,#,0.65,#,0.13
1230310015,1986,1230310,12,607,51,#,1.3,#,0.099
1230310016,1986,1230310,12,607,51,#,0.95,#,0.074
1230310017,1986,1230310,12,607,51,#,1.2,#,0.069
1230310018,1986,1230310,12,607,51,#,1.1,#,0.076
1230310019,1986,1230310,12,607,51,#,1.3,#,0.069
1230310020,1986,1230310,12,607,51,#,1.3,#,0.076
1230310021,1986,1230310,12,607,51,#,1.1,#,0.059
1230310022,1986,1230310,12,607,51,#,1.1,#,0.076
1230310023,1986,1230310,12,607,51,#,1.5,#,0.074
1230310024,1986,1230310,12,607,51,#,1.4,#,0.066
1230360001,1986,1230360,12,608,01,#,1.6,#,0.08
1230360002,1986,1230360,12,608,01,#,1.3,#,0.085
1230360004,1986,1230360,12,608,01,#,1.5,#,0.099
1230360005,1986,1230360,12,608,01,#,1.7,#,0.1
1230360007,1986,1230360,12,608,01,#,1.3,#,0.082
1230360008,1986,1230360,12,608,01,#,1.5,#,0.1
1230360010,1986,1230360,12,608,01,#,0.9,#,0.092
1230360011,1986,1230360,12,608,01,#,1,#,0.076
1230360013,1986,1230360,12,608,01,#,1.3,#,0.23
1230360014,1986,1230360,12,608,01,#,1.7,#,0.13
1230360016,1986,1230360,12,608,01,#,0.83,#,0.1
1230360017,1986,1230360,12,608,01,#,1,#,0.1
1230360019,1986,1230360,12,608,01,#,0.69,#,0.098
1230360020,1986,1230360,12,608,01,#,0.76,#,0.09
1230360022,1986,1230360,12,608,01,#,0.93,#,0.1
1230360023,1986,1230360,12,608,01,#,1.1,#,0.12
1230360025,1986,1230360,12,608,01,#,1.1,#,0.074
1230360026,1986,1230360,12,608,01,#,1.1,#,0.08
1230360028,1986,1230360,12,608,01,#,1.2,#,0.073
1230360029,1986,1230360,12,608,01,#,1.3,#,0.073
1230360031,1986,1230360,12,608,01,#,1.3,#,0.06
1230360032,1986,1230360,12,608,01,#,1.4,#,0.064
1230360034,1986,1230360,12,608,01,#,1.3,#,0.06
1230360035,1986,1230360,12,608,01,#,1.3,#,0.059
1230370001,1986,1230370,12,608,02,#,1.1,#,0.065
1230370002,1986,1230370,12,608,02,#,1.3,#,0.069
1230370004,1986,1230370,12,608,02,#,0.79,#,0.068
1230370005,1986,1230370,12,608,02,#,1.4,#,0.075
1230370007,1986,1230370,12,608,02,#,1,#,0.071
1230370008,1986,1230370,12,608,02,#,1.3,#,0.094
1230370010,1986,1230370,12,608,02,#,0.91,#,0.078
1230370011,1986,1230370,12,608,02,#,1.3,#,0.089
1230370013,1986,1230370,12,608,02,#,0.83,#,0.11
1230370014,1986,1230370,12,608,02,#,1.3,#,0.11
1230370016,1986,1230370,12,608,02,#,0.76,#,0.1
1230370017,1986,1230370,12,608,02,#,1.4,#,0.096
1230370019,1986,1230370,12,608,02,#,0.63,#,0.068
1230370020,1986,1230370,12,608,02,#,0.89,#,0.088
1230370022,1986,1230370,12,608,02,#,0.74,#,0.076
1230370023,1986,1230370,12,608,02,#,1.3,#,0.11
1230370025,1986,1230370,12,608,02,#,1.1,#,0.063
1230370026,1986,1230370,12,608,02,#,0.93,#,0.067
1230370028,1986,1230370,12,608,02,#,1,#,0.06
1230370029,1986,1230370,12,608,02,#,1.2,#,0.076
1230370031,1986,1230370,12,608,02,#,1.3,#,0.06
1230370032,1986,1230370,12,608,02,#,1.4,#,0.07
1230370034,1986,1230370,12,608,02,#,1.1,#,0.047
1230370035,1986,1230370,12,608,02,#,1.1,#,0.045
1230400001,1986,1230400,12,609,01,#,1,#,0.056
1230400002,1986,1230400,12,609,01,#,1.1,#,0.078
1230400004,1986,1230400,12,609,01,#,1.1,#,0.06
1230400005,1986,1230400,12,609,01,#,1.2,#,0.053
1230400007,1986,1230400,12,609,01,#,1.1,#,0.068
1230400008,1986,1230400,12,609,01,#,1.3,#,0.088
1230400010,1986,1230400,12,609,01,#,0.77,#,0.05
1230400011,1986,1230400,12,609,01,#,0.94,#,0.062
1230400013,1986,1230400,12,609,01,#,0.88,#,0.099
1230400014,1986,1230400,12,609,01,#,1.3,#,0.099
1230400016,1986,1230400,12,609,01,#,0.64,#,0.084
1230400017,1986,1230400,12,609,01,#,1.4,#,0.086
1230400019,1986,1230400,12,609,01,#,0.5,#,0.069
1230400020,1986,1230400,12,609,01,#,1,#,0.096
1230400022,1986,1230400,12,609,01,#,0.77,#,0.089
1230400023,1986,1230400,12,609,01,#,0.89,#,0.082
1230400025,1986,1230400,12,609,01,#,0.97,#,0.058
1230400026,1986,1230400,12,609,01,#,1.6,#,0.061
1230400028,1986,1230400,12,609,01,#,1,#,0.063
1230400029,1986,1230400,12,609,01,#,1,#,0.069
1230400031,1986,1230400,12,609,01,#,1.2,#,0.057
1230400032,1986,1230400,12,609,01,#,1.2,#,0.054
1230400034,1986,1230400,12,609,01,#,1.1,#,0.045
1230400035,1986,1230400,12,609,01,#,1.1,#,0.043
1230410001,1986,1230410,12,609,02,#,0.92,#,0.049
1230410002,1986,1230410,12,609,02,#,0.91,#,0.046
1230410004,1986,1230410,12,609,02,#,0.85,#,0.076
1230410005,1986,1230410,12,609,02,#,0.78,#,0.053
1230410007,1986,1230410,12,609,02,#,1.2,#,0.04
1230410008,1986,1230410,12,609,02,#,1,#,0.06
1230410010,1986,1230410,12,609,02,#,0.77,#,0.049
1230410011,1986,1230410,12,609,02,#,1.1,#,0.064
1230410013,1986,1230410,12,609,02,#,0.75,#,0.065
1230410014,1986,1230410,12,609,02,#,1.2,#,0.082
1230410016,1986,1230410,12,609,02,#,0.76,#,0.066
1230410017,1986,1230410,12,609,02,#,0.69,#,0.062
1230410019,1986,1230410,12,609,02,#,0.48,#,0.06
1230410020,1986,1230410,12,609,02,#,0.66,#,0.067
1230410022,1986,1230410,12,609,02,#,0.64,#,0.077
1230410023,1986,1230410,12,609,02,#,0.65,#,0.076
1230410025,1986,1230410,12,609,02,#,0.87,#,0.057
1230410026,1986,1230410,12,609,02,#,0.97,#,0.066
1230410028,1986,1230410,12,609,02,#,0.86,#,0.066
1230410029,1986,1230410,12,609,02,#,0.9,#,0.061
1230410031,1986,1230410,12,609,02,#,1,#,0.055
1230410032,1986,1230410,12,609,02,#,1,#,0.054
1230410034,1986,1230410,12,609,02,#,0.98,#,0.031
1230410035,1986,1230410,12,609,02,#,0.82,#,0.029
1230420001,1986,1230420,12,609,03,#,1,#,0.05
1230420002,1986,1230420,12,609,03,#,0.98,#,0.044
1230420004,1986,1230420,12,609,03,#,0.71,#,0.056
1230420006,1986,1230420,12,609,03,#,0.78,#,0.055
1230420007,1986,1230420,12,609,03,#,0.73,#,0.042
1230420008,1986,1230420,12,609,03,#,0.97,#,0.051
1230420010,1986,1230420,12,609,03,#,0.86,#,0.057
1230420011,1986,1230420,12,609,03,#,0.86,#,0.061
1230420013,1986,1230420,12,609,03,#,0.95,#,0.084
1230420014,1986,1230420,12,609,03,#,1,#,0.12
1230420016,1986,1230420,12,609,03,#,0.7,#,0.067
1230420017,1986,1230420,12,609,03,#,0.88,#,0.06
1230420019,1986,1230420,12,609,03,#,0.61,#,0.065
1230420020,1986,1230420,12,609,03,#,0.66,#,0.073
1230420022,1986,1230420,12,609,03,#,0.59,#,0.068
1230420023,1986,1230420,12,609,03,#,0.74,#,0.082
1230420025,1986,1230420,12,609,03,#,0.82,#,0.059
1230420026,1986,1230420,12,609,03,#,0.82,#,0.056
1230420028,1986,1230420,12,609,03,#,0.92,#,0.062
1230420029,1986,1230420,12,609,03,#,0.95,#,0.067
1230420031,1986,1230420,12,609,03,#,1.1,#,0.06
1230420032,1986,1230420,12,609,03,#,1.1,#,0.057
1230420034,1986,1230420,12,609,03,#,0.89,#,0.031
1230420035,1986,1230420,12,609,03,#,0.91,#,0.04
1230460001,1986,1230460,12,610,01,#,1.1,#,0.043
1230460002,1986,1230460,12,610,01,#,1,#,0.048
1230460004,1986,1230460,12,610,01,#,0.83,#,0.058
1230460005,1986,1230460,12,610,01,#,1,#,0.042
1230460007,1986,1230460,12,610,01,#,0.74,#,0.07
1230460008,1986,1230460,12,610,01,#,1.7,#,0.13
1230460010,1986,1230460,12,610,01,#,0.66,#,0.048
1230460011,1986,1230460,12,610,01,#,1.3,#,0.078
1230460013,1986,1230460,12,610,01,#,0.72,#,0.066
1230460014,1986,1230460,12,610,01,#,1.5,#,0.11
1230460016,1986,1230460,12,610,01,#,0.54,#,0.066
1230460017,1986,1230460,12,610,01,#,1,#,0.069
1230460019,1986,1230460,12,610,01,#,0.48,#,0.055
1230460020,1986,1230460,12,610,01,#,0.81,#,0.077
1230460022,1986,1230460,12,610,01,#,0.81,#,0.085
1230460023,1986,1230460,12,610,01,#,0.9,#,0.084
1230460025,1986,1230460,12,610,01,#,0.87,#,0.059
1230460026,1986,1230460,12,610,01,#,0.97,#,0.061
1230460028,1986,1230460,12,610,01,#,1.1,#,0.068
1230460029,1986,1230460,12,610,01,#,1,#,0.067
1230460031,1986,1230460,12,610,01,#,1.2,#,0.059
1230460032,1986,1230460,12,610,01,#,1.2,#,0.055
1230460034,1986,1230460,12,610,01,#,0.97,#,0.048
1230460035,1986,1230460,12,610,01,#,1,#,0.039
1230470001,1986,1230470,12,610,02,#,0.74,#,0.047
1230470002,1986,1230470,12,610,02,#,0.95,#,0.049
1230470004,1986,1230470,12,610,02,#,0.86,#,0.05
1230470005,1986,1230470,12,610,02,#,0.92,#,0.05
1230470007,1986,1230470,12,610,02,#,0.8,#,0.049
1230470008,1986,1230470,12,610,02,#,1,#,0.058
1230470010,1986,1230470,12,610,02,#,0.58,#,0.044
1230470011,1986,1230470,12,610,02,#,0.91,#,0.057
1230470013,1986,1230470,12,610,02,#,0.74,#,0.064
1230470014,1986,1230470,12,610,02,#,2.1,#,0.12
1230470016,1986,1230470,12,610,02,#,0.51,#,0.077
1230470017,1986,1230470,12,610,02,#,0.78,#,0.074
1230470019,1986,1230470,12,610,02,#,0.54,#,0.043
1230470020,1986,1230470,12,610,02,#,0.67,#,0.082
1230470022,1986,1230470,12,610,02,#,0.54,#,0.067
1230470023,1986,1230470,12,610,02,#,0.81,#,0.066
1230470025,1986,1230470,12,610,02,#,0.85,#,0.059
1230470026,1986,1230470,12,610,02,#,0.94,#,0.054
1230470028,1986,1230470,12,610,02,#,0.93,#,0.055
1230470029,1986,1230470,12,610,02,#,1,#,0.068
1230470031,1986,1230470,12,610,02,#,1,#,0.056
1230470032,1986,1230470,12,610,02,#,1.1,#,0.059
1230470034,1986,1230470,12,610,02,#,0.94,#,0.039
1230470035,1986,1230470,12,610,02,#,0.86,#,0.038
1230500001,1986,1230500,12,611,01,#,0.8,#,0.042
1230500002,1986,1230500,12,611,01,#,0.93,#,0.044
1230500004,1986,1230500,12,611,01,#,0.97,#,0.045
1230500005,1986,1230500,12,611,01,#,0.98,#,0.047
1230500007,1986,1230500,12,611,01,#,0.8,#,0.043
1230500008,1986,1230500,12,611,01,#,0.76,#,0.052
1230500011,1986,1230500,12,611,01,#,0.8,#,0.049
1230500012,1986,1230500,12,611,01,#,1.1,#,0.058
1230500013,1986,1230500,12,611,01,#,0.93,#,0.073
1230500014,1986,1230500,12,611,01,#,0.65,#,0.075
1230500016,1986,1230500,12,611,01,#,0.88,#,0.061
1230500017,1986,1230500,12,611,01,#,0.85,#,0.058
1230500019,1986,1230500,12,611,01,#,0.29,#,0.059
1230500020,1986,1230500,12,611,01,#,0.58,#,0.062
1230500022,1986,1230500,12,611,01,#,0.6,#,0.068
1230500023,1986,1230500,12,611,01,#,0.64,#,0.072
1230500025,1986,1230500,12,611,01,#,0.74,#,0.047
1230500026,1986,1230500,12,611,01,#,0.54,#,0.045
1230500028,1986,1230500,12,611,01,#,0.91,#,0.058
1230500029,1986,1230500,12,611,01,#,0.86,#,0.054
1230500031,1986,1230500,12,611,01,#,0.97,#,0.062
1230500032,1986,1230500,12,611,01,#,0.96,#,0.049
1230500034,1986,1230500,12,611,01,#,0.67,#,0.028
1230500035,1986,1230500,12,611,01,#,0.71,#,0.026
1230510001,1986,1230510,12,611,02,#,0.79,#,0.04
1230510002,1986,1230510,12,611,02,#,0.6,#,0.035
1230510004,1986,1230510,12,611,02,#,1,#,0.052
1230510005,1986,1230510,12,611,02,#,1.3,#,0.065
1230510007,1986,1230510,12,611,02,#,0.9,#,0.045
1230510008,1986,1230510,12,611,02,#,0.99,#,0.054
1230510010,1986,1230510,12,611,02,#,0.86,#,0.046
1230510011,1986,1230510,12,611,02,#,0.91,#,0.048
1230510013,1986,1230510,12,611,02,#,0.72,#,0.053
1230510014,1986,1230510,12,611,02,#,0.72,#,0.068
1230510016,1986,1230510,12,611,02,#,0.67,#,0.051
1230510017,1986,1230510,12,611,02,#,0.73,#,0.057
1230510019,1986,1230510,12,611,02,#,0.63,#,0.062
1230510020,1986,1230510,12,611,02,#,0.69,#,0.065
1230510022,1986,1230510,12,611,02,#,0.44,#,0.056
1230510023,1986,1230510,12,611,02,#,0.44,#,0.057
1230510025,1986,1230510,12,611,02,#,0.5,#,0.035
1230510026,1986,1230510,12,611,02,#,0.77,#,0.034
1230510028,1986,1230510,12,611,02,#,0.34,#,0.025
1230510029,1986,1230510,12,611,02,#,0.43,#,0.024
1230510031,1986,1230510,12,611,02,#,0.51,#,0.054
1230510032,1986,1230510,12,611,02,#,0.61,#,0.06
1230510034,1986,1230510,12,611,02,#,0.42,#,0.04
1230510035,1986,1230510,12,611,02,#,0.42,#,0.029
1230520001,1986,1230520,12,611,51,#,0.14,#,0.023
1230520002,1986,1230520,12,611,51,#,0.19,#,0.021
1230520003,1986,1230520,12,611,51,#,0.25,#,0.022
1230520004,1986,1230520,12,611,51,#,0.26,#,0.018
1230520006,1986,1230520,12,611,51,#,0.29,#,0.021
1230520007,1986,1230520,12,611,51,#,0.23,#,0.021
1230520008,1986,1230520,12,611,51,#,0.34,#,0.022
1230520009,1986,1230520,12,611,51,#,0.38,#,0.031
1230520011,1986,1230520,12,611,51,#,0.39,#,0.045
1230520012,1986,1230520,12,611,51,#,0.59,#,0.04
1230520013,1986,1230520,12,611,51,#,0.24,#,0.022
1230520014,1986,1230520,12,611,51,#,0.23,#,0.025
1230520016,1986,1230520,12,611,51,#,0.22,#,0.029
1230520017,1986,1230520,12,611,51,#,0.19,#,0.033
1230520018,1986,1230520,12,611,51,#,0.25,#,0.033
1230520019,1986,1230520,12,611,51,#,0.38,#,0.031
1230520021,1986,1230520,12,611,51,#,0.22,#,0.019
1230520022,1986,1230520,12,611,51,#,0.33,#,0.022
1230520023,1986,1230520,12,611,51,#,0.27,#,0.031
1230520024,1986,1230520,12,611,51,#,0.26,#,0.023
1230520026,1986,1230520,12,611,51,#,0.2,#,0.031
1230520027,1986,1230520,12,611,51,#,0.2,#,0.02
1230520028,1986,1230520,12,611,51,#,0.23,#,0.036
1230520029,1986,1230520,12,611,51,#,0.26,#,0.028
1230530001,1986,1230530,12,611,52,#,0.07,#,0.021
1230530002,1986,1230530,12,611,52,#,0.15,#,0.023
1230530003,1986,1230530,12,611,52,#,0.2,#,0.017
1230530004,1986,1230530,12,611,52,#,0.11,#,0.016
1230530006,1986,1230530,12,611,52,#,0.26,#,0.024
1230530007,1986,1230530,12,611,52,#,0.23,#,0.016
1230530008,1986,1230530,12,611,52,#,0.29,#,0.018
1230530009,1986,1230530,12,611,52,#,0.38,#,0.025
1230530011,1986,1230530,12,611,52,#,0.27,#,0.034
1230530012,1986,1230530,12,611,52,#,0.35,#,0.031
1230530013,1986,1230530,12,611,52,#,0.26,#,0.018
1230530014,1986,1230530,12,611,52,#,0.25,#,0.026
1230530016,1986,1230530,12,611,52,#,0.17,#,0.025
1230530017,1986,1230530,12,611,52,#,0.19,#,0.018
1230530018,1986,1230530,12,611,52,#,0.22,#,0.032
1230530019,1986,1230530,12,611,52,#,0.23,#,0.026
1230530021,1986,1230530,12,611,52,#,0.17,#,0.02
1230530022,1986,1230530,12,611,52,#,0.14,#,0.016
1230530023,1986,1230530,12,611,52,#,0.21,#,0.023
1230530024,1986,1230530,12,611,52,#,0.23,#,0.021
1230530026,1986,1230530,12,611,52,#,0.17,#,0.02
1230530027,1986,1230530,12,611,52,#,0.18,#,0.02
1230530028,1986,1230530,12,611,52,#,0.2,#,0.031
1230530029,1986,1230530,12,611,52,#,0.21,#,0.026
1230540001,1986,1230540,12,611,53,#,0.12,#,0.02
1230540002,1986,1230540,12,611,53,#,0.15,#,0.024
1230540003,1986,1230540,12,611,53,#,0.21,#,0.016
1230540004,1986,1230540,12,611,53,#,0.26,#,0.015
1230540006,1986,1230540,12,611,53,#,0.22,#,0.023
1230540007,1986,1230540,12,611,53,#,0.22,#,0.019
1230540008,1986,1230540,12,611,53,#,0.31,#,0.013
1230540009,1986,1230540,12,611,53,#,0.22,#,0.013
1230540011,1986,1230540,12,611,53,#,0.35,#,0.035
1230540012,1986,1230540,12,611,53,#,0.42,#,0.038
1230540013,1986,1230540,12,611,53,#,0.19,#,0.018
1230540014,1986,1230540,12,611,53,#,0.22,#,0.015
1230540016,1986,1230540,12,611,53,#,0.16,#,0.015
1230540017,1986,1230540,12,611,53,#,0.17,#,0.02
1230540018,1986,1230540,12,611,53,#,0.25,#,0.036
1230540019,1986,1230540,12,611,53,#,0.22,#,0.031
1230540021,1986,1230540,12,611,53,#,0.21,#,0.023
1230540022,1986,1230540,12,611,53,#,0.2,#,0.015
1230540023,1986,1230540,12,611,53,#,0.18,#,0.025
1230540024,1986,1230540,12,611,53,#,0.2,#,0.021
1230540026,1986,1230540,12,611,53,#,0.17,#,0.019
1230540027,1986,1230540,12,611,53,#,0.16,#,0.02
1230540028,1986,1230540,12,611,53,#,0.19,#,0.031
1230540029,1986,1230540,12,611,53,#,0.19,#,0.028
1230550001,1986,1230550,12,611,54,#,0.14,#,0.017
1230550002,1986,1230550,12,611,54,#,0.11,#,0.026
1230550003,1986,1230550,12,611,54,#,0.11,#,0.019
1230550004,1986,1230550,12,611,54,#,0.09,#,0.011
1230550006,1986,1230550,12,611,54,#,0.21,#,0.014
1230550007,1986,1230550,12,611,54,#,0.21,#,0.013
1230550008,1986,1230550,12,611,54,#,0.22,#,0.015
1230550009,1986,1230550,12,611,54,#,0.29,#,0.019
1230550011,1986,1230550,12,611,54,#,0.36,#,0.031
1230550012,1986,1230550,12,611,54,#,0.32,#,0.023
1230550013,1986,1230550,12,611,54,#,0.23,#,0.013
1230550014,1986,1230550,12,611,54,#,0.21,#,0.015
1230550016,1986,1230550,12,611,54,#,0.17,#,0.022
1230550017,1986,1230550,12,611,54,#,0.15,#,0.013
1230550018,1986,1230550,12,611,54,#,0.23,#,0.026
1230550019,1986,1230550,12,611,54,#,0.16,#,0.027
1230550021,1986,1230550,12,611,54,#,0.16,#,0.045
1230550022,1986,1230550,12,611,54,#,0.1,#,0.01
1230550023,1986,1230550,12,611,54,#,0.25,#,0.025
1230550024,1986,1230550,12,611,54,#,0.19,#,0.029
1230550026,1986,1230550,12,611,54,#,0.13,#,0.016
1230550027,1986,1230550,12,611,54,#,0.14,#,0.017
1230550028,1986,1230550,12,611,54,#,0.18,#,0.026
1230550029,1986,1230550,12,611,54,#,0.19,#,0.026
1230560001,1986,1230560,12,611,55,#,0.09,#,0.022
1230560002,1986,1230560,12,611,55,#,0.11,#,0.023
1230560003,1986,1230560,12,611,55,#,0.11,#,0.012
1230560004,1986,1230560,12,611,55,#,0.08,#,0.011
1230560006,1986,1230560,12,611,55,#,0.19,#,0.016
1230560007,1986,1230560,12,611,55,#,0.2,#,0.016
1230560008,1986,1230560,12,611,55,#,0.24,#,0.019
1230560009,1986,1230560,12,611,55,#,0.44,#,0.034
1230560011,1986,1230560,12,611,55,#,0.3,#,0.03
1230560012,1986,1230560,12,611,55,#,0.31,#,0.024
1230560013,1986,1230560,12,611,55,#,0.22,#,0.027
1230560014,1986,1230560,12,611,55,#,0.2,#,0.02
1230560016,1986,1230560,12,611,55,#,0.16,#,0.04
1230560017,1986,1230560,12,611,55,#,0.15,#,0.045
1230560018,1986,1230560,12,611,55,#,0.2,#,0.026
1230560019,1986,1230560,12,611,55,#,0.17,#,0.026
1230560021,1986,1230560,12,611,55,#,0.12,#,0.011
1230560022,1986,1230560,12,611,55,#,0.09,#,0.01
1230560023,1986,1230560,12,611,55,#,0.18,#,0.023
1230560024,1986,1230560,12,611,55,#,0.2,#,0.022
1230560026,1986,1230560,12,611,55,#,0.14,#,0.016
1230560027,1986,1230560,12,611,55,#,0.15,#,0.019
1230560028,1986,1230560,12,611,55,#,0.22,#,0.025
1230560029,1986,1230560,12,611,55,#,0.18,#,0.026
1230580001,1986,1230580,12,611,57,#,0.09,#,0.02
1230580002,1986,1230580,12,611,57,#,0.13,#,0.021
1230580003,1986,1230580,12,611,57,#,0.13,#,0.022
1230580004,1986,1230580,12,611,57,#,0.14,#,0.015
1230580006,1986,1230580,12,611,57,#,0.23,#,0.009
1230580007,1986,1230580,12,611,57,#,0.21,#,0.011
1230580008,1986,1230580,12,611,57,#,0.22,#,0.016
1230580009,1986,1230580,12,611,57,#,0.17,#,0.024
1230580011,1986,1230580,12,611,57,#,0.43,#,0.033
1230580012,1986,1230580,12,611,57,#,0.35,#,0.031
1230580013,1986,1230580,12,611,57,#,0.22,#,0.017
1230580014,1986,1230580,12,611,57,#,0.3,#,0.022
1230580016,1986,1230580,12,611,57,#,0.17,#,0.021
1230580017,1986,1230580,12,611,57,#,0.16,#,0.035
1230580018,1986,1230580,12,611,57,#,0.18,#,0.024
1230580019,1986,1230580,12,611,57,#,0.17,#,0.023
1230580021,1986,1230580,12,611,57,#,0.13,#,0.018
1230580022,1986,1230580,12,611,57,#,0.11,#,0.014
1230580023,1986,1230580,12,611,57,#,0.18,#,0.025
1230580024,1986,1230580,12,611,57,#,0.15,#,0.029
1230580026,1986,1230580,12,611,57,#,0.14,#,0.023
1230580027,1986,1230580,12,611,57,#,0.12,#,0.016
1230580028,1986,1230580,12,611,57,#,0.17,#,0.024
1230580029,1986,1230580,12,611,57,#,0.15,#,0.03
1230680001,1986,1230680,12,701,01,#,0.58,#,0.037
1230680003,1986,1230680,12,701,01,#,1,#,0.054
1230680004,1986,1230680,12,701,01,#,0.83,#,0.06
1230680005,1986,1230680,12,701,01,#,1.5,#,0.056
1230680007,1986,1230680,12,701,01,#,0.29,#,0.017
1230680008,1986,1230680,12,701,01,#,0.64,#,0.03
1230680010,1986,1230680,12,701,01,#,0.49,#,0.055
1230680011,1986,1230680,12,701,01,#,0.6,#,0.052
1230690001,1986,1230690,12,701,02,#,0.43,#,0.067
1230690002,1986,1230690,12,701,02,#,0.44,#,0.024
1230690004,1986,1230690,12,701,02,#,0.41,#,0.01
1230690005,1986,1230690,12,701,02,#,0.23,#,0.014
1230690007,1986,1230690,12,701,02,#,0.29,#,0.021
1230690008,1986,1230690,12,701,02,#,0.3,#,0.019
1230690010,1986,1230690,12,701,02,#,0.37,#,0.022
1230690011,1986,1230690,12,701,02,#,0.46,#,0.022
1230700001,1986,1230700,12,701,03,#,0.52,#,0.026
1230700002,1986,1230700,12,701,03,#,0.44,#,0.025
1230700004,1986,1230700,12,701,03,#,0.24,#,0.011
1230700005,1986,1230700,12,701,03,#,0.31,#,0.014
1230700007,1986,1230700,12,701,03,#,0.29,#,0.016
1230700008,1986,1230700,12,701,03,#,0.35,#,0.017
1230700010,1986,1230700,12,701,03,#,0.41,#,0.024
1230700011,1986,1230700,12,701,03,#,0.45,#,0.023
1230710001,1986,1230710,12,701,04,#,0.29,#,0.027
1230710002,1986,1230710,12,701,04,#,0.39,#,0.026
1230710004,1986,1230710,12,701,04,#,0.21,#,0.012
1230710005,1986,1230710,12,701,04,#,0.34,#,0.022
1230710007,1986,1230710,12,701,04,#,0.3,#,0.019
1230710008,1986,1230710,12,701,04,#,0.34,#,0.018
1230710010,1986,1230710,12,701,04,#,0.52,#,0.024
1230710011,1986,1230710,12,701,04,#,0.48,#,0.023
1230720001,1986,1230720,12,701,05,#,0.53,#,0.033
1230720002,1986,1230720,12,701,05,#,0.56,#,0.034
1230720004,1986,1230720,12,701,05,#,0.37,#,0.037
1230720005,1986,1230720,12,701,05,#,1,#,0.018
1230720007,1986,1230720,12,701,05,#,0.34,#,0.017
1230720008,1986,1230720,12,701,05,#,0.23,#,0.02
1230720010,1986,1230720,12,701,05,#,0.37,#,0.025
1230720011,1986,1230720,12,701,05,#,0.42,#,0.025
1230730001,1986,1230730,12,701,06,#,0.3,#,0.026
1230730002,1986,1230730,12,701,06,#,0.33,#,0.021
1230730004,1986,1230730,12,701,06,#,0.24,#,0.024
1230730005,1986,1230730,12,701,06,#,0.29,#,0.021
1230730007,1986,1230730,12,701,06,#,0.27,#,0.02
1230730008,1986,1230730,12,701,06,#,0.24,#,0.018
1230730010,1986,1230730,12,701,06,#,0.52,#,0.025
1230730011,1986,1230730,12,701,06,#,0.36,#,0.022
1230740001,1986,1230740,12,701,07,#,0.24,#,0.019
1230740002,1986,1230740,12,701,07,#,0.21,#,0.018
1230740004,1986,1230740,12,701,07,#,0.15,#,0.023
1230740005,1986,1230740,12,701,07,#,0.21,#,0.014
1230740007,1986,1230740,12,701,07,#,0.23,#,0.015
1230740008,1986,1230740,12,701,07,#,0.22,#,0.016
1230740010,1986,1230740,12,701,07,#,0.35,#,0.023
1230740011,1986,1230740,12,701,07,#,0.33,#,0.023
1230750001,1986,1230750,12,701,08,#,0.28,#,0.018
1230750002,1986,1230750,12,701,08,#,0.33,#,0.02
1230750004,1986,1230750,12,701,08,#,0.54,#,0.015
1230750005,1986,1230750,12,701,08,#,0.21,#,0.013
1230750007,1986,1230750,12,701,08,#,0.15,#,0.016
1230750008,1986,1230750,12,701,08,#,0.21,#,0.018
1230750010,1986,1230750,12,701,08,#,0.32,#,0.024
1230750011,1986,1230750,12,701,08,#,0.5,#,0.025
1230760001,1986,1230760,12,701,09,#,0.31,#,0.021
1230760002,1986,1230760,12,701,09,#,0.26,#,0.018
1230760004,1986,1230760,12,701,09,#,0.34,#,0.022
1230760005,1986,1230760,12,701,09,#,0.15,#,0.016
1230760007,1986,1230760,12,701,09,#,0.23,#,0.017
1230760008,1986,1230760,12,701,09,#,0.19,#,0.019
1230760010,1986,1230760,12,701,09,#,0.44,#,0.025
1230760011,1986,1230760,12,701,09,#,0.48,#,0.023
