レコードID,測定年度,絶対番号,都道府県コード,水域コード,地点コード,全窒素_C,全窒素(mg/l),全燐_C,全燐(mg/l)
1310010001,2000,1310010,13,001,01,#,2.34,#,0.093
1310010005,2000,1310010,13,001,01,#,1.39,#,0.087
1310010009,2000,1310010,13,001,01,#,2.06,#,0.072
1310010013,2000,1310010,13,001,01,#,2.73,#,0.105
1310010021,2000,1310010,13,001,01,#,2.48,#,0.093
1310010025,2000,1310010,13,001,01,#,2.48,#,0.115
1310010029,2000,1310010,13,001,01,#,3.01,#,0.064
1310010033,2000,1310010,13,001,01,#,2.98,#,0.081
1310010037,2000,1310010,13,001,01,#,3.41,#,0.103
1310010045,2000,1310010,13,001,01,#,3.15,#,0.115
1310010049,2000,1310010,13,001,01,#,3.41,#,0.118
1310010053,2000,1310010,13,001,01,#,3.26,#,0.112
1310020001,2000,1310020,13,001,51,#,2.24,#,0.101
1310020002,2000,1310020,13,001,51,#,1.27,#,0.116
1310020003,2000,1310020,13,001,51,#,2.52,#,0.087
1310020004,2000,1310020,13,001,51,#,3.86,#,0.112
1310020005,2000,1310020,13,001,51,#,2.91,#,0.117
1310020006,2000,1310020,13,001,51,#,3.27,#,0.278
1310020007,2000,1310020,13,001,51,#,2.94,#,0.082
1310020008,2000,1310020,13,001,51,#,4.02,#,0.089
1310020009,2000,1310020,13,001,51,#,3.96,#,0.091
1310020010,2000,1310020,13,001,51,#,4.39,#,0.1
1310020011,2000,1310020,13,001,51,#,3.74,#,0.111
1310020012,2000,1310020,13,001,51,#,3.36,#,0.085
1310030001,2000,1310030,13,002,01,#,2.12,#,0.102
1310030005,2000,1310030,13,002,01,#,1.42,#,0.09
1310030009,2000,1310030,13,002,01,#,2.06,#,0.075
1310030013,2000,1310030,13,002,01,#,2.8,#,0.122
1310030021,2000,1310030,13,002,01,#,2.35,#,0.088
1310030025,2000,1310030,13,002,01,#,2.2,#,0.094
1310030029,2000,1310030,13,002,01,#,2.95,#,0.089
1310030033,2000,1310030,13,002,01,#,2.98,#,0.081
1310030037,2000,1310030,13,002,01,#,3.35,#,0.112
1310030045,2000,1310030,13,002,01,#,3.61,#,0.117
1310030049,2000,1310030,13,002,01,#,3.68,#,0.107
1310030053,2000,1310030,13,002,01,#,3.17,#,0.113
1310040001,2000,1310040,13,002,51,#,1.97,#,0.093
1310040004,2000,1310040,13,002,51,#,1.35,#,0.103
1310040007,2000,1310040,13,002,51,#,2.2,#,0.065
1310040010,2000,1310040,13,002,51,#,2.93,#,0.091
1310040013,2000,1310040,13,002,51,#,2.48,#,0.093
1310040016,2000,1310040,13,002,51,#,2.51,#,0.119
1310040019,2000,1310040,13,002,51,#,2.95,#,0.068
1310040022,2000,1310040,13,002,51,#,2.86,#,0.064
1310040025,2000,1310040,13,002,51,#,3.41,#,0.102
1310040028,2000,1310040,13,002,51,#,4,#,0.16
1310040031,2000,1310040,13,002,51,#,3.75,#,0.112
1310040034,2000,1310040,13,002,51,#,3.2,#,0.101
1310060001,2000,1310060,13,003,01,#,3.45,#,0.179
1310060006,2000,1310060,13,003,01,#,2.08,#,0.159
1310060011,2000,1310060,13,003,01,#,2.87,#,0.095
1310060016,2000,1310060,13,003,01,#,3.14,#,0.16
1310060021,2000,1310060,13,003,01,#,3.48,#,0.187
1310060026,2000,1310060,13,003,01,#,3.07,#,0.28
1310060031,2000,1310060,13,003,01,#,3.83,#,0.104
1310060036,2000,1310060,13,003,01,#,4.54,#,0.132
1310060041,2000,1310060,13,003,01,#,5.08,#,0.148
1310060046,2000,1310060,13,003,01,#,4.44,#,0.166
1310060051,2000,1310060,13,003,01,#,5.02,#,0.215
1310060056,2000,1310060,13,003,01,#,3.56,#,0.147
1310070001,2000,1310070,13,003,51,#,3.9,#,0.204
1310070002,2000,1310070,13,003,51,#,2.4,#,0.125
1310070003,2000,1310070,13,003,51,#,3.19,#,0.08
1310070004,2000,1310070,13,003,51,#,4.05,#,0.118
1310070005,2000,1310070,13,003,51,#,5.11,#,0.132
1310070006,2000,1310070,13,003,51,#,2.96,#,0.261
1310070007,2000,1310070,13,003,51,#,5.54,#,0.264
1310070008,2000,1310070,13,003,51,#,4.38,#,0.13
1310070009,2000,1310070,13,003,51,#,5.81,#,0.18
1310070010,2000,1310070,13,003,51,#,4.67,#,0.175
1310070011,2000,1310070,13,003,51,#,5.53,#,0.241
1310070012,2000,1310070,13,003,51,#,4.2,#,0.184
1310090002,2000,1310090,13,004,01,#,5.5,#,0.301
1310090006,2000,1310090,13,004,01,#,5.28,#,0.33
1310090010,2000,1310090,13,004,01,#,2.97,#,0.234
1310090014,2000,1310090,13,004,01,#,3.82,#,0.189
1310090022,2000,1310090,13,004,01,#,3.8,#,0.183
1310090026,2000,1310090,13,004,01,#,4.42,#,0.167
1310090030,2000,1310090,13,004,01,#,4.43,#,0.161
1310090034,2000,1310090,13,004,01,#,7.31,#,0.2
1310090038,2000,1310090,13,004,01,#,8.65,#,0.383
1310090042,2000,1310090,13,004,01,#,9.52,#,0.456
1310090050,2000,1310090,13,004,01,#,10.5,#,0.36
1310090054,2000,1310090,13,004,01,#,9.44,#,0.327
1310100001,2000,1310100,13,004,02,#,6.31,#,0.412
1310100006,2000,1310100,13,004,02,#,4.66,#,0.258
1310100011,2000,1310100,13,004,02,#,3.49,#,0.206
1310100016,2000,1310100,13,004,02,#,4.73,#,0.284
1310100021,2000,1310100,13,004,02,#,3.94,#,0.406
1310100026,2000,1310100,13,004,02,#,3,#,0.343
1310100031,2000,1310100,13,004,02,#,3.7,#,0.172
1310100036,2000,1310100,13,004,02,#,3.17,#,0.18
1310100041,2000,1310100,13,004,02,#,4.5,#,0.221
1310100046,2000,1310100,13,004,02,#,6.8,#,0.285
1310100051,2000,1310100,13,004,02,#,4.77,#,0.243
1310100056,2000,1310100,13,004,02,#,5.87,#,0.24
1310110002,2000,1310110,13,004,51,#,6.37,#,0.311
1310110005,2000,1310110,13,004,51,#,3.39,#,0.228
1310110008,2000,1310110,13,004,51,#,3.12,#,0.197
1310110011,2000,1310110,13,004,51,#,3.89,#,0.193
1310110014,2000,1310110,13,004,51,#,3.09,#,0.202
1310110017,2000,1310110,13,004,51,#,4.24,#,0.156
1310110020,2000,1310110,13,004,51,#,4.43,#,0.194
1310110023,2000,1310110,13,004,51,#,6.72,#,0.182
1310110026,2000,1310110,13,004,51,#,8.41,#,0.334
1310110029,2000,1310110,13,004,51,#,9.79,#,0.407
1310110032,2000,1310110,13,004,51,#,8.98,#,0.31
1310110035,2000,1310110,13,004,51,#,8.89,#,0.391
1310140002,2000,1310140,13,005,01,#,5.72,#,0.449
1310140005,2000,1310140,13,005,01,#,4.09,#,0.336
1310140008,2000,1310140,13,005,01,#,3.54,#,0.374
1310140011,2000,1310140,13,005,01,#,4.1,#,0.257
1310140025,2000,1310140,13,005,01,#,3.67,#,0.141
1310140028,2000,1310140,13,005,01,#,4.9,#,0.507
1310140031,2000,1310140,13,005,01,#,4.96,#,0.245
1310140034,2000,1310140,13,005,01,#,5.6,#,0.234
1310140037,2000,1310140,13,005,01,#,6.13,#,0.425
1310140040,2000,1310140,13,005,01,#,7.7,#,0.613
1310140054,2000,1310140,13,005,01,#,7.79,#,0.567
1310140057,2000,1310140,13,005,01,#,6.19,#,0.503
1310160001,2000,1310160,13,005,52,#,8.38,#,0.532
1310160005,2000,1310160,13,005,52,#,4.01,#,0.443
1310160008,2000,1310160,13,005,52,#,3.87,#,0.409
1310160010,2000,1310160,13,005,52,#,6.05,#,0.291
1310160013,2000,1310160,13,005,52,#,5.07,#,0.351
1310160016,2000,1310160,13,005,52,#,3.37,#,0.324
1310160020,2000,1310160,13,005,52,#,5.81,#,0.284
1310160023,2000,1310160,13,005,52,#,7.96,#,0.383
1310160025,2000,1310160,13,005,52,#,7.38,#,0.362
1310160028,2000,1310160,13,005,52,#,9.48,#,0.4
1310160031,2000,1310160,13,005,52,#,6.66,#,0.316
1310160034,2000,1310160,13,005,52,#,6.05,#,0.271
1310180001,2000,1310180,13,006,01,#,5.32,#,0.291
1310180005,2000,1310180,13,006,01,#,5.83,#,0.332
1310180009,2000,1310180,13,006,01,#,5.66,#,0.327
1310180013,2000,1310180,13,006,01,#,5.86,#,0.256
1310180017,2000,1310180,13,006,01,#,4.31,#,0.218
1310180026,2000,1310180,13,006,01,#,5.14,#,0.208
1310180030,2000,1310180,13,006,01,#,4.8,#,0.245
1310180034,2000,1310180,13,006,01,#,6.66,#,0.259
1310180038,2000,1310180,13,006,01,#,8.37,#,0.353
1310180042,2000,1310180,13,006,01,#,8.31,#,0.415
1310180046,2000,1310180,13,006,01,#,8.58,#,0.359
1310180055,2000,1310180,13,006,01,#,8.63,#,0.37
1310190001,2000,1310190,13,006,02,#,4.61,#,0.316
1310190005,2000,1310190,13,006,02,#,3.6,#,0.257
1310190009,2000,1310190,13,006,02,#,3.65,#,0.22
1310190013,2000,1310190,13,006,02,#,4.18,#,0.178
1310190017,2000,1310190,13,006,02,#,1.46,#,0.148
1310190026,2000,1310190,13,006,02,#,2.99,#,0.2
1310190030,2000,1310190,13,006,02,#,3.66,#,0.231
1310190034,2000,1310190,13,006,02,#,1.75,#,0.149
1310190038,2000,1310190,13,006,02,#,1.58,#,0.101
1310190042,2000,1310190,13,006,02,#,1.82,#,0.121
1310190046,2000,1310190,13,006,02,#,4.67,#,0.306
1310190055,2000,1310190,13,006,02,#,2.65,#,0.156
1310200001,2000,1310200,13,006,51,#,5.16,#,0.32
1310200004,2000,1310200,13,006,51,#,5.55,#,0.2
1310200007,2000,1310200,13,006,51,#,5.74,#,0.23
1310200010,2000,1310200,13,006,51,#,5.32,#,0.151
1310200013,2000,1310200,13,006,51,#,6.54,#,0.273
1310200016,2000,1310200,13,006,51,#,5.74,#,0.249
1310200019,2000,1310200,13,006,51,#,5.72,#,0.367
1310200022,2000,1310200,13,006,51,#,7.03,#,0.255
1310200025,2000,1310200,13,006,51,#,9.37,#,0.371
1310200028,2000,1310200,13,006,51,#,9.77,#,0.449
1310200031,2000,1310200,13,006,51,#,11,#,0.396
1310200034,2000,1310200,13,006,51,#,7.67,#,0.276
1310210001,2000,1310210,13,006,52,#,7.7,#,0.45
1310210004,2000,1310210,13,006,52,#,6.39,#,0.344
1310210007,2000,1310210,13,006,52,#,5.66,#,0.253
1310210010,2000,1310210,13,006,52,#,6.36,#,0.233
1310210013,2000,1310210,13,006,52,#,5.08,#,0.221
1310210016,2000,1310210,13,006,52,#,5.74,#,0.348
1310210019,2000,1310210,13,006,52,#,5.32,#,0.341
1310210022,2000,1310210,13,006,52,#,7.56,#,0.31
1310210025,2000,1310210,13,006,52,#,10,#,0.454
1310210028,2000,1310210,13,006,52,#,9.97,#,0.504
1310210031,2000,1310210,13,006,52,#,10.4,#,0.427
1310210034,2000,1310210,13,006,52,#,9.15,#,0.401
1310220001,2000,1310220,13,006,53,#,4.95,#,0.332
1310220004,2000,1310220,13,006,53,#,4.26,#,0.259
1310220007,2000,1310220,13,006,53,#,4.44,#,0.268
1310220010,2000,1310220,13,006,53,#,4.76,#,0.198
1310220013,2000,1310220,13,006,53,#,3.56,#,0.21
1310220016,2000,1310220,13,006,53,#,4.38,#,0.182
1310220019,2000,1310220,13,006,53,#,4.62,#,0.222
1310220022,2000,1310220,13,006,53,#,5.65,#,0.225
1310220025,2000,1310220,13,006,53,#,6.18,#,0.27
1310220028,2000,1310220,13,006,53,#,5.51,#,0.289
1310220031,2000,1310220,13,006,53,#,6.8,#,0.311
1310220034,2000,1310220,13,006,53,#,6.92,#,0.286
1310230001,2000,1310230,13,007,01,#,8.3,#,0.508
1310230006,2000,1310230,13,007,01,#,9.91,#,0.471
1310230011,2000,1310230,13,007,01,#,7.75,#,0.498
1310230016,2000,1310230,13,007,01,#,6.85,#,0.241
1310230021,2000,1310230,13,007,01,#,7.11,#,0.371
1310230026,2000,1310230,13,007,01,#,4.1,#,0.536
1310230031,2000,1310230,13,007,01,#,6.35,#,0.458
1310230036,2000,1310230,13,007,01,#,5.67,#,0.217
1310230041,2000,1310230,13,007,01,#,3.91,#,0.178
1310230046,2000,1310230,13,007,01,#,6.84,#,0.336
1310230051,2000,1310230,13,007,01,#,9.19,#,0.533
1310230056,2000,1310230,13,007,01,#,8.43,#,0.508
1310240001,2000,1310240,13,007,02,#,13.1,#,0.794
1310240006,2000,1310240,13,007,02,#,14.3,#,0.561
1310240011,2000,1310240,13,007,02,#,13.1,#,0.751
1310240016,2000,1310240,13,007,02,#,9.13,#,0.356
1310240021,2000,1310240,13,007,02,#,9.94,#,0.48
1310240026,2000,1310240,13,007,02,#,4.15,#,0.385
1310240031,2000,1310240,13,007,02,#,9.66,#,0.418
1310240037,2000,1310240,13,007,02,#,11.8,#,0.517
1310240041,2000,1310240,13,007,02,#,14.1,#,0.585
1310240046,2000,1310240,13,007,02,#,12.8,#,0.733
1310240051,2000,1310240,13,007,02,#,14.4,#,0.726
1310240056,2000,1310240,13,007,02,#,10.3,#,0.445
1310250001,2000,1310250,13,007,51,#,8.27,#,0.488
1310250004,2000,1310250,13,007,51,#,6.19,#,0.309
1310250007,2000,1310250,13,007,51,#,6.94,#,0.336
1310250010,2000,1310250,13,007,51,#,6.32,#,0.224
1310250013,2000,1310250,13,007,51,#,7.94,#,0.421
1310250016,2000,1310250,13,007,51,#,6.14,#,0.311
1310250019,2000,1310250,13,007,51,#,5.4,#,0.266
1310250022,2000,1310250,13,007,51,#,8.86,#,0.436
1310250025,2000,1310250,13,007,51,#,12.9,#,0.622
1310250028,2000,1310250,13,007,51,#,13.7,#,0.785
1310250031,2000,1310250,13,007,51,#,14.9,#,0.705
1310250034,2000,1310250,13,007,51,#,8.99,#,0.396
1310260001,2000,1310260,13,007,53,#,12,#,0.735
1310260004,2000,1310260,13,007,53,#,10.7,#,0.5
1310260007,2000,1310260,13,007,53,#,9.18,#,0.506
1310260010,2000,1310260,13,007,53,#,8.12,#,0.269
1310260013,2000,1310260,13,007,53,#,8.51,#,0.362
1310260016,2000,1310260,13,007,53,#,3.82,#,0.523
1310260019,2000,1310260,13,007,53,#,8.16,#,0.333
1310260022,2000,1310260,13,007,53,#,8.33,#,0.281
1310260025,2000,1310260,13,007,53,#,9.36,#,0.356
1310260028,2000,1310260,13,007,53,#,12.3,#,0.567
1310260031,2000,1310260,13,007,53,#,9.81,#,0.448
1310260034,2000,1310260,13,007,53,#,8.63,#,0.375
1310290001,2000,1310290,13,008,01,#,6.85,#,0.733
1310290004,2000,1310290,13,008,01,#,5.56,#,1.38
1310290007,2000,1310290,13,008,01,#,7.66,#,0.895
1310290010,2000,1310290,13,008,01,#,4.34,#,0.226
1310290013,2000,1310290,13,008,01,#,4.77,#,0.324
1310290016,2000,1310290,13,008,01,#,4.99,#,0.422
1310290019,2000,1310290,13,008,01,#,2.89,#,0.293
1310290022,2000,1310290,13,008,01,#,5.65,#,0.257
1310290025,2000,1310290,13,008,01,#,4.67,#,0.262
1310290028,2000,1310290,13,008,01,#,7.97,#,0.752
1310290031,2000,1310290,13,008,01,#,10.4,#,0.857
1310290034,2000,1310290,13,008,01,#,7.4,#,0.456
1310300001,2000,1310300,13,009,01,#,6.5,#,0.836
1310300004,2000,1310300,13,009,01,#,10.3,#,1.07
1310300007,2000,1310300,13,009,01,#,8.67,#,1.06
1310300010,2000,1310300,13,009,01,#,8.24,#,0.583
1310300013,2000,1310300,13,009,01,#,9.04,#,0.893
1310300016,2000,1310300,13,009,01,#,6.81,#,0.49
1310300019,2000,1310300,13,009,01,#,8.29,#,0.561
1310300022,2000,1310300,13,009,01,#,11.1,#,0.968
1310300025,2000,1310300,13,009,01,#,5.32,#,0.475
1310300028,2000,1310300,13,009,01,#,6.69,#,0.52
1310300031,2000,1310300,13,009,01,#,8.35,#,0.633
1310300034,2000,1310300,13,009,01,#,7.77,#,0.395
1310310002,2000,1310310,13,010,01,#,3.16,#,0.175
1310310003,2000,1310310,13,010,01,#,2.79,#,0.324
1310310005,2000,1310310,13,010,01,#,4.94,#,0.91
1310310007,2000,1310310,13,010,01,#,4.15,#,0.125
1310310009,2000,1310310,13,010,01,#,2.67,#,0.285
1310310011,2000,1310310,13,010,01,#,3.57,#,0.228
1310310013,2000,1310310,13,010,01,#,3.64,#,0.269
1310310015,2000,1310310,13,010,01,#,3.87,#,0.324
1310310017,2000,1310310,13,010,01,#,2.82,#,0.158
1310310019,2000,1310310,13,010,01,#,4.34,#,0.304
1310310021,2000,1310310,13,010,01,#,2.78,#,0.171
1310310023,2000,1310310,13,010,01,#,4.5,#,0.266
1310320001,2000,1310320,13,011,01,#,3.57,#,0.389
1310320004,2000,1310320,13,011,01,#,2.91,#,0.355
1310320007,2000,1310320,13,011,01,#,4.49,#,0.511
1310320010,2000,1310320,13,011,01,#,2.55,#,0.44
1310320013,2000,1310320,13,011,01,#,1.99,#,0.46
1310320016,2000,1310320,13,011,01,#,3.83,#,0.664
1310320019,2000,1310320,13,011,01,#,5.89,#,0.598
1310320022,2000,1310320,13,011,01,#,8.11,#,0.692
1310320025,2000,1310320,13,011,01,#,4.75,#,0.347
1310320028,2000,1310320,13,011,01,#,9.82,#,0.807
1310320031,2000,1310320,13,011,01,#,7.06,#,0.526
1310320034,2000,1310320,13,011,01,#,3.79,#,0.26
1310330001,2000,1310330,13,012,01,#,2.45,#,0.898
1310330004,2000,1310330,13,012,01,#,8.1,#,1.01
1310330007,2000,1310330,13,012,01,#,6.13,#,0.924
1310330010,2000,1310330,13,012,01,#,7.08,#,0.704
1310330013,2000,1310330,13,012,01,#,5.89,#,1.83
1310330016,2000,1310330,13,012,01,#,6.15,#,0.64
1310330019,2000,1310330,13,012,01,#,5.51,#,0.774
1310330022,2000,1310330,13,012,01,#,8.19,#,0.944
1310330025,2000,1310330,13,012,01,#,7.67,#,0.743
1310330028,2000,1310330,13,012,01,#,9.03,#,0.964
1310330031,2000,1310330,13,012,01,#,9.15,#,0.821
1310330034,2000,1310330,13,012,01,#,6.17,#,0.512
1310340001,2000,1310340,13,013,01,#,0.75,#,0.01
1310340004,2000,1310340,13,013,01,#,0.59,#,0.012
1310340007,2000,1310340,13,013,01,#,1.63,#,0.011
1310340010,2000,1310340,13,013,01,#,1.15,#,0.038
1310340013,2000,1310340,13,013,01,#,0.69,#,0.011
1310340016,2000,1310340,13,013,01,#,1.2,#,0.014
1310340019,2000,1310340,13,013,01,#,0.98,#,0.014
1310340022,2000,1310340,13,013,01,#,2.18,#,0.016
1310340025,2000,1310340,13,013,01,#,0.85,#,0.013
1310340028,2000,1310340,13,013,01,#,0.43,#,0.009
1310340031,2000,1310340,13,013,01,#,1.21,#,0.01
1310340034,2000,1310340,13,013,01,#,1.04,#,0.018
1310370001,2000,1310370,13,014,01,#,1.31,#,0.014
1310370005,2000,1310370,13,014,01,#,1.37,#,0.016
1310370009,2000,1310370,13,014,01,#,1.07,#,0.027
1310370013,2000,1310370,13,014,01,#,1.79,#,0.019
1310370017,2000,1310370,13,014,01,#,1.41,#,0.026
1310370025,2000,1310370,13,014,01,#,1.41,#,0.033
1310370029,2000,1310370,13,014,01,#,1.57,#,0.016
1310370033,2000,1310370,13,014,01,#,1.98,#,0.025
1310370037,2000,1310370,13,014,01,#,1.7,#,0.031
1310370041,2000,1310370,13,014,01,#,1.38,#,0.025
1310370045,2000,1310370,13,014,01,#,1.8,#,0.015
1310370053,2000,1310370,13,014,01,#,1.86,#,0.024
1310380001,2000,1310380,13,014,51,#,0.67,#,0.01
1310380004,2000,1310380,13,014,51,#,0.71,#,0.016
1310380007,2000,1310380,13,014,51,#,0.68,#,0.024
1310380010,2000,1310380,13,014,51,#,1.01,#,0.016
1310380013,2000,1310380,13,014,51,#,0.79,#,0.02
1310380016,2000,1310380,13,014,51,#,0.87,#,0.027
1310380019,2000,1310380,13,014,51,#,0.53,#,0.012
1310380022,2000,1310380,13,014,51,#,0.97,#,0.011
1310380025,2000,1310380,13,014,51,#,0.73,#,0.027
1310380028,2000,1310380,13,014,51,#,0.73,#,0.022
1310380031,2000,1310380,13,014,51,#,0.71,#,0.013
1310380034,2000,1310380,13,014,51,#,1.08,#,0.015
1310390001,2000,1310390,13,014,52,#,0.96,#,0.014
1310390002,2000,1310390,13,014,52,#,0.52,#,0.012
1310390003,2000,1310390,13,014,52,#,0.38,#,0.012
1310390004,2000,1310390,13,014,52,#,1.15,#,0.035
1310390005,2000,1310390,13,014,52,#,0.68,#,0.009
1310390006,2000,1310390,13,014,52,#,1.63,#,0.015
1310390007,2000,1310390,13,014,52,#,0.84,#,0.013
1310390008,2000,1310390,13,014,52,#,1.49,#,0.014
1310390009,2000,1310390,13,014,52,#,0.94,#,0.014
1310390010,2000,1310390,13,014,52,#,0.78,#,0.008
1310390011,2000,1310390,13,014,52,#,0.99,#,0.01
1310390012,2000,1310390,13,014,52,#,1.14,#,0.033
1310400001,2000,1310400,13,014,53,#,1.94,#,0.02
1310400002,2000,1310400,13,014,53,#,1.14,#,0.018
1310400003,2000,1310400,13,014,53,#,0.85,#,0.018
1310400004,2000,1310400,13,014,53,#,1.63,#,0.033
1310400005,2000,1310400,13,014,53,#,1.39,#,0.014
1310400006,2000,1310400,13,014,53,#,3.29,#,0.032
1310400007,2000,1310400,13,014,53,#,2.08,#,0.021
1310400008,2000,1310400,13,014,53,#,2.22,#,0.018
1310400009,2000,1310400,13,014,53,#,1.78,#,0.022
1310400010,2000,1310400,13,014,53,#,1.07,#,0.015
1310400011,2000,1310400,13,014,53,#,1.49,#,0.013
1310400012,2000,1310400,13,014,53,#,1.97,#,0.028
1310410001,2000,1310410,13,015,01,#,7.35,#,0.644
1310410006,2000,1310410,13,015,01,#,6.81,#,0.703
1310410011,2000,1310410,13,015,01,#,6.87,#,0.765
1310410014,2000,1310410,13,015,01,#,7.07,#,0.907
1310410017,2000,1310410,13,015,01,#,5.78,#,0.49
1310410020,2000,1310410,13,015,01,#,5.86,#,0.468
1310410023,2000,1310410,13,015,01,#,5.52,#,0.492
1310410026,2000,1310410,13,015,01,#,5.77,#,0.548
1310410029,2000,1310410,13,015,01,#,5,#,0.28
1310410032,2000,1310410,13,015,01,#,5.27,#,0.318
1310410035,2000,1310410,13,015,01,#,5.96,#,0.405
1310410038,2000,1310410,13,015,01,#,6.16,#,0.449
1310410041,2000,1310410,13,015,01,#,5.23,#,0.36
1310410044,2000,1310410,13,015,01,#,5.71,#,0.408
1310410047,2000,1310410,13,015,01,#,7.27,#,0.527
1310410050,2000,1310410,13,015,01,#,7.93,#,0.61
1310410053,2000,1310410,13,015,01,#,8.61,#,0.676
1310410056,2000,1310410,13,015,01,#,8.9,#,0.745
1310410059,2000,1310410,13,015,01,#,7.68,#,0.633
1310410062,2000,1310410,13,015,01,#,7.55,#,0.73
1310410065,2000,1310410,13,015,01,#,6.38,#,0.373
1310410068,2000,1310410,13,015,01,#,6.02,#,0.4
1310420001,2000,1310420,13,015,02,#,6.28,#,0.434
1310420006,2000,1310420,13,015,02,#,5.99,#,0.531
1310420011,2000,1310420,13,015,02,#,5.61,#,0.592
1310420014,2000,1310420,13,015,02,#,5.41,#,0.558
1310420017,2000,1310420,13,015,02,#,5.11,#,0.333
1310420020,2000,1310420,13,015,02,#,5.11,#,0.356
1310420023,2000,1310420,13,015,02,#,5.44,#,0.389
1310420028,2000,1310420,13,015,02,#,5.56,#,0.417
1310420033,2000,1310420,13,015,02,#,4.76,#,0.236
1310420036,2000,1310420,13,015,02,#,5.39,#,0.28
1310420039,2000,1310420,13,015,02,#,5.64,#,0.317
1310420042,2000,1310420,13,015,02,#,5.88,#,0.416
1310420045,2000,1310420,13,015,02,#,5.03,#,0.298
1310420048,2000,1310420,13,015,02,#,5.19,#,0.298
1310420051,2000,1310420,13,015,02,#,6.9,#,0.433
1310420054,2000,1310420,13,015,02,#,6.57,#,0.474
1310420057,2000,1310420,13,015,02,#,8.73,#,0.752
1310420060,2000,1310420,13,015,02,#,7.68,#,0.614
1310420063,2000,1310420,13,015,02,#,7.43,#,0.525
1310420068,2000,1310420,13,015,02,#,6.93,#,0.564
1310420073,2000,1310420,13,015,02,#,5.02,#,0.273
1310420076,2000,1310420,13,015,02,#,5.66,#,0.314
1310430001,2000,1310430,13,015,51,#,5.79,#,0.888
1310430006,2000,1310430,13,015,51,#,6.69,#,0.945
1310430011,2000,1310430,13,015,51,#,8.45,#,0.864
1310430016,2000,1310430,13,015,51,#,3.51,#,0.341
1310430021,2000,1310430,13,015,51,#,3.72,#,0.425
1310430026,2000,1310430,13,015,51,#,3.45,#,0.279
1310430031,2000,1310430,13,015,51,#,4.72,#,0.397
1310430036,2000,1310430,13,015,51,#,3.49,#,0.233
1310430041,2000,1310430,13,015,51,#,6.16,#,0.702
1310430046,2000,1310430,13,015,51,#,7.1,#,0.904
1310430051,2000,1310430,13,015,51,#,5.97,#,0.657
1310430056,2000,1310430,13,015,51,#,3.49,#,0.302
1310440001,2000,1310440,13,015,52,#,6.14,#,0.589
1310440006,2000,1310440,13,015,52,#,6.98,#,0.725
1310440011,2000,1310440,13,015,52,#,7.97,#,0.619
1310440016,2000,1310440,13,015,52,#,4.69,#,0.425
1310440021,2000,1310440,13,015,52,#,4.97,#,0.48
1310440026,2000,1310440,13,015,52,#,4.34,#,0.266
1310440031,2000,1310440,13,015,52,#,5.27,#,0.393
1310440036,2000,1310440,13,015,52,#,4.19,#,0.285
1310440041,2000,1310440,13,015,52,#,7.16,#,0.48
1310440046,2000,1310440,13,015,52,#,8.02,#,0.735
1310440051,2000,1310440,13,015,52,#,7.1,#,0.591
1310440056,2000,1310440,13,015,52,#,4.7,#,0.427
1310450001,2000,1310450,13,015,53,#,6.62,#,0.615
1310450006,2000,1310450,13,015,53,#,7.39,#,0.725
1310450011,2000,1310450,13,015,53,#,8.25,#,0.622
1310450016,2000,1310450,13,015,53,#,4.32,#,0.484
1310450021,2000,1310450,13,015,53,#,5.45,#,0.527
1310450026,2000,1310450,13,015,53,#,4.44,#,0.326
1310450031,2000,1310450,13,015,53,#,6.29,#,0.471
1310450036,2000,1310450,13,015,53,#,4.82,#,0.362
1310450041,2000,1310450,13,015,53,#,7.68,#,0.507
1310450046,2000,1310450,13,015,53,#,7.53,#,0.76
1310450051,2000,1310450,13,015,53,#,7.55,#,0.6
1310450056,2000,1310450,13,015,53,#,5.37,#,0.446
1310460001,2000,1310460,13,015,54,#,7.15,#,0.555
1310460006,2000,1310460,13,015,54,#,6.57,#,0.683
1310460011,2000,1310460,13,015,54,#,6.59,#,0.672
1310460014,2000,1310460,13,015,54,#,6,#,0.686
1310460017,2000,1310460,13,015,54,#,5.32,#,0.381
1310460020,2000,1310460,13,015,54,#,5.24,#,0.401
1310460023,2000,1310460,13,015,54,#,5.44,#,0.445
1310460026,2000,1310460,13,015,54,#,4.82,#,0.445
1310460029,2000,1310460,13,015,54,#,5.04,#,0.268
1310460032,2000,1310460,13,015,54,#,5.35,#,0.275
1310460035,2000,1310460,13,015,54,#,5.68,#,0.366
1310460038,2000,1310460,13,015,54,#,5.84,#,0.396
1310460041,2000,1310460,13,015,54,#,5.07,#,0.309
1310460044,2000,1310460,13,015,54,#,5.15,#,0.371
1310460047,2000,1310460,13,015,54,#,6.99,#,0.502
1310460050,2000,1310460,13,015,54,#,6.37,#,0.095
1310460053,2000,1310460,13,015,54,#,8.61,#,0.672
1310460056,2000,1310460,13,015,54,#,8.61,#,0.637
1310460059,2000,1310460,13,015,54,#,7.3,#,0.627
1310460062,2000,1310460,13,015,54,#,7.47,#,0.647
1310460065,2000,1310460,13,015,54,#,5.82,#,0.341
1310460068,2000,1310460,13,015,54,#,5.62,#,0.346
1310470001,2000,1310470,13,015,55,#,6.29,#,0.556
1310470002,2000,1310470,13,015,55,#,4.91,#,0.606
1310470003,2000,1310470,13,015,55,#,5.33,#,0.58
1310470004,2000,1310470,13,015,55,#,2.82,#,0.327
1310470005,2000,1310470,13,015,55,#,3.2,#,0.396
1310470006,2000,1310470,13,015,55,#,5.11,#,0.328
1310470007,2000,1310470,13,015,55,#,5.26,#,0.447
1310470008,2000,1310470,13,015,55,#,4.93,#,0.367
1310470009,2000,1310470,13,015,55,#,6.15,#,0.523
1310470010,2000,1310470,13,015,55,#,4.98,#,0.386
1310470011,2000,1310470,13,015,55,#,7.45,#,0.654
1310470012,2000,1310470,13,015,55,#,5.95,#,0.361
1310480001,2000,1310480,13,015,56,#,6.25,#,0.448
1310480006,2000,1310480,13,015,56,#,6.34,#,0.589
1310480011,2000,1310480,13,015,56,#,5.72,#,0.538
1310480014,2000,1310480,13,015,56,#,5.49,#,0.563
1310480017,2000,1310480,13,015,56,#,5.49,#,0.328
1310480020,2000,1310480,13,015,56,#,5.36,#,0.306
1310480023,2000,1310480,13,015,56,#,5.44,#,0.39
1310480026,2000,1310480,13,015,56,#,4.82,#,0.364
1310480029,2000,1310480,13,015,56,#,4.76,#,0.252
1310480032,2000,1310480,13,015,56,#,4.96,#,0.241
1310480035,2000,1310480,13,015,56,#,5.68,#,0.313
1310480038,2000,1310480,13,015,56,#,5.52,#,0.331
1310480041,2000,1310480,13,015,56,#,5.23,#,0.296
1310480044,2000,1310480,13,015,56,#,5.23,#,0.325
1310480047,2000,1310480,13,015,56,#,7.19,#,0.424
1310480050,2000,1310480,13,015,56,#,6.94,#,0.421
1310480053,2000,1310480,13,015,56,#,8.73,#,0.717
1310480056,2000,1310480,13,015,56,#,7.98,#,0.541
1310480059,2000,1310480,13,015,56,#,7.55,#,0.525
1310480062,2000,1310480,13,015,56,#,7.47,#,0.526
1310480065,2000,1310480,13,015,56,#,5.82,#,0.291
1310480068,2000,1310480,13,015,56,#,6.3,#,0.323
1310490001,2000,1310490,13,015,57,#,6.33,#,0.529
1310490002,2000,1310490,13,015,57,#,4.58,#,0.533
1310490003,2000,1310490,13,015,57,#,5.04,#,0.535
1310490004,2000,1310490,13,015,57,#,2.88,#,0.301
1310490005,2000,1310490,13,015,57,#,2.9,#,0.376
1310490006,2000,1310490,13,015,57,#,4.78,#,0.306
1310490007,2000,1310490,13,015,57,#,8.19,#,0.414
1310490008,2000,1310490,13,015,57,#,5.82,#,0.361
1310490009,2000,1310490,13,015,57,#,5.49,#,0.472
1310490010,2000,1310490,13,015,57,#,5.63,#,0.36
1310490011,2000,1310490,13,015,57,#,12.6,#,0.564
1310490012,2000,1310490,13,015,57,#,8.61,#,0.333
1310530001,2000,1310530,13,016,01,#,5.89,#,0.361
1310530006,2000,1310530,13,016,01,#,6.57,#,0.452
1310530011,2000,1310530,13,016,01,#,5.29,#,0.392
1310530014,2000,1310530,13,016,01,#,2.57,#,0.328
1310530017,2000,1310530,13,016,01,#,4.66,#,0.319
1310530020,2000,1310530,13,016,01,#,4.41,#,0.285
1310530023,2000,1310530,13,016,01,#,5.4,#,0.39
1310530026,2000,1310530,13,016,01,#,4.49,#,0.438
1310530029,2000,1310530,13,016,01,#,3.98,#,0.213
1310530032,2000,1310530,13,016,01,#,4.26,#,0.254
1310530035,2000,1310530,13,016,01,#,5.4,#,0.32
1310530038,2000,1310530,13,016,01,#,4.96,#,0.317
1310530041,2000,1310530,13,016,01,#,5.03,#,0.305
1310530044,2000,1310530,13,016,01,#,4.88,#,0.301
1310530047,2000,1310530,13,016,01,#,6.45,#,0.366
1310530050,2000,1310530,13,016,01,#,6.12,#,0.338
1310530053,2000,1310530,13,016,01,#,6.09,#,0.38
1310530056,2000,1310530,13,016,01,#,5.96,#,0.406
1310530059,2000,1310530,13,016,01,#,6.1,#,0.399
1310530062,2000,1310530,13,016,01,#,6.35,#,0.422
1310530065,2000,1310530,13,016,01,#,5.14,#,0.289
1310530068,2000,1310530,13,016,01,#,4.25,#,0.252
1310540001,2000,1310540,13,016,51,#,7.04,#,0.397
1310540006,2000,1310540,13,016,51,#,8.65,#,0.582
1310540011,2000,1310540,13,016,51,#,6.75,#,0.551
1310540014,2000,1310540,13,016,51,#,5.49,#,0.419
1310540017,2000,1310540,13,016,51,#,6.36,#,0.369
1310540020,2000,1310540,13,016,51,#,5.86,#,0.37
1310540023,2000,1310540,13,016,51,#,5.81,#,0.403
1310540026,2000,1310540,13,016,51,#,5.44,#,0.344
1310540029,2000,1310540,13,016,51,#,4.84,#,0.202
1310540032,2000,1310540,13,016,51,#,4.76,#,0.243
1310540035,2000,1310540,13,016,51,#,6.08,#,0.379
1310540038,2000,1310540,13,016,51,#,5.92,#,0.373
1310540041,2000,1310540,13,016,51,#,5.91,#,0.335
1310540044,2000,1310540,13,016,51,#,6.66,#,0.376
1310540047,2000,1310540,13,016,51,#,6.86,#,0.408
1310540050,2000,1310540,13,016,51,#,7.97,#,0.442
1310540053,2000,1310540,13,016,51,#,7.52,#,0.511
1310540056,2000,1310540,13,016,51,#,8.61,#,0.621
1310540059,2000,1310540,13,016,51,#,7.64,#,0.517
1310540062,2000,1310540,13,016,51,#,8.01,#,0.553
1310540065,2000,1310540,13,016,51,#,5.54,#,0.305
1310540068,2000,1310540,13,016,51,#,6.38,#,0.328
1310550001,2000,1310550,13,017,01,#,14.5,#,0.914
1310550006,2000,1310550,13,017,01,#,12.6,#,0.57
1310550011,2000,1310550,13,017,01,#,14.1,#,0.672
1310550016,2000,1310550,13,017,01,#,8.54,#,0.374
1310550021,2000,1310550,13,017,01,#,11.6,#,0.515
1310550026,2000,1310550,13,017,01,#,4.9,#,0.293
1310550031,2000,1310550,13,017,01,#,7.9,#,0.346
1310550037,2000,1310550,13,017,01,#,11.5,#,0.497
1310550041,2000,1310550,13,017,01,#,14.3,#,0.55
1310550046,2000,1310550,13,017,01,#,8.9,#,0.408
1310550051,2000,1310550,13,017,01,#,12.1,#,0.617
1310550056,2000,1310550,13,017,01,#,9.69,#,0.408
1310560001,2000,1310560,13,017,51,#,12,#,0.791
1310560004,2000,1310560,13,017,51,#,13.3,#,0.762
1310560007,2000,1310560,13,017,51,#,14,#,0.849
1310560010,2000,1310560,13,017,51,#,6.38,#,0.162
1310560013,2000,1310560,13,017,51,#,8.91,#,0.292
1310560016,2000,1310560,13,017,51,#,5.34,#,0.315
1310560019,2000,1310560,13,017,51,#,6.96,#,0.403
1310560022,2000,1310560,13,017,51,#,10.1,#,0.417
1310560025,2000,1310560,13,017,51,#,14.6,#,0.786
1310560028,2000,1310560,13,017,51,#,8.15,#,0.459
1310560031,2000,1310560,13,017,51,#,10.1,#,0.475
1310560034,2000,1310560,13,017,51,#,7.68,#,0.315
1310570001,2000,1310570,13,017,52,#,17.2,#,1.22
1310570004,2000,1310570,13,017,52,#,13.5,#,0.726
1310570007,2000,1310570,13,017,52,#,14.9,#,0.816
1310570010,2000,1310570,13,017,52,#,7.37,#,0.208
1310570013,2000,1310570,13,017,52,#,11.6,#,0.414
1310570016,2000,1310570,13,017,52,#,5.56,#,0.306
1310570019,2000,1310570,13,017,52,#,8.05,#,0.409
1310570022,2000,1310570,13,017,52,#,11.3,#,0.528
1310570025,2000,1310570,13,017,52,#,14.3,#,0.589
1310570028,2000,1310570,13,017,52,#,10.5,#,0.531
1310570031,2000,1310570,13,017,52,#,16.9,#,0.817
1310570034,2000,1310570,13,017,52,#,10.9,#,0.436
1310580001,2000,1310580,13,018,01,#,9.26,#,0.391
1310580004,2000,1310580,13,018,01,#,7.57,#,0.244
1310580007,2000,1310580,13,018,01,#,10.6,#,0.467
1310580010,2000,1310580,13,018,01,#,7.82,#,0.175
1310580013,2000,1310580,13,018,01,#,9.35,#,0.151
1310580016,2000,1310580,13,018,01,#,3.61,#,0.136
1310580019,2000,1310580,13,018,01,#,6.94,#,0.37
1310580022,2000,1310580,13,018,01,#,10.4,#,0.393
1310580025,2000,1310580,13,018,01,#,12.8,#,0.529
1310580028,2000,1310580,13,018,01,#,10,#,0.501
1310580031,2000,1310580,13,018,01,#,8.33,#,0.215
1310580034,2000,1310580,13,018,01,#,8.48,#,0.145
1310600001,2000,1310600,13,019,01,#,10.1,#,0.507
1310600004,2000,1310600,13,019,01,#,13.5,#,0.599
1310600007,2000,1310600,13,019,01,#,13.3,#,0.696
1310600010,2000,1310600,13,019,01,#,9.49,#,0.308
1310600013,2000,1310600,13,019,01,#,8.87,#,0.25
1310600016,2000,1310600,13,019,01,#,2.02,#,0.164
1310600019,2000,1310600,13,019,01,#,8.12,#,0.339
1310600022,2000,1310600,13,019,01,#,11.4,#,0.489
1310600025,2000,1310600,13,019,01,#,13.7,#,0.483
1310600028,2000,1310600,13,019,01,#,6.78,#,0.315
1310600031,2000,1310600,13,019,01,#,6.81,#,0.1
1310600034,2000,1310600,13,019,01,#,6.59,#,0.082
1310630001,2000,1310630,13,020,01,#,10.3,#,0.95
1310630004,2000,1310630,13,020,01,#,10.8,#,1.1
1310630007,2000,1310630,13,020,01,#,9.79,#,1.04
1310630010,2000,1310630,13,020,01,#,8.67,#,0.616
1310630013,2000,1310630,13,020,01,#,7.68,#,0.699
1310630016,2000,1310630,13,020,01,#,2.7,#,0.173
1310630019,2000,1310630,13,020,01,#,7.47,#,0.629
1310630022,2000,1310630,13,020,01,#,8.84,#,0.476
1310630025,2000,1310630,13,020,01,#,9.67,#,0.553
1310630028,2000,1310630,13,020,01,#,8.98,#,0.58
1310630031,2000,1310630,13,020,01,#,12.3,#,0.89
1310630034,2000,1310630,13,020,01,#,9.77,#,0.742
1310650001,2000,1310650,13,020,52,#,12.2,#,1.21
1310650004,2000,1310650,13,020,52,#,11,#,1.2
1310650007,2000,1310650,13,020,52,#,11,#,1.19
1310650010,2000,1310650,13,020,52,#,9.54,#,0.784
1310650013,2000,1310650,13,020,52,#,9.09,#,1.04
1310650016,2000,1310650,13,020,52,#,7.94,#,0.45
1310650019,2000,1310650,13,020,52,#,9.16,#,0.612
1310650022,2000,1310650,13,020,52,#,10.6,#,0.908
1310650025,2000,1310650,13,020,52,#,11.8,#,0.896
1310650028,2000,1310650,13,020,52,#,12.2,#,0.518
1310650031,2000,1310650,13,020,52,#,14.7,#,1.24
1310650034,2000,1310650,13,020,52,#,10.7,#,1.12
1310660001,2000,1310660,13,021,01,#,4.23,#,0.026
1310660004,2000,1310660,13,021,01,#,3.81,#,0.014
1310660007,2000,1310660,13,021,01,#,4.24,#,0.019
1310660010,2000,1310660,13,021,01,#,3.31,#,0.046
1310660013,2000,1310660,13,021,01,#,4.47,#,0.021
1310660016,2000,1310660,13,021,01,#,2.39,#,0.024
1310660019,2000,1310660,13,021,01,#,4,#,0.031
1310660022,2000,1310660,13,021,01,#,7.1,#,0.036
1310660025,2000,1310660,13,021,01,#,4.24,#,0.024
1310660028,2000,1310660,13,021,01,#,4.59,#,0.018
1310660031,2000,1310660,13,021,01,#,3.15,#,0.019
1310660034,2000,1310660,13,021,01,#,2.54,#,0.038
1310670001,2000,1310670,13,022,01,#,1.61,#,0.022
1310670003,2000,1310670,13,022,01,#,1.54,#,0.017
1310670005,2000,1310670,13,022,01,#,1.43,#,0.015
1310670007,2000,1310670,13,022,01,#,1.49,#,0.024
1310670009,2000,1310670,13,022,01,#,1.34,#,0.015
1310670011,2000,1310670,13,022,01,#,1.9,#,0.02
1310670013,2000,1310670,13,022,01,#,1.73,#,0.019
1310670015,2000,1310670,13,022,01,#,3.3,#,0.023
1310670017,2000,1310670,13,022,01,#,1.33,#,0.012
1310670019,2000,1310670,13,022,01,#,2.07,#,0.011
1310670021,2000,1310670,13,022,01,#,1.53,#,0.022
1310670023,2000,1310670,13,022,01,#,2.31,#,0.029
1310690001,2000,1310690,13,023,01,#,5.4,#,0.212
1310690004,2000,1310690,13,023,01,#,6.15,#,0.2
1310690007,2000,1310690,13,023,01,#,6.9,#,0.321
1310690010,2000,1310690,13,023,01,#,3.95,#,0.213
1310690013,2000,1310690,13,023,01,#,3.65,#,0.246
1310690016,2000,1310690,13,023,01,#,3.78,#,0.293
1310690019,2000,1310690,13,023,01,#,4.87,#,0.172
1310690022,2000,1310690,13,023,01,#,5.4,#,0.231
1310690025,2000,1310690,13,023,01,#,6.89,#,0.292
1310690028,2000,1310690,13,023,01,#,3.55,#,0.302
1310690031,2000,1310690,13,023,01,#,5.5,#,0.261
1310690034,2000,1310690,13,023,01,#,3.9,#,0.21
1310700001,2000,1310700,13,024,01,#,2.88,#,0.021
1310700004,2000,1310700,13,024,01,#,1.91,#,0.048
1310700007,2000,1310700,13,024,01,#,1.83,#,0.065
1310700010,2000,1310700,13,024,01,#,2.25,#,0.039
1310700013,2000,1310700,13,024,01,#,1.72,#,0.03
1310700015,2000,1310700,13,024,01,#,5.24,#,0.044
1310700018,2000,1310700,13,024,01,#,4.09,#,0.046
1310700021,2000,1310700,13,024,01,#,7.39,#,0.039
1310700024,2000,1310700,13,024,01,#,2.59,#,0.033
1310700027,2000,1310700,13,024,01,#,2.84,#,0.025
1310700030,2000,1310700,13,024,01,#,7.28,#,0.039
1310700033,2000,1310700,13,024,01,#,2.82,#,0.024
1310730001,2000,1310730,13,025,01,#,3.88,#,0.179
1310730004,2000,1310730,13,025,01,#,3.6,#,0.15
1310730007,2000,1310730,13,025,01,#,4.65,#,0.238
1310730010,2000,1310730,13,025,01,#,3.25,#,0.112
1310730013,2000,1310730,13,025,01,#,3.2,#,0.159
1310730016,2000,1310730,13,025,01,#,2.99,#,0.203
1310730019,2000,1310730,13,025,01,#,3.14,#,0.115
1310730022,2000,1310730,13,025,01,#,2.92,#,0.083
1310730025,2000,1310730,13,025,01,#,3.45,#,0.098
1310730028,2000,1310730,13,025,01,#,3.81,#,0.171
1310730031,2000,1310730,13,025,01,#,3.78,#,0.177
1310730034,2000,1310730,13,025,01,#,3.46,#,0.143
1310740001,2000,1310740,13,026,01,#,7.34,#,0.368
1310740006,2000,1310740,13,026,01,#,7.1,#,0.527
1310740011,2000,1310740,13,026,01,#,6.24,#,0.595
1310740016,2000,1310740,13,026,01,#,5.18,#,0.294
1310740021,2000,1310740,13,026,01,#,4.36,#,0.31
1310740026,2000,1310740,13,026,01,#,4.37,#,0.182
1310740031,2000,1310740,13,026,01,#,5.53,#,0.281
1310740036,2000,1310740,13,026,01,#,4.8,#,0.2
1310740041,2000,1310740,13,026,01,#,7.28,#,0.361
1310740046,2000,1310740,13,026,01,#,6.61,#,0.447
1310740051,2000,1310740,13,026,01,#,6.83,#,0.404
1310740056,2000,1310740,13,026,01,#,5.69,#,0.316
1310750001,2000,1310750,13,025,02,#,6.55,#,0.302
1310750004,2000,1310750,13,025,02,#,9.2,#,0.3
1310750007,2000,1310750,13,025,02,#,9.15,#,0.758
1310750010,2000,1310750,13,025,02,#,6.15,#,0.364
1310750013,2000,1310750,13,025,02,#,5.9,#,0.399
1310750016,2000,1310750,13,025,02,#,5.08,#,0.377
1310750019,2000,1310750,13,025,02,#,6.03,#,0.288
1310750022,2000,1310750,13,025,02,#,4.85,#,0.258
1310750025,2000,1310750,13,025,02,#,8.71,#,0.447
1310750028,2000,1310750,13,025,02,#,4.28,#,0.388
1310750031,2000,1310750,13,025,02,#,8.75,#,0.563
1310750034,2000,1310750,13,025,02,#,7.05,#,0.443
1310780001,2000,1310780,13,027,01,#,4.25,#,0.086
1310780004,2000,1310780,13,027,01,#,6.2,#,0.05
1310780007,2000,1310780,13,027,01,#,13.9,#,0.155
1310780010,2000,1310780,13,027,01,#,3.7,#,0.092
1310780013,2000,1310780,13,027,01,#,3.45,#,0.076
1310780016,2000,1310780,13,027,01,#,20.2,#,0.093
1310780019,2000,1310780,13,027,01,#,3.74,#,0.078
1310780022,2000,1310780,13,027,01,#,2.75,#,0.05
1310780025,2000,1310780,13,027,01,#,5.12,#,0.054
1310780028,2000,1310780,13,027,01,#,3.06,#,0.057
1310780031,2000,1310780,13,027,01,#,4.6,#,0.078
1310780034,2000,1310780,13,027,01,#,3.95,#,0.057
1310790001,2000,1310790,13,028,01,#,7.39,#,0.248
1310790004,2000,1310790,13,028,01,#,5.75,#,0.375
1310790007,2000,1310790,13,028,01,#,4.01,#,0.414
1310790010,2000,1310790,13,028,01,#,2.34,#,0.064
1310790013,2000,1310790,13,028,01,#,1.35,#,0.056
1310790015,2000,1310790,13,028,01,#,4.82,#,0.062
1310790018,2000,1310790,13,028,01,#,3.42,#,0.129
1310790021,2000,1310790,13,028,01,#,3.56,#,0.106
1310790024,2000,1310790,13,028,01,#,4.3,#,0.238
1310790027,2000,1310790,13,028,01,#,4.29,#,0.124
1310790030,2000,1310790,13,028,01,#,7.46,#,0.354
1310790033,2000,1310790,13,028,01,#,7.53,#,0.299
1310800001,2000,1310800,13,029,01,#,2.54,#,0.056
1310800006,2000,1310800,13,029,01,#,3.2,#,0.122
1310800011,2000,1310800,13,029,01,#,1.6,#,0.13
1310800016,2000,1310800,13,029,01,#,2.17,#,0.062
1310800021,2000,1310800,13,029,01,#,1.76,#,0.114
1310800026,2000,1310800,13,029,01,#,1.94,#,0.054
1310800031,2000,1310800,13,029,01,#,5.16,#,0.103
1310800036,2000,1310800,13,029,01,#,2.6,#,0.087
1310800041,2000,1310800,13,029,01,#,2.6,#,0.117
1310800046,2000,1310800,13,029,01,#,1.63,#,0.081
1310800051,2000,1310800,13,029,01,#,2.85,#,0.091
1310800056,2000,1310800,13,029,01,#,2.33,#,0.094
1310810001,2000,1310810,13,030,01,#,12.1,#,0.274
1310810006,2000,1310810,13,030,01,#,8.15,#,0.314
1310810011,2000,1310810,13,030,01,#,8.88,#,0.376
1310810016,2000,1310810,13,030,01,#,9.28,#,0.132
1310810021,2000,1310810,13,030,01,#,6.18,#,0.312
1310810026,2000,1310810,13,030,01,#,6.12,#,0.119
1310810031,2000,1310810,13,030,01,#,7.73,#,0.115
1310810036,2000,1310810,13,030,01,#,9.91,#,0.218
1310810041,2000,1310810,13,030,01,#,10.2,#,0.156
1310810046,2000,1310810,13,030,01,#,8.96,#,0.344
1310810051,2000,1310810,13,030,01,#,9.82,#,0.216
1310810056,2000,1310810,13,030,01,#,10.2,#,0.225
1310820001,2000,1310820,13,030,51,#,6.99,#,0.081
1310820002,2000,1310820,13,030,51,#,1.35,#,0.108
1310820003,2000,1310820,13,030,51,#,2.91,#,0.123
1310820004,2000,1310820,13,030,51,#,3.45,#,0.051
1310820005,2000,1310820,13,030,51,#,1.32,#,0.088
1310820006,2000,1310820,13,030,51,#,8.02,#,0.064
1310820007,2000,1310820,13,030,51,#,5.15,#,0.066
1310820008,2000,1310820,13,030,51,#,8.4,#,0.057
1310820009,2000,1310820,13,030,51,#,5.69,#,0.037
1310820010,2000,1310820,13,030,51,#,6.03,#,0.066
1310820011,2000,1310820,13,030,51,#,8.22,#,0.106
1310820012,2000,1310820,13,030,51,#,5.26,#,0.117
1310830001,2000,1310830,13,031,01,#,6.58,#,0.257
1310830004,2000,1310830,13,031,01,#,5.68,#,0.651
1310830007,2000,1310830,13,031,01,#,4.64,#,0.305
1310830010,2000,1310830,13,031,01,#,5.07,#,0.2
1310830013,2000,1310830,13,031,01,#,3.93,#,0.404
1310830016,2000,1310830,13,031,01,#,5.22,#,0.157
1310830019,2000,1310830,13,031,01,#,6.68,#,0.34
1310830022,2000,1310830,13,031,01,#,8.17,#,0.355
1310830025,2000,1310830,13,031,01,#,7.01,#,0.392
1310830028,2000,1310830,13,031,01,#,7.46,#,0.459
1310830031,2000,1310830,13,031,01,#,7.42,#,0.446
1310830034,2000,1310830,13,031,01,#,7.18,#,0.521
1310840001,2000,1310840,13,031,51,#,6.34,#,0.366
1310840004,2000,1310840,13,031,51,#,4.98,#,0.239
1310840015,2000,1310840,13,031,51,#,6.29,#,0.322
1310840019,2000,1310840,13,031,51,#,10.6,#,0.689
1310850001,2000,1310850,13,032,01,#,1.26,#,0.041
1310850003,2000,1310850,13,032,01,#,1.12,#,0.038
1310850005,2000,1310850,13,032,01,#,2.53,#,0.035
1310850007,2000,1310850,13,032,01,#,1.44,#,0.058
1310850009,2000,1310850,13,032,01,#,2.1,#,0.039
1310850011,2000,1310850,13,032,01,#,2.45,#,0.032
1310850013,2000,1310850,13,032,01,#,1.54,#,0.036
1310850015,2000,1310850,13,032,01,#,2.78,#,0.032
1310850017,2000,1310850,13,032,01,#,1.37,#,0.024
1310850019,2000,1310850,13,032,01,#,1.95,#,0.027
1310850021,2000,1310850,13,032,01,#,2.35,#,0.033
1310850023,2000,1310850,13,032,01,#,1.88,#,0.028
1310860001,2000,1310860,13,032,02,#,2.01,#,0.061
1310860003,2000,1310860,13,032,02,#,1.62,#,0.079
1310860005,2000,1310860,13,032,02,#,2.84,#,0.067
1310860007,2000,1310860,13,032,02,#,1.67,#,0.085
1310860009,2000,1310860,13,032,02,#,2.27,#,0.069
1310860011,2000,1310860,13,032,02,#,2.62,#,0.053
1310860013,2000,1310860,13,032,02,#,1.94,#,0.054
1310860015,2000,1310860,13,032,02,#,2.83,#,0.044
1310860017,2000,1310860,13,032,02,#,2.07,#,0.036
1310860019,2000,1310860,13,032,02,#,2.02,#,0.051
1310860021,2000,1310860,13,032,02,#,3.12,#,0.049
1310860023,2000,1310860,13,032,02,#,1.2,#,0.039
1310870001,2000,1310870,13,034,01,#,9.38,#,0.187
1310870006,2000,1310870,13,034,01,#,8.08,#,0.159
1310870011,2000,1310870,13,034,01,#,9.72,#,0.175
1310870016,2000,1310870,13,034,01,#,9.77,#,0.21
1310870021,2000,1310870,13,034,01,#,8.27,#,0.172
1310870026,2000,1310870,13,034,01,#,7.86,#,0.095
1310870031,2000,1310870,13,034,01,#,7.83,#,0.151
1310870036,2000,1310870,13,034,01,#,11.7,#,0.101
1310870041,2000,1310870,13,034,01,#,6.82,#,0.106
1310870046,2000,1310870,13,034,01,#,8.51,#,0.167
1310870051,2000,1310870,13,034,01,#,10.3,#,0.19
1310870056,2000,1310870,13,034,01,#,3.52,#,0.147
1310880001,2000,1310880,13,035,01,#,5.81,#,0.056
1310880004,2000,1310880,13,035,01,#,7.62,#,0.124
1310880007,2000,1310880,13,035,01,#,6.37,#,0.107
1310880010,2000,1310880,13,035,01,#,6.28,#,0.08
1310880013,2000,1310880,13,035,01,#,7.11,#,0.075
1310880016,2000,1310880,13,035,01,#,7.74,#,0.065
1310880019,2000,1310880,13,035,01,#,8.92,#,0.104
1310880022,2000,1310880,13,035,01,#,7.62,#,0.169
1310880025,2000,1310880,13,035,01,#,7.64,#,0.076
1310880028,2000,1310880,13,035,01,#,7.16,#,0.074
1310880031,2000,1310880,13,035,01,#,7.17,#,0.071
1310880034,2000,1310880,13,035,01,#,3.41,#,0.063
1310940001,2000,1310940,13,036,01,#,6.16,#,0.312
1310940004,2000,1310940,13,036,01,#,5.14,#,0.306
1310940007,2000,1310940,13,036,01,#,4.68,#,0.266
1310940010,2000,1310940,13,036,01,#,3.61,#,0.214
1310940013,2000,1310940,13,036,01,#,3.91,#,0.249
1310940016,2000,1310940,13,036,01,#,4.44,#,0.173
1310940019,2000,1310940,13,036,01,#,5.19,#,0.224
1310940022,2000,1310940,13,036,01,#,6.3,#,0.263
1310940025,2000,1310940,13,036,01,#,6.3,#,0.211
1310940028,2000,1310940,13,036,01,#,4.52,#,0.184
1310940031,2000,1310940,13,036,01,#,8.68,#,0.251
1310940034,2000,1310940,13,036,01,#,4.47,#,0.223
1310950001,2000,1310950,13,037,01,#,14.6,#,0.431
1310950006,2000,1310950,13,037,01,#,10.9,#,0.504
1310950011,2000,1310950,13,037,01,#,14.5,#,0.471
1310950016,2000,1310950,13,037,01,#,8.21,#,0.124
1310950021,2000,1310950,13,037,01,#,5.97,#,0.108
1310950026,2000,1310950,13,037,01,#,10.7,#,0.141
1310950031,2000,1310950,13,037,01,#,8,#,0.208
1310950036,2000,1310950,13,037,01,#,17.8,#,0.317
1310950041,2000,1310950,13,037,01,#,9.73,#,0.454
1310950046,2000,1310950,13,037,01,#,10.9,#,0.097
1310950051,2000,1310950,13,037,01,#,19.7,#,0.521
1310950056,2000,1310950,13,037,01,#,14.6,#,0.281
1310960001,2000,1310960,13,038,01,#,2.19,#,0.186
1310960004,2000,1310960,13,038,01,#,3.18,#,0.145
1310960007,2000,1310960,13,038,01,#,3.96,#,0.121
1310960010,2000,1310960,13,038,01,#,1.26,#,0.27
1310960013,2000,1310960,13,038,01,#,3.92,#,0.096
1310960016,2000,1310960,13,038,01,#,7.58,#,0.158
1310960019,2000,1310960,13,038,01,#,3.22,#,0.104
1310960022,2000,1310960,13,038,01,#,4.42,#,0.121
1310960025,2000,1310960,13,038,01,#,6.17,#,0.163
1310960028,2000,1310960,13,038,01,#,2.42,#,0.23
1310960031,2000,1310960,13,038,01,#,4.22,#,0.319
1310960034,2000,1310960,13,038,01,#,2.56,#,0.331
1310970002,2000,1310970,13,039,51,#,4.35,#,0.12
1310970005,2000,1310970,13,039,51,#,3.77,#,0.253
1310970008,2000,1310970,13,039,51,#,2.83,#,0.156
1310970011,2000,1310970,13,039,51,#,3.64,#,0.134
1310970014,2000,1310970,13,039,51,#,3.92,#,0.224
1310970017,2000,1310970,13,039,51,#,4.03,#,0.167
1310970020,2000,1310970,13,039,51,#,4.55,#,0.165
1310970023,2000,1310970,13,039,51,#,6.66,#,0.201
1310970026,2000,1310970,13,039,51,#,8.47,#,0.388
1310970029,2000,1310970,13,039,51,#,8.81,#,0.427
1310970032,2000,1310970,13,039,51,#,10.1,#,0.359
1310970035,2000,1310970,13,039,51,#,11.2,#,0.321
1310980001,2000,1310980,13,043,01,#,3.02,#,0.13
1310980004,2000,1310980,13,043,01,#,2.26,#,0.078
1310980007,2000,1310980,13,043,01,#,2.12,#,0.089
1310980010,2000,1310980,13,043,01,#,2.82,#,0.09
1310980013,2000,1310980,13,043,01,#,2.54,#,0.11
1310980016,2000,1310980,13,043,01,#,2.48,#,0.107
1310980019,2000,1310980,13,043,01,#,5.44,#,0.119
1310980022,2000,1310980,13,043,01,#,3.76,#,0.083
1310980025,2000,1310980,13,043,01,#,3.72,#,0.128
1310980028,2000,1310980,13,043,01,#,3.95,#,0.141
1310980031,2000,1310980,13,043,01,#,4.38,#,0.133
1310980034,2000,1310980,13,043,01,#,3.93,#,0.147
1310990001,2000,1310990,13,202,01,#,15.3,#,1.14
1310990004,2000,1310990,13,202,01,#,6.79,#,0.496
1310990007,2000,1310990,13,202,01,#,5.85,#,0.414
1310990010,2000,1310990,13,202,01,#,7.88,#,0.594
1310990013,2000,1310990,13,202,01,#,7.63,#,0.67
1310990016,2000,1310990,13,202,01,#,3.98,#,0.284
1310990020,2000,1310990,13,202,01,#,7.15,#,0.398
1310990022,2000,1310990,13,202,01,#,6.89,#,0.262
1310990025,2000,1310990,13,202,01,#,9.18,#,0.395
1310990028,2000,1310990,13,202,01,#,11.3,#,0.463
1310990031,2000,1310990,13,202,01,#,10.6,#,0.433
1310990034,2000,1310990,13,202,01,#,10.2,#,0.339
1311000001,2000,1311000,13,044,01,#,6.66,#,0.291
1311000004,2000,1311000,13,044,01,#,3.38,#,0.15
1311000007,2000,1311000,13,044,01,#,3.81,#,0.151
1311000010,2000,1311000,13,044,01,#,4.3,#,0.169
1311000013,2000,1311000,13,044,01,#,3.56,#,0.213
1311000017,2000,1311000,13,044,01,#,2.77,#,0.202
1311000020,2000,1311000,13,044,01,#,4.22,#,0.148
1311000022,2000,1311000,13,044,01,#,4.58,#,0.111
1311000025,2000,1311000,13,044,01,#,5.19,#,0.195
1311000028,2000,1311000,13,044,01,#,7.21,#,0.206
1311000031,2000,1311000,13,044,01,#,6.17,#,0.223
1311000034,2000,1311000,13,044,01,#,7.23,#,0.262
1311010001,2000,1311010,13,044,51,#,4.24,#,0.239
1311010004,2000,1311010,13,044,51,#,2.03,#,0.109
1311010007,2000,1311010,13,044,51,#,2.46,#,0.122
1311010010,2000,1311010,13,044,51,#,3.88,#,0.263
1311010013,2000,1311010,13,044,51,#,3.44,#,0.274
1311010016,2000,1311010,13,044,51,#,2.87,#,0.261
1311010019,2000,1311010,13,044,51,#,4,#,0.143
1311010022,2000,1311010,13,044,51,#,3.92,#,0.115
1311010025,2000,1311010,13,044,51,#,3.44,#,0.135
1311010028,2000,1311010,13,044,51,#,5.9,#,0.168
1311010031,2000,1311010,13,044,51,#,4.19,#,0.167
1311010034,2000,1311010,13,044,51,#,4.82,#,0.191
1311020001,2000,1311020,13,204,01,#,5.57,#,0.226
1311020002,2000,1311020,13,204,01,#,4.11,#,0.224
1311020003,2000,1311020,13,204,01,#,3.57,#,0.206
1311020004,2000,1311020,13,204,01,#,2.78,#,0.119
1311020005,2000,1311020,13,204,01,#,3.01,#,0.114
1311020006,2000,1311020,13,204,01,#,2.43,#,0.208
1311020007,2000,1311020,13,204,01,#,3.41,#,0.159
1311020008,2000,1311020,13,204,01,#,6.5,#,0.199
1311020009,2000,1311020,13,204,01,#,6.57,#,0.347
1311020010,2000,1311020,13,204,01,#,8.54,#,0.389
1311020011,2000,1311020,13,204,01,#,6.73,#,0.442
1311020012,2000,1311020,13,204,01,#,5.36,#,0.224
1311030001,2000,1311030,13,049,01,#,5.12,#,0.322
1311030004,2000,1311030,13,049,01,#,4.08,#,0.317
1311030007,2000,1311030,13,049,01,#,4.39,#,0.482
1311030010,2000,1311030,13,049,01,#,4.56,#,0.202
1311030013,2000,1311030,13,049,01,#,5.07,#,0.322
1311030016,2000,1311030,13,049,01,#,5.76,#,0.396
1311030019,2000,1311030,13,049,01,#,5.06,#,0.245
1311030022,2000,1311030,13,049,01,#,4.51,#,0.165
1311030025,2000,1311030,13,049,01,#,5.17,#,0.206
1311030028,2000,1311030,13,049,01,#,5.18,#,0.228
1311030031,2000,1311030,13,049,01,#,5.41,#,0.245
1311030034,2000,1311030,13,049,01,#,6.66,#,0.293
1311050001,2000,1311050,13,050,01,#,5.42,#,0.347
1311050004,2000,1311050,13,050,01,#,5.06,#,0.443
1311050007,2000,1311050,13,050,01,#,4.99,#,0.449
1311050010,2000,1311050,13,050,01,#,5.27,#,0.225
1311050013,2000,1311050,13,050,01,#,5.39,#,0.316
1311050016,2000,1311050,13,050,01,#,4.77,#,0.367
1311050019,2000,1311050,13,050,01,#,5.55,#,0.28
1311050022,2000,1311050,13,050,01,#,5.7,#,0.199
1311050025,2000,1311050,13,050,01,#,6.03,#,0.236
1311050028,2000,1311050,13,050,01,#,7.41,#,0.346
1311050031,2000,1311050,13,050,01,#,5.62,#,0.269
1311050034,2000,1311050,13,050,01,#,6.4,#,0.266
1311100001,2000,1311100,13,059,01,#,4.17,#,0.083
1311100004,2000,1311100,13,059,01,#,5.12,#,0.067
1311100007,2000,1311100,13,059,01,#,4,#,0.045
1311100010,2000,1311100,13,059,01,#,4.25,#,0.038
1311100013,2000,1311100,13,059,01,#,5.12,#,0.083
1311100016,2000,1311100,13,059,01,#,5.87,#,0.05
1311100019,2000,1311100,13,059,01,#,5.27,#,0.061
1311100022,2000,1311100,13,059,01,#,5.75,#,0.068
1311100025,2000,1311100,13,059,01,#,5.72,#,0.066
1311100028,2000,1311100,13,059,01,#,5.05,#,0.062
1311100031,2000,1311100,13,059,01,#,5.15,#,0.093
1311100034,2000,1311100,13,059,01,#,3.79,#,0.074
1311110001,2000,1311110,13,041,01,#,3.03,#,0.027
1311110004,2000,1311110,13,041,01,#,5.55,#,0.035
1311110007,2000,1311110,13,041,01,#,6.25,#,0.037
1311110010,2000,1311110,13,041,01,#,3.5,#,0.04
1311110013,2000,1311110,13,041,01,#,4.09,#,0.034
1311110016,2000,1311110,13,041,01,#,6.98,#,0.022
1311110019,2000,1311110,13,041,01,#,3.57,#,0.015
1311110022,2000,1311110,13,041,01,#,8.86,#,0.016
1311110025,2000,1311110,13,041,01,#,2.59,#,0.015
1311110028,2000,1311110,13,041,01,#,3.71,#,0.024
1311110031,2000,1311110,13,041,01,#,4.41,#,0.031
1311110034,2000,1311110,13,041,01,#,1.73,#,0.03
1311130001,2000,1311130,13,215,01,#,6.06,#,0.041
1311130004,2000,1311130,13,215,01,#,6.9,#,0.305
1311130007,2000,1311130,13,215,01,#,8.15,#,0.078
1311130010,2000,1311130,13,215,01,#,7.35,#,0.098
1311130013,2000,1311130,13,215,01,#,8.66,#,0.049
1311130016,2000,1311130,13,215,01,#,9.01,#,0.061
1311130019,2000,1311130,13,215,01,#,10.2,#,0.042
1311130022,2000,1311130,13,215,01,#,8.18,#,0.051
1311130025,2000,1311130,13,215,01,#,7.01,#,0.058
1311130028,2000,1311130,13,215,01,#,7.96,#,0.059
1311130031,2000,1311130,13,215,01,#,7.59,#,0.057
1311130034,2000,1311130,13,215,01,#,3.99,#,0.053
1311140001,2000,1311140,13,005,54,#,5.87,#,0.581
1311140004,2000,1311140,13,005,54,#,3.88,#,0.324
1311140007,2000,1311140,13,005,54,#,3.2,#,0.305
1311140010,2000,1311140,13,005,54,#,4.39,#,0.267
1311140013,2000,1311140,13,005,54,#,4.08,#,0.278
1311140016,2000,1311140,13,005,54,#,4.65,#,0.212
1311140020,2000,1311140,13,005,54,#,4.51,#,0.379
1311140023,2000,1311140,13,005,54,#,6.69,#,0.268
1311140025,2000,1311140,13,005,54,#,14.2,#,0.284
1311140028,2000,1311140,13,005,54,#,7.06,#,0.416
1311140031,2000,1311140,13,005,54,#,6.55,#,0.33
1311140034,2000,1311140,13,005,54,#,5.59,#,0.381
1311160001,2000,1311160,13,042,01,#,1.81,#,0.074
1311160004,2000,1311160,13,042,01,#,1.79,#,0.093
1311160007,2000,1311160,13,042,01,#,3.1,#,0.068
1311160010,2000,1311160,13,042,01,#,1.93,#,0.153
1311160013,2000,1311160,13,042,01,#,2.99,#,0.11
1311160016,2000,1311160,13,042,01,#,2.7,#,0.072
1311160019,2000,1311160,13,042,01,#,2.47,#,0.076
1311160022,2000,1311160,13,042,01,#,2.46,#,0.063
1311160025,2000,1311160,13,042,01,#,1.53,#,0.051
1311160028,2000,1311160,13,042,01,#,2.07,#,0.053
1311160031,2000,1311160,13,042,01,#,2.84,#,0.059
1311160034,2000,1311160,13,042,01,#,1.16,#,0.055
1311170001,2000,1311170,13,056,01,#,1.12,#,0.021
1311170003,2000,1311170,13,056,01,#,0.45,#,0.018
1311170005,2000,1311170,13,056,01,#,0.93,#,0.02
1311170007,2000,1311170,13,056,01,#,1.06,#,0.07
1311170009,2000,1311170,13,056,01,#,0.76,#,0.021
1311170011,2000,1311170,13,056,01,#,1.03,#,0.047
1311170013,2000,1311170,13,056,01,#,0.8,#,0.021
1311170015,2000,1311170,13,056,01,#,1.29,#,0.02
1311170017,2000,1311170,13,056,01,#,1.04,#,0.019
1311170019,2000,1311170,13,056,01,#,1.07,#,0.028
1311170021,2000,1311170,13,056,01,#,0.59,#,0.018
1311170023,2000,1311170,13,056,01,#,1.06,#,0.023
1311200001,2000,1311200,13,219,01,#,6.19,#,0.622
1311200004,2000,1311200,13,219,01,#,3.88,#,0.315
1311200007,2000,1311200,13,219,01,#,3.25,#,0.29
1311200010,2000,1311200,13,219,01,#,4.37,#,0.263
1311200013,2000,1311200,13,219,01,#,3.92,#,0.255
1311200016,2000,1311200,13,219,01,#,4.59,#,0.221
1311200020,2000,1311200,13,219,01,#,4.39,#,0.392
1311200022,2000,1311200,13,219,01,#,6.24,#,0.234
1311200025,2000,1311200,13,219,01,#,6.66,#,0.332
1311200028,2000,1311200,13,219,01,#,6.68,#,0.435
1311200031,2000,1311200,13,219,01,#,6.32,#,0.353
1311200034,2000,1311200,13,219,01,#,5.62,#,0.255
1311210001,2000,1311210,13,054,01,#,5,#,0.234
1311210004,2000,1311210,13,054,01,#,5.65,#,0.35
1311210007,2000,1311210,13,054,01,#,4.9,#,0.245
1311210010,2000,1311210,13,054,01,#,4.9,#,0.264
1311210013,2000,1311210,13,054,01,#,5.45,#,0.252
1311210016,2000,1311210,13,054,01,#,4.31,#,0.206
1311210019,2000,1311210,13,054,01,#,6.07,#,0.24
1311210022,2000,1311210,13,054,01,#,4.7,#,0.171
1311210025,2000,1311210,13,054,01,#,6.81,#,0.3
1311210028,2000,1311210,13,054,01,#,4.23,#,0.441
1311210031,2000,1311210,13,054,01,#,5.94,#,0.373
1311210034,2000,1311210,13,054,01,#,4.1,#,0.269
1311220001,2000,1311220,13,055,01,#,4.1,#,0.167
1311220004,2000,1311220,13,055,01,#,1.6,#,0.25
1311220007,2000,1311220,13,055,01,#,3.02,#,0.406
1311220010,2000,1311220,13,055,01,#,4.26,#,0.294
1311220013,2000,1311220,13,055,01,#,4.56,#,0.188
1311220016,2000,1311220,13,055,01,#,4.29,#,0.267
1311220019,2000,1311220,13,055,01,#,5.41,#,0.225
1311220022,2000,1311220,13,055,01,#,4.55,#,0.201
1311220025,2000,1311220,13,055,01,#,7.15,#,0.297
1311220028,2000,1311220,13,055,01,#,3.51,#,0.285
1311220031,2000,1311220,13,055,01,#,6.45,#,0.39
1311220034,2000,1311220,13,055,01,#,4.9,#,0.424
1311230001,2000,1311230,13,029,51,#,3.02,#,0.046
1311230002,2000,1311230,13,029,51,#,2.85,#,0.05
1311230003,2000,1311230,13,029,51,#,0.96,#,0.127
1311230004,2000,1311230,13,029,51,#,2.14,#,0.074
1311230005,2000,1311230,13,029,51,#,1.16,#,0.072
1311230006,2000,1311230,13,029,51,#,1.96,#,0.101
1311230007,2000,1311230,13,029,51,#,2.2,#,0.086
1311230008,2000,1311230,13,029,51,#,2.44,#,0.084
1311230009,2000,1311230,13,029,51,#,2.5,#,0.076
1311230010,2000,1311230,13,029,51,#,1.56,#,0.092
1311230011,2000,1311230,13,029,51,#,2.38,#,0.072
1311230012,2000,1311230,13,029,51,#,2.04,#,0.074
1311250001,2000,1311250,13,014,54,#,0.75,#,0.013
1311250006,2000,1311250,13,014,54,#,0.79,#,0.016
1311250011,2000,1311250,13,014,54,#,0.7,#,0.024
1311250016,2000,1311250,13,014,54,#,1.07,#,0.019
1311250021,2000,1311250,13,014,54,#,0.86,#,0.021
1311250026,2000,1311250,13,014,54,#,1.2,#,0.027
1311250031,2000,1311250,13,014,54,#,0.68,#,0.016
1311250036,2000,1311250,13,014,54,#,1.19,#,0.018
1311250041,2000,1311250,13,014,54,#,0.85,#,0.031
1311250046,2000,1311250,13,014,54,#,0.78,#,0.023
1311250051,2000,1311250,13,014,54,#,0.89,#,0.017
1311250056,2000,1311250,13,014,54,#,1.15,#,0.016
1311260001,2000,1311260,13,222,01,#,9.39,#,0.704
1311260004,2000,1311260,13,222,01,#,9.93,#,0.073
1311260007,2000,1311260,13,222,01,#,10.6,#,0.093
1311260010,2000,1311260,13,222,01,#,8.07,#,0.044
1311260013,2000,1311260,13,222,01,#,9.22,#,0.185
1311260016,2000,1311260,13,222,01,#,7.31,#,0.071
1311260019,2000,1311260,13,222,01,#,7.62,#,0.546
1311260022,2000,1311260,13,222,01,#,11.4,#,0.083
1311260025,2000,1311260,13,222,01,#,10.9,#,0.091
1311260028,2000,1311260,13,222,01,#,8.68,#,0.136
1311260031,2000,1311260,13,222,01,#,11.4,#,0.91
1311260034,2000,1311260,13,222,01,#,9.69,#,0.072
1311270001,2000,1311270,13,047,01,#,9.75,#,0.903
1311270004,2000,1311270,13,047,01,#,8.78,#,0.923
1311270007,2000,1311270,13,047,01,#,6.8,#,0.822
1311270010,2000,1311270,13,047,01,#,8.22,#,0.649
1311270013,2000,1311270,13,047,01,#,8.35,#,0.911
1311270016,2000,1311270,13,047,01,#,5.5,#,0.308
1311270019,2000,1311270,13,047,01,#,6.93,#,0.752
1311270022,2000,1311270,13,047,01,#,7.25,#,0.452
1311270025,2000,1311270,13,047,01,#,8.11,#,0.446
1311270028,2000,1311270,13,047,01,#,8.07,#,0.459
1311270031,2000,1311270,13,047,01,#,8.54,#,0.671
1311270034,2000,1311270,13,047,01,#,7.82,#,0.583
1311280001,2000,1311280,13,040,01,#,5.95,#,0.342
1311280004,2000,1311280,13,040,01,#,6.12,#,0.335
1311280007,2000,1311280,13,040,01,#,4.46,#,0.453
1311280010,2000,1311280,13,040,01,#,5.25,#,0.199
1311280013,2000,1311280,13,040,01,#,4.87,#,0.333
1311280016,2000,1311280,13,040,01,#,5.54,#,0.396
1311280019,2000,1311280,13,040,01,#,6.29,#,0.273
1311280022,2000,1311280,13,040,01,#,4.34,#,0.193
1311280025,2000,1311280,13,040,01,#,5.77,#,0.213
1311280028,2000,1311280,13,040,01,#,5.28,#,0.242
1311280031,2000,1311280,13,040,01,#,6.02,#,0.271
1311280034,2000,1311280,13,040,01,#,6.79,#,0.361
1311290001,2000,1311290,13,045,01,#,6.03,#,0.363
1311290004,2000,1311290,13,045,01,#,6.97,#,0.38
1311290007,2000,1311290,13,045,01,#,5.87,#,0.434
1311290010,2000,1311290,13,045,01,#,5.7,#,0.234
1311290013,2000,1311290,13,045,01,#,5.58,#,0.298
1311290016,2000,1311290,13,045,01,#,5.62,#,0.282
1311290019,2000,1311290,13,045,01,#,7.01,#,0.313
1311290022,2000,1311290,13,045,01,#,8.27,#,0.253
1311290025,2000,1311290,13,045,01,#,7.54,#,0.293
1311290028,2000,1311290,13,045,01,#,9.66,#,0.461
1311290031,2000,1311290,13,045,01,#,5.28,#,0.273
1311290034,2000,1311290,13,045,01,#,6.76,#,0.322
1311300001,2000,1311300,13,048,01,#,7.47,#,0.465
1311300004,2000,1311300,13,048,01,#,7.47,#,0.419
1311300007,2000,1311300,13,048,01,#,6.61,#,0.431
1311300010,2000,1311300,13,048,01,#,6.8,#,0.254
1311300013,2000,1311300,13,048,01,#,6.8,#,0.335
1311300016,2000,1311300,13,048,01,#,4.1,#,0.413
1311300019,2000,1311300,13,048,01,#,6.91,#,0.269
1311300022,2000,1311300,13,048,01,#,4.45,#,0.203
1311300025,2000,1311300,13,048,01,#,7.72,#,0.267
1311300028,2000,1311300,13,048,01,#,9.09,#,0.209
1311300031,2000,1311300,13,048,01,#,7.43,#,0.323
1311300034,2000,1311300,13,048,01,#,6.87,#,0.341
1311310001,2000,1311310,13,046,01,#,5.5,#,0.369
1311310004,2000,1311310,13,046,01,#,7.95,#,0.31
1311310007,2000,1311310,13,046,01,#,6.09,#,0.467
1311310010,2000,1311310,13,046,01,#,6.52,#,0.254
1311310013,2000,1311310,13,046,01,#,5.24,#,0.313
1311310016,2000,1311310,13,046,01,#,4.05,#,0.241
1311310019,2000,1311310,13,046,01,#,7.37,#,0.317
1311310022,2000,1311310,13,046,01,#,7.17,#,0.225
1311310025,2000,1311310,13,046,01,#,7.08,#,0.284
1311310028,2000,1311310,13,046,01,#,9.74,#,0.433
1311310031,2000,1311310,13,046,01,#,4.89,#,0.263
1311310034,2000,1311310,13,046,01,#,6.58,#,0.401
1311320001,2000,1311320,13,057,01,#,1,#,0.02
1311320003,2000,1311320,13,057,01,#,1.26,#,0.023
1311320005,2000,1311320,13,057,01,#,1.31,#,0.027
1311320007,2000,1311320,13,057,01,#,1.49,#,0.049
1311320009,2000,1311320,13,057,01,#,1.19,#,0.023
1311320011,2000,1311320,13,057,01,#,1.44,#,0.022
1311320013,2000,1311320,13,057,01,#,1.48,#,0.022
1311320015,2000,1311320,13,057,01,#,2.7,#,0.024
1311320017,2000,1311320,13,057,01,#,1.01,#,0.019
1311320019,2000,1311320,13,057,01,#,1.36,#,0.013
1311320021,2000,1311320,13,057,01,#,1.48,#,0.016
1311320023,2000,1311320,13,057,01,#,1.88,#,0.03
1311330001,2000,1311330,13,058,01,#,1.14,#,0.019
1311330003,2000,1311330,13,058,01,#,1.16,#,0.021
1311330005,2000,1311330,13,058,01,#,1.23,#,0.03
1311330007,2000,1311330,13,058,01,#,1.29,#,0.028
1311330009,2000,1311330,13,058,01,#,1.35,#,0.029
1311330011,2000,1311330,13,058,01,#,1.8,#,0.022
1311330013,2000,1311330,13,058,01,#,1.4,#,0.025
1311330015,2000,1311330,13,058,01,#,1.65,#,0.024
1311330017,2000,1311330,13,058,01,#,1.38,#,0.017
1311330019,2000,1311330,13,058,01,#,1.69,#,0.017
1311330021,2000,1311330,13,058,01,#,1.04,#,0.018
1311330023,2000,1311330,13,058,01,#,1.76,#,0.027
1311340001,2000,1311340,13,053,01,#,5.95,#,0.411
1311340004,2000,1311340,13,053,01,#,5.8,#,0.45
1311340007,2000,1311340,13,053,01,#,4.45,#,0.633
1311340010,2000,1311340,13,053,01,#,5.45,#,0.382
1311340013,2000,1311340,13,053,01,#,5.25,#,0.368
1311340016,2000,1311340,13,053,01,#,5.48,#,0.404
1311340019,2000,1311340,13,053,01,#,5.53,#,0.405
1311340022,2000,1311340,13,053,01,#,5.35,#,0.317
1311340025,2000,1311340,13,053,01,#,5.71,#,0.457
1311340028,2000,1311340,13,053,01,#,6.23,#,0.44
1311340031,2000,1311340,13,053,01,#,7.35,#,0.54
1311340034,2000,1311340,13,053,01,#,5.5,#,0.54
1311350001,2000,1311350,13,051,01,#,2.18,#,0.055
1311350003,2000,1311350,13,051,01,#,2,#,0.05
1311350005,2000,1311350,13,051,01,#,2.38,#,0.056
1311350007,2000,1311350,13,051,01,#,2.12,#,0.053
1311350009,2000,1311350,13,051,01,#,2.1,#,0.06
1311350011,2000,1311350,13,051,01,#,1.84,#,0.049
1311350013,2000,1311350,13,051,01,#,2.13,#,0.036
1311350015,2000,1311350,13,051,01,#,2.02,#,0.032
1311350017,2000,1311350,13,051,01,#,2.4,#,0.024
1311350019,2000,1311350,13,051,01,#,1.94,#,0.026
1311350021,2000,1311350,13,051,01,#,2.12,#,0.025
1311350023,2000,1311350,13,051,01,#,1.72,#,0.037
1311360001,2000,1311360,13,052,01,#,4.76,#,0.292
1311360003,2000,1311360,13,052,01,#,4.72,#,0.427
1311360005,2000,1311360,13,052,01,#,3.08,#,0.406
1311360007,2000,1311360,13,052,01,#,2.54,#,0.409
1311360009,2000,1311360,13,052,01,#,1.85,#,0.361
1311360011,2000,1311360,13,052,01,#,4.43,#,0.311
1311360013,2000,1311360,13,052,01,#,4.14,#,0.312
1311360015,2000,1311360,13,052,01,#,3.78,#,0.251
1311360017,2000,1311360,13,052,01,#,2.16,#,0.492
1311360019,2000,1311360,13,052,01,#,5.62,#,0.289
1311360021,2000,1311360,13,052,01,#,3.26,#,0.503
1311360023,2000,1311360,13,052,01,#,4.55,#,0.516
1320010001,2000,1320010,13,501,51,#,0.62,#,0.007
1320010002,2000,1320010,13,501,51,#,0.81,#,0.024
1320010003,2000,1320010,13,501,51,#,0.43,#,0.009
1320010004,2000,1320010,13,501,51,#,0.48,#,0.008
1320010005,2000,1320010,13,501,51,#,0.63,#,0.008
1320010006,2000,1320010,13,501,51,#,0.68,#,0.007
1320010007,2000,1320010,13,501,51,#,0.87,#,0.024
1320010008,2000,1320010,13,501,51,#,0.62,#,0.012
1320010009,2000,1320010,13,501,51,#,0.64,#,0.024
1320010010,2000,1320010,13,501,51,#,0.63,#,0.011
1320010011,2000,1320010,13,501,51,#,0.65,#,0.012
1320010012,2000,1320010,13,501,51,#,0.44,#,0.007
1320010013,2000,1320010,13,501,51,#,0.64,#,0.01
1320010014,2000,1320010,13,501,51,#,0.78,#,0.011
1320010015,2000,1320010,13,501,51,#,0.75,#,0.008
1320010016,2000,1320010,13,501,51,#,0.92,#,0.008
1320010017,2000,1320010,13,501,51,#,0.57,#,0.008
1320010018,2000,1320010,13,501,51,#,0.6,#,0.01
1320010019,2000,1320010,13,501,51,#,0.77,#,0.007
1320010020,2000,1320010,13,501,51,#,0.8,#,0.014
1320010021,2000,1320010,13,501,51,#,0.58,#,0.007
1320010022,2000,1320010,13,501,51,#,0.76,#,0.011
1320010023,2000,1320010,13,501,51,#,0.61,#,0.028
1320010024,2000,1320010,13,501,51,#,0.64,#,0.014
1320020001,2000,1320020,13,501,01,#,0.56,#,0.007
1320020002,2000,1320020,13,501,01,#,0.56,#,0.007
1320020003,2000,1320020,13,501,01,#,0.5,#,0.008
1320020004,2000,1320020,13,501,01,#,0.59,#,0.008
1320020005,2000,1320020,13,501,01,#,0.41,#,0.006
1320020006,2000,1320020,13,501,01,#,0.41,#,0.006
1320020007,2000,1320020,13,501,01,#,0.71,#,0.008
1320020008,2000,1320020,13,501,01,#,0.48,#,0.007
1320020009,2000,1320020,13,501,01,#,0.55,#,0.006
1320020010,2000,1320020,13,501,01,#,0.42,#,0.007
1320020011,2000,1320020,13,501,01,#,0.37,#,0.006
1320020012,2000,1320020,13,501,01,#,0.34,#,0.006
1320020013,2000,1320020,13,501,01,#,0.57,#,0.014
1320020014,2000,1320020,13,501,01,#,0.57,#,0.013
1320020015,2000,1320020,13,501,01,#,0.57,#,0.006
1320020016,2000,1320020,13,501,01,#,0.46,#,0.007
1320020017,2000,1320020,13,501,01,#,0.46,#,0.008
1320020018,2000,1320020,13,501,01,#,0.56,#,0.008
1320020019,2000,1320020,13,501,01,#,0.74,#,0.009
1320020020,2000,1320020,13,501,01,#,0.46,#,0.007
1320020021,2000,1320020,13,501,01,#,0.65,#,0.007
1320020022,2000,1320020,13,501,01,#,0.72,#,0.013
1320020023,2000,1320020,13,501,01,#,0.65,#,0.006
1320020024,2000,1320020,13,501,01,#,0.77,#,0.006
1320020025,2000,1320020,13,501,01,#,0.64,#,0.009
1320020026,2000,1320020,13,501,01,#,0.45,#,0.009
1320020027,2000,1320020,13,501,01,#,0.44,#,0.01
1320020028,2000,1320020,13,501,01,#,0.84,#,0.006
1320020029,2000,1320020,13,501,01,#,0.54,#,0.006
1320020030,2000,1320020,13,501,01,#,0.72,#,0.006
1320020031,2000,1320020,13,501,01,#,0.71,#,0.008
1320020032,2000,1320020,13,501,01,#,0.67,#,0.012
1320020033,2000,1320020,13,501,01,#,0.86,#,0.009
1320020034,2000,1320020,13,501,01,#,0.6,#,0.01
1320020035,2000,1320020,13,501,01,#,0.58,#,0.011
1320020036,2000,1320020,13,501,01,#,0.63,#,0.011
1330010001,2000,1330010,13,601,01,#,1.87,#,0.137
1330010002,2000,1330010,13,601,01,#,1.19,#,0.08
1330010003,2000,1330010,13,601,01,#,3.49,#,0.184
1330010004,2000,1330010,13,601,01,#,1.31,#,0.086
1330010005,2000,1330010,13,601,01,#,3.01,#,0.333
1330010006,2000,1330010,13,601,01,#,0.87,#,0.119
1330010007,2000,1330010,13,601,01,#,3.48,#,0.325
1330010008,2000,1330010,13,601,01,#,1.06,#,0.126
1330010009,2000,1330010,13,601,01,#,3.09,#,0.263
1330010010,2000,1330010,13,601,01,#,1.37,#,0.143
1330010011,2000,1330010,13,601,01,#,3.04,#,0.273
1330010012,2000,1330010,13,601,01,#,0.97,#,0.148
1330010013,2000,1330010,13,601,01,#,2.29,#,0.228
1330010014,2000,1330010,13,601,01,#,1.68,#,0.187
1330010015,2000,1330010,13,601,01,#,2,#,0.153
1330010016,2000,1330010,13,601,01,#,0.83,#,0.075
1330010017,2000,1330010,13,601,01,#,2.14,#,0.114
1330010018,2000,1330010,13,601,01,#,0.73,#,0.065
1330010019,2000,1330010,13,601,01,#,2.41,#,0.133
1330010020,2000,1330010,13,601,01,#,1.25,#,0.082
1330010021,2000,1330010,13,601,01,#,2.92,#,0.149
1330010022,2000,1330010,13,601,01,#,1.37,#,0.08
1330010023,2000,1330010,13,601,01,#,2.11,#,0.109
1330010024,2000,1330010,13,601,01,#,0.93,#,0.054
1330020001,2000,1330020,13,601,02,#,1.27,#,0.115
1330020002,2000,1330020,13,601,02,#,1.64,#,0.092
1330020003,2000,1330020,13,601,02,#,2.11,#,0.117
1330020004,2000,1330020,13,601,02,#,1.09,#,0.082
1330020005,2000,1330020,13,601,02,#,1.78,#,0.213
1330020006,2000,1330020,13,601,02,#,0.74,#,0.146
1330020007,2000,1330020,13,601,02,#,2.54,#,0.291
1330020008,2000,1330020,13,601,02,#,0.74,#,0.099
1330020009,2000,1330020,13,601,02,#,2.17,#,0.222
1330020010,2000,1330020,13,601,02,#,1.13,#,0.123
1330020011,2000,1330020,13,601,02,#,1.92,#,0.199
1330020012,2000,1330020,13,601,02,#,0.78,#,0.168
1330020013,2000,1330020,13,601,02,#,1.98,#,0.208
1330020014,2000,1330020,13,601,02,#,0.63,#,0.149
1330020015,2000,1330020,13,601,02,#,1.86,#,0.168
1330020016,2000,1330020,13,601,02,#,0.74,#,0.081
1330020017,2000,1330020,13,601,02,#,1.49,#,0.103
1330020018,2000,1330020,13,601,02,#,0.78,#,0.065
1330020019,2000,1330020,13,601,02,#,1.61,#,0.103
1330020020,2000,1330020,13,601,02,#,1.22,#,0.079
1330020021,2000,1330020,13,601,02,#,2.19,#,0.116
1330020022,2000,1330020,13,601,02,#,1.11,#,0.075
1330020023,2000,1330020,13,601,02,#,1.87,#,0.094
1330020024,2000,1330020,13,601,02,#,0.82,#,0.06
1330030001,2000,1330030,13,601,03,#,2.18,#,0.144
1330030002,2000,1330030,13,601,03,#,0.87,#,0.077
1330030003,2000,1330030,13,601,03,#,3.27,#,0.171
1330030004,2000,1330030,13,601,03,#,1.03,#,0.103
1330030005,2000,1330030,13,601,03,#,2.62,#,0.33
1330030006,2000,1330030,13,601,03,#,0.67,#,0.091
1330030007,2000,1330030,13,601,03,#,4.59,#,0.369
1330030008,2000,1330030,13,601,03,#,0.68,#,0.094
1330030009,2000,1330030,13,601,03,#,2.45,#,0.216
1330030010,2000,1330030,13,601,03,#,1.17,#,0.164
1330030011,2000,1330030,13,601,03,#,3,#,0.279
1330030012,2000,1330030,13,601,03,#,0.5,#,0.119
1330030013,2000,1330030,13,601,03,#,2.09,#,0.201
1330030014,2000,1330030,13,601,03,#,0.59,#,0.109
1330030015,2000,1330030,13,601,03,#,2.57,#,0.188
1330030016,2000,1330030,13,601,03,#,0.54,#,0.09
1330030017,2000,1330030,13,601,03,#,1.86,#,0.096
1330030018,2000,1330030,13,601,03,#,0.62,#,0.062
1330030019,2000,1330030,13,601,03,#,2.43,#,0.136
1330030020,2000,1330030,13,601,03,#,1.03,#,0.067
1330030021,2000,1330030,13,601,03,#,2.55,#,0.131
1330030022,2000,1330030,13,601,03,#,0.86,#,0.07
1330030023,2000,1330030,13,601,03,#,1.88,#,0.089
1330030024,2000,1330030,13,601,03,#,0.64,#,0.05
1330040001,2000,1330040,13,601,04,#,5.37,#,0.341
1330040002,2000,1330040,13,601,04,#,1.58,#,0.105
1330040003,2000,1330040,13,601,04,#,2.32,#,0.16
1330040004,2000,1330040,13,601,04,#,1.76,#,0.132
1330040005,2000,1330040,13,601,04,#,5.15,#,0.574
1330040006,2000,1330040,13,601,04,#,1.61,#,0.156
1330040007,2000,1330040,13,601,04,#,6.05,#,0.597
1330040008,2000,1330040,13,601,04,#,2.03,#,0.181
1330040009,2000,1330040,13,601,04,#,2.4,#,0.272
1330040010,2000,1330040,13,601,04,#,1.96,#,0.213
1330040011,2000,1330040,13,601,04,#,1.82,#,0.167
1330040012,2000,1330040,13,601,04,#,1.45,#,0.135
1330040013,2000,1330040,13,601,04,#,3.7,#,0.247
1330040014,2000,1330040,13,601,04,#,2.41,#,0.211
1330040015,2000,1330040,13,601,04,#,4.42,#,0.386
1330040016,2000,1330040,13,601,04,#,1.3,#,0.08
1330040017,2000,1330040,13,601,04,#,3.9,#,0.262
1330040018,2000,1330040,13,601,04,#,1.59,#,0.094
1330040019,2000,1330040,13,601,04,#,5.88,#,1.13
1330040020,2000,1330040,13,601,04,#,1.62,#,0.112
1330040021,2000,1330040,13,601,04,#,3.63,#,0.223
1330040022,2000,1330040,13,601,04,#,1.65,#,0.099
1330040023,2000,1330040,13,601,04,#,4,#,0.272
1330040024,2000,1330040,13,601,04,#,1.5,#,0.078
1330050001,2000,1330050,13,601,51,#,2.83,#,0.154
1330050002,2000,1330050,13,601,51,#,2.13,#,0.162
1330050003,2000,1330050,13,601,51,#,5.9,#,0.3
1330050004,2000,1330050,13,601,51,#,3.74,#,0.212
1330060001,2000,1330060,13,601,52,#,5.79,#,0.62
1330060002,2000,1330060,13,601,52,#,3.84,#,0.124
1330060003,2000,1330060,13,601,52,#,4.23,#,0.242
1330060004,2000,1330060,13,601,52,#,1.32,#,0.077
1330070001,2000,1330070,13,601,53,#,2.71,#,0.288
1330070002,2000,1330070,13,601,53,#,1.56,#,0.149
1330070003,2000,1330070,13,601,53,#,2.15,#,0.154
1330070004,2000,1330070,13,601,53,#,1.5,#,0.104
1330080001,2000,1330080,13,601,54,#,2.65,#,0.161
1330080002,2000,1330080,13,601,54,#,1.99,#,0.128
1330080003,2000,1330080,13,601,54,#,3.75,#,0.197
1330080004,2000,1330080,13,601,54,#,2.15,#,0.135
1330090001,2000,1330090,13,601,55,#,2.55,#,0.229
1330090002,2000,1330090,13,601,55,#,0.59,#,0.122
1330090003,2000,1330090,13,601,55,#,1.96,#,0.11
1330090004,2000,1330090,13,601,55,#,1.04,#,0.068
1330110001,2000,1330110,13,601,57,#,3.72,#,0.332
1330110002,2000,1330110,13,601,57,#,3.7,#,0.337
1330110003,2000,1330110,13,601,57,#,4.22,#,0.245
1330110004,2000,1330110,13,601,57,#,2.09,#,0.138
1330120001,2000,1330120,13,601,58,#,6.26,#,0.824
1330120003,2000,1330120,13,601,58,#,6.94,#,0.619
1330130001,2000,1330130,13,601,59,#,7.01,#,0.932
1330130003,2000,1330130,13,601,59,#,6.77,#,0.883
1330130005,2000,1330130,13,601,59,#,7.95,#,1.09
1330130007,2000,1330130,13,601,59,#,8.73,#,1.7
1330130009,2000,1330130,13,601,59,#,6.65,#,0.812
1330130011,2000,1330130,13,601,59,#,7.35,#,1.05
1330130013,2000,1330130,13,601,59,#,8.43,#,1.25
1330130015,2000,1330130,13,601,59,#,5.82,#,0.544
1330130017,2000,1330130,13,601,59,#,7.19,#,0.833
1330130019,2000,1330130,13,601,59,#,9.01,#,0.94
1330130021,2000,1330130,13,601,59,#,7.33,#,0.935
1330130023,2000,1330130,13,601,59,#,7.88,#,0.667
1330150001,2000,1330150,13,601,61,#,5.56,#,0.656
1330150003,2000,1330150,13,601,61,#,5.01,#,0.607
1330150005,2000,1330150,13,601,61,#,5.48,#,0.618
1330150007,2000,1330150,13,601,61,#,6.13,#,0.662
1330150009,2000,1330150,13,601,61,#,6.37,#,0.778
1330150011,2000,1330150,13,601,61,#,5.8,#,0.787
1330150013,2000,1330150,13,601,61,#,5.6,#,0.706
1330150015,2000,1330150,13,601,61,#,5.39,#,0.49
1330150017,2000,1330150,13,601,61,#,5.37,#,0.557
1330150019,2000,1330150,13,601,61,#,5.33,#,0.487
1330150021,2000,1330150,13,601,61,#,7.86,#,1.01
1330150023,2000,1330150,13,601,61,#,5.32,#,0.357
1330170001,2000,1330170,13,601,63,#,6.18,#,0.379
1330170003,2000,1330170,13,601,63,#,5.93,#,0.245
1330180001,2000,1330180,13,601,64,#,4.93,#,0.391
1330180003,2000,1330180,13,601,64,#,5.93,#,0.717
1330180005,2000,1330180,13,601,64,#,5.51,#,0.499
1330180007,2000,1330180,13,601,64,#,5.2,#,0.456
1330180009,2000,1330180,13,601,64,#,4.31,#,0.397
1330180011,2000,1330180,13,601,64,#,3.44,#,0.288
1330180013,2000,1330180,13,601,64,#,3.51,#,0.231
1330180015,2000,1330180,13,601,64,#,5.29,#,0.271
1330180017,2000,1330180,13,601,64,#,4.13,#,0.17
1330180019,2000,1330180,13,601,64,#,4.59,#,0.21
1330180021,2000,1330180,13,601,64,#,6.05,#,0.301
1330180023,2000,1330180,13,601,64,#,4.74,#,0.199
1330190001,2000,1330190,13,601,65,#,5.13,#,0.53
1330190003,2000,1330190,13,601,65,#,3.93,#,0.23
1330210001,2000,1330210,13,601,67,#,4.88,#,0.383
1330210003,2000,1330210,13,601,67,#,3.52,#,0.164
1330220001,2000,1330220,13,601,68,#,6.63,#,0.36
1330220003,2000,1330220,13,601,68,#,5.59,#,0.234
1330230001,2000,1330230,13,601,69,#,5.31,#,0.353
1330230003,2000,1330230,13,601,69,#,4.96,#,0.529
1330230005,2000,1330230,13,601,69,#,6.32,#,0.391
1330230007,2000,1330230,13,601,69,#,6.87,#,0.373
1330230009,2000,1330230,13,601,69,#,4.08,#,0.276
1330230011,2000,1330230,13,601,69,#,3.82,#,0.25
1330230013,2000,1330230,13,601,69,#,4.87,#,0.236
1330230015,2000,1330230,13,601,69,#,4.61,#,0.224
1330230017,2000,1330230,13,601,69,#,3.62,#,0.162
1330230019,2000,1330230,13,601,69,#,5.93,#,0.23
1330230021,2000,1330230,13,601,69,#,5.64,#,0.237
1330230023,2000,1330230,13,601,69,#,4.72,#,0.201
1330240001,2000,1330240,13,601,70,#,4.64,#,0.396
1330240003,2000,1330240,13,601,70,#,5.12,#,0.576
1330240005,2000,1330240,13,601,70,#,4.53,#,0.51
1330240007,2000,1330240,13,601,70,#,4.43,#,0.364
1330240009,2000,1330240,13,601,70,#,3.37,#,0.36
1330240011,2000,1330240,13,601,70,#,3.77,#,0.311
1330240013,2000,1330240,13,601,70,#,2.41,#,0.188
1330240015,2000,1330240,13,601,70,#,3.32,#,0.23
1330240017,2000,1330240,13,601,70,#,2.25,#,0.118
1330240019,2000,1330240,13,601,70,#,2.64,#,0.138
1330240021,2000,1330240,13,601,70,#,4.43,#,0.294
1330240023,2000,1330240,13,601,70,#,3.47,#,0.167
1330250001,2000,1330250,13,601,71,#,3.99,#,0.34
1330250003,2000,1330250,13,601,71,#,2.29,#,0.123
1330260001,2000,1330260,13,601,72,#,3.48,#,0.26
1330260003,2000,1330260,13,601,72,#,3.29,#,0.303
1330260005,2000,1330260,13,601,72,#,3.48,#,0.302
1330260007,2000,1330260,13,601,72,#,3.48,#,0.27
1330260009,2000,1330260,13,601,72,#,2.59,#,0.243
1330260011,2000,1330260,13,601,72,#,2.86,#,0.285
1330260013,2000,1330260,13,601,72,#,2.36,#,0.194
1330260015,2000,1330260,13,601,72,#,2.88,#,0.169
1330260017,2000,1330260,13,601,72,#,1.78,#,0.087
1330260019,2000,1330260,13,601,72,#,2.11,#,0.108
1330260021,2000,1330260,13,601,72,#,2.33,#,0.122
1330260023,2000,1330260,13,601,72,#,2.27,#,0.121
1330280001,2000,1330280,13,601,74,#,11.4,#,1.21
1330280003,2000,1330280,13,601,74,#,12.5,#,0.551
1330280005,2000,1330280,13,601,74,#,6.45,#,0.366
1330280007,2000,1330280,13,601,74,#,8.58,#,0.394
1330280009,2000,1330280,13,601,74,#,11.5,#,0.26
1330280011,2000,1330280,13,601,74,#,12.1,#,0.801
1330280013,2000,1330280,13,601,74,#,13.8,#,0.336
1330280015,2000,1330280,13,601,74,#,9.09,#,0.559
1330280017,2000,1330280,13,601,74,#,10.6,#,0.259
1330280019,2000,1330280,13,601,74,#,14,#,0.507
1330280021,2000,1330280,13,601,74,#,13.8,#,0.683
1330280023,2000,1330280,13,601,74,#,14,#,0.501
1330290001,2000,1330290,13,601,75,#,6.67,#,0.703
1330290003,2000,1330290,13,601,75,#,8.34,#,0.567
1330290005,2000,1330290,13,601,75,#,5.38,#,0.433
1330290007,2000,1330290,13,601,75,#,5.85,#,0.336
1330290009,2000,1330290,13,601,75,#,8.02,#,0.36
1330290011,2000,1330290,13,601,75,#,6.65,#,0.47
1330290013,2000,1330290,13,601,75,#,5.59,#,0.225
1330290015,2000,1330290,13,601,75,#,6.23,#,0.375
1330290017,2000,1330290,13,601,75,#,4.89,#,0.162
1330290019,2000,1330290,13,601,75,#,5.14,#,0.247
1330290021,2000,1330290,13,601,75,#,5.87,#,0.305
1330290023,2000,1330290,13,601,75,#,5.28,#,0.267
1330300001,2000,1330300,13,601,76,#,10,#,0.663
1330300003,2000,1330300,13,601,76,#,14.6,#,0.482
1330300005,2000,1330300,13,601,76,#,7.99,#,0.897
1330300007,2000,1330300,13,601,76,#,13.4,#,0.493
1330300009,2000,1330300,13,601,76,#,15.8,#,0.316
1330300011,2000,1330300,13,601,76,#,13.1,#,0.811
1330300013,2000,1330300,13,601,76,#,14,#,0.402
1330300015,2000,1330300,13,601,76,#,6.45,#,0.375
1330300017,2000,1330300,13,601,76,#,14.9,#,0.348
1330300019,2000,1330300,13,601,76,#,16.4,#,0.481
1330300021,2000,1330300,13,601,76,#,13.6,#,0.564
1330300023,2000,1330300,13,601,76,#,10.2,#,0.605
1330320001,2000,1330320,13,601,78,#,5.13,#,0.473
1330320003,2000,1330320,13,601,78,#,7.21,#,0.623
1330320005,2000,1330320,13,601,78,#,6.59,#,0.536
1330320007,2000,1330320,13,601,78,#,2.76,#,0.178
1330320009,2000,1330320,13,601,78,#,6.96,#,0.689
1330320011,2000,1330320,13,601,78,#,4.82,#,0.474
1330320013,2000,1330320,13,601,78,#,14,#,0.229
1330320015,2000,1330320,13,601,78,#,4.04,#,0.325
1330320017,2000,1330320,13,601,78,#,4.13,#,0.172
1330320019,2000,1330320,13,601,78,#,2.54,#,0.149
1330320021,2000,1330320,13,601,78,#,5.3,#,0.279
1330320023,2000,1330320,13,601,78,#,3.69,#,0.208
1330330001,2000,1330330,13,601,79,#,2.47,#,0.217
1330330003,2000,1330330,13,601,79,#,3.01,#,0.191
1330340001,2000,1330340,13,601,80,#,6.97,#,0.534
1330340003,2000,1330340,13,601,80,#,8.51,#,0.777
1330340005,2000,1330340,13,601,80,#,9.94,#,0.617
1330340007,2000,1330340,13,601,80,#,7.94,#,0.318
1330340009,2000,1330340,13,601,80,#,9.77,#,0.691
1330340011,2000,1330340,13,601,80,#,7.48,#,0.446
1330340013,2000,1330340,13,601,80,#,10.4,#,0.707
1330340015,2000,1330340,13,601,80,#,5.91,#,0.613
1330340017,2000,1330340,13,601,80,#,10.1,#,0.614
1330340019,2000,1330340,13,601,80,#,10.3,#,0.636
1330340021,2000,1330340,13,601,80,#,10.5,#,0.379
1330340023,2000,1330340,13,601,80,#,6.17,#,0.38
1330350001,2000,1330350,13,601,81,#,8.09,#,0.78
1330350003,2000,1330350,13,601,81,#,9.89,#,1.03
1330350005,2000,1330350,13,601,81,#,8.84,#,0.728
1330350007,2000,1330350,13,601,81,#,9.12,#,0.27
1330350009,2000,1330350,13,601,81,#,9.72,#,1.18
1330350011,2000,1330350,13,601,81,#,9.01,#,0.79
1330350013,2000,1330350,13,601,81,#,11.2,#,0.903
1330350015,2000,1330350,13,601,81,#,3.66,#,0.252
1330350017,2000,1330350,13,601,81,#,9.41,#,0.787
1330350019,2000,1330350,13,601,81,#,10.2,#,0.891
1330350021,2000,1330350,13,601,81,#,12.1,#,0.887
1330350023,2000,1330350,13,601,81,#,3.06,#,0.212
1330370001,2000,1330370,13,602,01,#,3.13,#,0.22
1330370002,2000,1330370,13,602,01,#,1.69,#,0.146
1330370003,2000,1330370,13,602,01,#,3.01,#,0.176
1330370004,2000,1330370,13,602,01,#,1.24,#,0.059
1330370005,2000,1330370,13,602,01,#,2.33,#,0.276
1330370006,2000,1330370,13,602,01,#,0.92,#,0.098
1330370007,2000,1330370,13,602,01,#,2.26,#,0.181
1330370008,2000,1330370,13,602,01,#,0.84,#,0.068
1330370009,2000,1330370,13,602,01,#,2.98,#,0.309
1330370010,2000,1330370,13,602,01,#,1.35,#,0.183
1330370011,2000,1330370,13,602,01,#,2.92,#,0.229
1330370012,2000,1330370,13,602,01,#,1.01,#,0.153
1330370013,2000,1330370,13,602,01,#,2.43,#,0.211
1330370014,2000,1330370,13,602,01,#,1.99,#,0.169
1330370015,2000,1330370,13,602,01,#,2.54,#,0.155
1330370016,2000,1330370,13,602,01,#,0.86,#,0.07
1330370017,2000,1330370,13,602,01,#,1.36,#,0.087
1330370018,2000,1330370,13,602,01,#,0.73,#,0.062
1330370019,2000,1330370,13,602,01,#,2.8,#,0.122
1330370020,2000,1330370,13,602,01,#,1.3,#,0.092
1330370021,2000,1330370,13,602,01,#,1.61,#,0.137
1330370022,2000,1330370,13,602,01,#,1.5,#,0.13
1330370023,2000,1330370,13,602,01,#,0.98,#,0.057
1330370024,2000,1330370,13,602,01,#,0.89,#,0.057
1330380001,2000,1330380,13,602,51,#,2.17,#,0.207
1330380002,2000,1330380,13,602,51,#,3.34,#,0.087
1330380003,2000,1330380,13,602,51,#,1.63,#,0.093
1330380004,2000,1330380,13,602,51,#,1.32,#,0.075
1330390001,2000,1330390,13,602,52,#,1.68,#,0.121
1330390002,2000,1330390,13,602,52,#,0.71,#,0.07
1330390003,2000,1330390,13,602,52,#,1.22,#,0.08
1330390004,2000,1330390,13,602,52,#,1.08,#,0.073
1330400001,2000,1330400,13,602,53,#,2.77,#,0.312
1330400002,2000,1330400,13,602,53,#,1.3,#,0.145
1330400003,2000,1330400,13,602,53,#,2.01,#,0.107
1330400004,2000,1330400,13,602,53,#,1.54,#,0.095
1330410001,2000,1330410,13,602,55,#,2.76,#,0.219
1330410002,2000,1330410,13,602,55,#,0.61,#,0.097
1330410003,2000,1330410,13,602,55,#,2.02,#,0.112
1330410004,2000,1330410,13,602,55,#,0.83,#,0.06
1330420001,2000,1330420,13,602,56,#,2.78,#,0.227
1330420002,2000,1330420,13,602,56,#,0.66,#,0.095
1330420003,2000,1330420,13,602,56,#,2.03,#,0.126
1330420004,2000,1330420,13,602,56,#,0.82,#,0.058
1330440001,2000,1330440,13,603,01,#,1.27,#,0.078
1330440002,2000,1330440,13,603,01,#,0.89,#,0.079
1330440003,2000,1330440,13,603,01,#,1.09,#,0.061
1330440004,2000,1330440,13,603,01,#,0.95,#,0.064
1330440005,2000,1330440,13,603,01,#,1.3,#,0.118
1330440006,2000,1330440,13,603,01,#,0.75,#,0.118
1330440007,2000,1330440,13,603,01,#,2.75,#,0.243
1330440008,2000,1330440,13,603,01,#,0.67,#,0.067
1330440009,2000,1330440,13,603,01,#,1.78,#,0.074
1330440010,2000,1330440,13,603,01,#,0.78,#,0.059
1330440011,2000,1330440,13,603,01,#,0.83,#,0.081
1330440012,2000,1330440,13,603,01,#,0.55,#,0.14
1330440013,2000,1330440,13,603,01,#,1,#,0.091
1330440014,2000,1330440,13,603,01,#,0.42,#,0.101
1330440015,2000,1330440,13,603,01,#,1.46,#,0.109
1330440016,2000,1330440,13,603,01,#,0.52,#,0.068
1330440017,2000,1330440,13,603,01,#,1.01,#,0.065
1330440018,2000,1330440,13,603,01,#,0.67,#,0.057
1330440019,2000,1330440,13,603,01,#,1.11,#,0.073
1330440020,2000,1330440,13,603,01,#,0.84,#,0.056
1330440021,2000,1330440,13,603,01,#,1.34,#,0.07
1330440022,2000,1330440,13,603,01,#,0.86,#,0.058
1330440023,2000,1330440,13,603,01,#,1.15,#,0.053
1330440024,2000,1330440,13,603,01,#,0.9,#,0.049
1330450001,2000,1330450,13,603,02,#,2.14,#,0.13
1330450002,2000,1330450,13,603,02,#,0.79,#,0.074
1330450003,2000,1330450,13,603,02,#,1.69,#,0.079
1330450004,2000,1330450,13,603,02,#,1.19,#,0.129
1330450005,2000,1330450,13,603,02,#,2.52,#,0.297
1330450006,2000,1330450,13,603,02,#,0.72,#,0.11
1330450007,2000,1330450,13,603,02,#,2.3,#,0.157
1330450008,2000,1330450,13,603,02,#,0.66,#,0.098
1330450009,2000,1330450,13,603,02,#,1.7,#,0.148
1330450010,2000,1330450,13,603,02,#,0.86,#,0.092
1330450011,2000,1330450,13,603,02,#,2.56,#,0.104
1330450012,2000,1330450,13,603,02,#,0.58,#,0.103
1330450013,2000,1330450,13,603,02,#,2.57,#,0.199
1330450014,2000,1330450,13,603,02,#,0.57,#,0.112
1330450015,2000,1330450,13,603,02,#,2.23,#,0.139
1330450016,2000,1330450,13,603,02,#,0.53,#,0.066
1330450017,2000,1330450,13,603,02,#,2.88,#,0.137
1330450018,2000,1330450,13,603,02,#,0.59,#,0.049
1330450019,2000,1330450,13,603,02,#,1.73,#,0.097
1330450020,2000,1330450,13,603,02,#,0.72,#,0.057
1330450021,2000,1330450,13,603,02,#,1.72,#,0.095
1330450022,2000,1330450,13,603,02,#,0.74,#,0.055
1330450023,2000,1330450,13,603,02,#,3.22,#,0.18
1330450024,2000,1330450,13,603,02,#,0.86,#,0.046
1330460001,2000,1330460,13,603,51,#,3,#,0.2
1330460002,2000,1330460,13,603,51,#,0.66,#,0.084
1330460003,2000,1330460,13,603,51,#,1.7,#,0.109
1330460004,2000,1330460,13,603,51,#,0.98,#,0.063
1330470001,2000,1330470,13,603,52,#,2.16,#,0.144
1330470002,2000,1330470,13,603,52,#,0.59,#,0.114
1330470003,2000,1330470,13,603,52,#,1.34,#,0.081
1330470004,2000,1330470,13,603,52,#,0.8,#,0.058
1330480001,2000,1330480,13,603,53,#,1.89,#,0.136
1330480002,2000,1330480,13,603,53,#,0.62,#,0.091
1330480003,2000,1330480,13,603,53,#,1.12,#,0.075
1330480004,2000,1330480,13,603,53,#,0.91,#,0.06
1330500001,2000,1330500,13,603,55,#,2.2,#,0.173
1330500002,2000,1330500,13,603,55,#,0.64,#,0.099
1330500003,2000,1330500,13,603,55,#,1.23,#,0.068
1330500004,2000,1330500,13,603,55,#,0.81,#,0.052
1330510001,2000,1330510,13,603,56,#,1.97,#,0.15
1330510002,2000,1330510,13,603,56,#,0.65,#,0.102
1330510003,2000,1330510,13,603,56,#,1.48,#,0.087
1330510004,2000,1330510,13,603,56,#,0.84,#,0.057
1330520001,2000,1330520,13,603,57,#,2.41,#,0.179
1330520002,2000,1330520,13,603,57,#,0.65,#,0.113
1330520003,2000,1330520,13,603,57,#,2.54,#,0.144
1330520004,2000,1330520,13,603,57,#,0.98,#,0.067
1330530001,2000,1330530,13,603,58,#,1.94,#,0.152
1330530002,2000,1330530,13,603,58,#,0.61,#,0.091
1330530003,2000,1330530,13,603,58,#,1.11,#,0.065
1330530004,2000,1330530,13,603,58,#,0.7,#,0.05
1330540001,2000,1330540,13,603,59,#,1.73,#,0.118
1330540002,2000,1330540,13,603,59,#,0.78,#,0.085
1330540003,2000,1330540,13,603,59,#,1.22,#,0.072
1330540004,2000,1330540,13,603,59,#,0.85,#,0.057
1330560001,2000,1330560,13,603,61,#,2.2,#,0.185
1330560002,2000,1330560,13,603,61,#,0.58,#,0.089
1330560003,2000,1330560,13,603,61,#,1.18,#,0.07
1330560004,2000,1330560,13,603,61,#,0.72,#,0.054
1330570001,2000,1330570,13,603,62,#,1.89,#,0.168
1330570002,2000,1330570,13,603,62,#,0.68,#,0.082
1330570003,2000,1330570,13,603,62,#,1.19,#,0.067
1330570004,2000,1330570,13,603,62,#,0.72,#,0.049
1330580001,2000,1330580,13,603,63,#,4.58,#,0.2
1330580002,2000,1330580,13,603,63,#,0.73,#,0.083
1330580003,2000,1330580,13,603,63,#,1.51,#,0.086
1330580004,2000,1330580,13,603,63,#,0.67,#,0.049
1330590001,2000,1330590,13,603,64,#,1.07,#,0.09
1330590002,2000,1330590,13,603,64,#,0.81,#,0.1
1330590003,2000,1330590,13,603,64,#,0.93,#,0.062
1330590004,2000,1330590,13,603,64,#,0.71,#,0.05
1330600001,2000,1330600,13,604,01,#,3.7,#,0.185
1330600002,2000,1330600,13,604,01,#,0.59,#,0.052
1330600003,2000,1330600,13,604,01,#,1.01,#,0.058
1330600004,2000,1330600,13,604,01,#,0.78,#,0.08
1330600005,2000,1330600,13,604,01,#,0.67,#,0.044
1330600006,2000,1330600,13,604,01,#,0.65,#,0.079
1330600007,2000,1330600,13,604,01,#,1.88,#,0.169
1330600008,2000,1330600,13,604,01,#,0.6,#,0.09
1330600009,2000,1330600,13,604,01,#,0.91,#,0.081
1330600010,2000,1330600,13,604,01,#,0.6,#,0.145
1330600011,2000,1330600,13,604,01,#,0.79,#,0.074
1330600012,2000,1330600,13,604,01,#,0.43,#,0.049
1330600013,2000,1330600,13,604,01,#,0.57,#,0.063
1330600014,2000,1330600,13,604,01,#,0.43,#,0.09
1330600015,2000,1330600,13,604,01,#,0.69,#,0.07
1330600016,2000,1330600,13,604,01,#,0.37,#,0.071
1330600017,2000,1330600,13,604,01,#,0.94,#,0.063
1330600018,2000,1330600,13,604,01,#,0.54,#,0.044
1330600019,2000,1330600,13,604,01,#,0.98,#,0.057
1330600020,2000,1330600,13,604,01,#,0.9,#,0.053
1330600021,2000,1330600,13,604,01,#,0.93,#,0.057
1330600022,2000,1330600,13,604,01,#,0.58,#,0.043
1330600023,2000,1330600,13,604,01,#,0.92,#,0.042
1330600024,2000,1330600,13,604,01,#,0.69,#,0.05
