レコードID,測定年度,絶対番号,都道府県コード,水域コード,地点コード,全窒素_C,全窒素(mg/l),全燐_C,全燐(mg/l)
1310010001,2005,1310010,13,001,01,#,1.82,#,0.074
1310010005,2005,1310010,13,001,01,#,1.94,#,0.099
1310010009,2005,1310010,13,001,01,#,2.05,#,0.097
1310010013,2005,1310010,13,001,01,#,2.5,#,0.099
1310010021,2005,1310010,13,001,01,#,2.96,#,0.186
1310010025,2005,1310010,13,001,01,#,2.6,#,0.101
1310010029,2005,1310010,13,001,01,#,3.26,#,0.108
1310010033,2005,1310010,13,001,01,#,3.25,#,0.098
1310010037,2005,1310010,13,001,01,#,2.8,#,0.08
1310010045,2005,1310010,13,001,01,#,2.74,#,0.089
1310010049,2005,1310010,13,001,01,#,3.21,#,0.123
1310010053,2005,1310010,13,001,01,#,2.36,#,0.091
1310030001,2005,1310030,13,002,01,#,1.81,#,0.088
1310030005,2005,1310030,13,002,01,#,1.67,#,0.076
1310030009,2005,1310030,13,002,01,#,1.52,#,0.075
1310030013,2005,1310030,13,002,01,#,2.5,#,0.096
1310030021,2005,1310030,13,002,01,#,2.88,#,0.209
1310030025,2005,1310030,13,002,01,#,2.45,#,0.094
1310030029,2005,1310030,13,002,01,#,2.96,#,0.106
1310030033,2005,1310030,13,002,01,#,3.07,#,0.086
1310030037,2005,1310030,13,002,01,#,2.82,#,0.073
1310030045,2005,1310030,13,002,01,#,2.75,#,0.085
1310030049,2005,1310030,13,002,01,#,2.63,#,0.105
1310030053,2005,1310030,13,002,01,#,2.31,#,0.091
1310040001,2005,1310040,13,002,51,#,1.9,#,0.074
1310040004,2005,1310040,13,002,51,#,1.99,#,0.092
1310040007,2005,1310040,13,002,51,#,1.65,#,0.07
1310040010,2005,1310040,13,002,51,#,2.59,#,0.097
1310040013,2005,1310040,13,002,51,#,3.07,#,0.17
1310040016,2005,1310040,13,002,51,#,2.41,#,0.079
1310040019,2005,1310040,13,002,51,#,3.15,#,0.122
1310040022,2005,1310040,13,002,51,#,3.22,#,0.096
1310040025,2005,1310040,13,002,51,#,2.9,#,0.085
1310040028,2005,1310040,13,002,51,#,3.01,#,0.103
1310040031,2005,1310040,13,002,51,#,3.35,#,0.123
1310040034,2005,1310040,13,002,51,#,2.37,#,0.094
1310060001,2005,1310060,13,003,01,#,2.25,#,0.12
1310060004,2005,1310060,13,003,01,#,2.26,#,0.052
1310060007,2005,1310060,13,003,01,#,3.68,#,0.127
1310060010,2005,1310060,13,003,01,#,2.32,#,0.118
1310060013,2005,1310060,13,003,01,#,2.1,#,0.134
1310060016,2005,1310060,13,003,01,#,2.44,#,0.097
1310060019,2005,1310060,13,003,01,#,2.87,#,0.124
1310060022,2005,1310060,13,003,01,#,3.94,#,0.135
1310060025,2005,1310060,13,003,01,#,4.21,#,0.139
1310060028,2005,1310060,13,003,01,#,4.63,#,0.118
1310060031,2005,1310060,13,003,01,#,4.87,#,0.184
1310060034,2005,1310060,13,003,01,#,3.28,#,0.079
1310070001,2005,1310070,13,003,51,#,2.78,#,0.109
1310070002,2005,1310070,13,003,51,#,2.7,#,0.029
1310070003,2005,1310070,13,003,51,#,2.47,#,0.073
1310070004,2005,1310070,13,003,51,#,2.01,#,0.087
1310070005,2005,1310070,13,003,51,#,2.04,#,0.098
1310070006,2005,1310070,13,003,51,#,2.56,#,0.083
1310070007,2005,1310070,13,003,51,#,3.38,#,0.097
1310070008,2005,1310070,13,003,51,#,3.97,#,0.124
1310070009,2005,1310070,13,003,51,#,3.27,#,0.086
1310070010,2005,1310070,13,003,51,#,4.41,#,0.104
1310070011,2005,1310070,13,003,51,#,4.21,#,0.115
1310070012,2005,1310070,13,003,51,#,3.16,#,0.073
1310090002,2005,1310090,13,004,01,#,5.35,#,0.255
1310090005,2005,1310090,13,004,01,#,2.69,#,0.294
1310090008,2005,1310090,13,004,01,#,2.36,#,0.196
1310090011,2005,1310090,13,004,01,#,3.24,#,0.179
1310090019,2005,1310090,13,004,01,#,2.68,#,0.191
1310090022,2005,1310090,13,004,01,#,3.24,#,0.148
1310090025,2005,1310090,13,004,01,#,3.45,#,0.21
1310090028,2005,1310090,13,004,01,#,5.14,#,0.184
1310090031,2005,1310090,13,004,01,#,7.14,#,0.29
1310090034,2005,1310090,13,004,01,#,11.3,#,0.473
1310090042,2005,1310090,13,004,01,#,9.51,#,0.354
1310090045,2005,1310090,13,004,01,#,7.05,#,0.269
1310100001,2005,1310100,13,004,02,#,3.8,#,0.213
1310100004,2005,1310100,13,004,02,#,3.21,#,0.12
1310100007,2005,1310100,13,004,02,#,3.58,#,0.185
1310100010,2005,1310100,13,004,02,#,2.38,#,0.132
1310100013,2005,1310100,13,004,02,#,2.85,#,0.228
1310100016,2005,1310100,13,004,02,#,2.99,#,0.153
1310100019,2005,1310100,13,004,02,#,2.5,#,0.173
1310100022,2005,1310100,13,004,02,#,3.29,#,0.213
1310100025,2005,1310100,13,004,02,#,2.87,#,0.256
1310100028,2005,1310100,13,004,02,#,2.1,#,0.189
1310100031,2005,1310100,13,004,02,#,1.69,#,0.109
1310100034,2005,1310100,13,004,02,#,4.65,#,0.133
1310110002,2005,1310110,13,004,51,#,4.58,#,0.195
1310110005,2005,1310110,13,004,51,#,2.67,#,0.186
1310110008,2005,1310110,13,004,51,#,2.12,#,0.171
1310110011,2005,1310110,13,004,51,#,3.06,#,0.203
1310110014,2005,1310110,13,004,51,#,2.74,#,0.191
1310110017,2005,1310110,13,004,51,#,2.93,#,0.155
1310110020,2005,1310110,13,004,51,#,3.56,#,0.189
1310110023,2005,1310110,13,004,51,#,5.2,#,0.265
1310110026,2005,1310110,13,004,51,#,6.85,#,0.279
1310110029,2005,1310110,13,004,51,#,9.45,#,0.333
1310110032,2005,1310110,13,004,51,#,8.51,#,0.315
1310110035,2005,1310110,13,004,51,#,7.32,#,0.303
1310140002,2005,1310140,13,005,01,#,5.01,#,0.279
1310140005,2005,1310140,13,005,01,#,3.19,#,0.34
1310140008,2005,1310140,13,005,01,#,2.93,#,0.27
1310140011,2005,1310140,13,005,01,#,3.17,#,0.214
1310140025,2005,1310140,13,005,01,#,2.95,#,0.26
1310140028,2005,1310140,13,005,01,#,4.02,#,0.213
1310140031,2005,1310140,13,005,01,#,4.39,#,0.412
1310140034,2005,1310140,13,005,01,#,5.14,#,0.254
1310140037,2005,1310140,13,005,01,#,5.51,#,0.331
1310140040,2005,1310140,13,005,01,#,8.66,#,0.478
1310140054,2005,1310140,13,005,01,#,6.6,#,0.431
1310140057,2005,1310140,13,005,01,#,5.64,#,0.437
1310160001,2005,1310160,13,005,52,#,6.3,#,0.313
1310160004,2005,1310160,13,005,52,#,4.33,#,0.19
1310160007,2005,1310160,13,005,52,#,3.52,#,0.198
1310160010,2005,1310160,13,005,52,#,3.62,#,0.185
1310160013,2005,1310160,13,005,52,#,3.99,#,0.257
1310160016,2005,1310160,13,005,52,#,4.51,#,0.216
1310160019,2005,1310160,13,005,52,#,5.3,#,0.303
1310160022,2005,1310160,13,005,52,#,5.67,#,0.221
1310160025,2005,1310160,13,005,52,#,5.99,#,0.243
1310160028,2005,1310160,13,005,52,#,7.8,#,0.268
1310160031,2005,1310160,13,005,52,#,7.11,#,0.236
1310160034,2005,1310160,13,005,52,#,6.86,#,0.256
1310180001,2005,1310180,13,006,01,#,7.74,#,0.306
1310180005,2005,1310180,13,006,01,#,7.43,#,0.355
1310180008,2005,1310180,13,006,01,#,4.94,#,0.348
1310180012,2005,1310180,13,006,01,#,3.7,#,0.216
1310180015,2005,1310180,13,006,01,#,4,#,0.199
1310180024,2005,1310180,13,006,01,#,4.71,#,0.139
1310180027,2005,1310180,13,006,01,#,5.41,#,0.218
1310180031,2005,1310180,13,006,01,#,6.99,#,0.226
1310180034,2005,1310180,13,006,01,#,6.95,#,0.276
1310180038,2005,1310180,13,006,01,#,6.71,#,0.31
1310180041,2005,1310180,13,006,01,#,8.8,#,0.412
1310180050,2005,1310180,13,006,01,#,8.18,#,0.42
1310190001,2005,1310190,13,006,02,#,5.1,#,0.295
1310190005,2005,1310190,13,006,02,#,4.17,#,0.255
1310190008,2005,1310190,13,006,02,#,3.6,#,0.306
1310190012,2005,1310190,13,006,02,#,3.24,#,0.232
1310190015,2005,1310190,13,006,02,#,3.77,#,0.22
1310190024,2005,1310190,13,006,02,#,4.36,#,0.12
1310190027,2005,1310190,13,006,02,#,2.76,#,0.205
1310190031,2005,1310190,13,006,02,#,2.29,#,0.154
1310190034,2005,1310190,13,006,02,#,1.38,#,0.127
1310190038,2005,1310190,13,006,02,#,1.87,#,0.134
1310190041,2005,1310190,13,006,02,#,1.64,#,0.103
1310190050,2005,1310190,13,006,02,#,4.35,#,0.26
1310230001,2005,1310230,13,007,01,#,6.39,#,0.431
1310230004,2005,1310230,13,007,01,#,5.44,#,0.349
1310230007,2005,1310230,13,007,01,#,5.13,#,0.557
1310230010,2005,1310230,13,007,01,#,4.26,#,0.377
1310230013,2005,1310230,13,007,01,#,6.03,#,0.361
1310230016,2005,1310230,13,007,01,#,5.56,#,0.299
1310230019,2005,1310230,13,007,01,#,5.48,#,0.422
1310230022,2005,1310230,13,007,01,#,4.19,#,0.235
1310230025,2005,1310230,13,007,01,#,3.92,#,0.236
1310230028,2005,1310230,13,007,01,#,6.01,#,0.265
1310230031,2005,1310230,13,007,01,#,5.06,#,0.316
1310230034,2005,1310230,13,007,01,#,8.8,#,0.719
1310240001,2005,1310240,13,007,02,#,9.88,#,0.663
1310240004,2005,1310240,13,007,02,#,9.67,#,0.574
1310240007,2005,1310240,13,007,02,#,8.65,#,0.641
1310240010,2005,1310240,13,007,02,#,6.18,#,0.344
1310240013,2005,1310240,13,007,02,#,7.67,#,0.402
1310240016,2005,1310240,13,007,02,#,7.59,#,0.353
1310240019,2005,1310240,13,007,02,#,9.27,#,0.504
1310240022,2005,1310240,13,007,02,#,8.93,#,0.519
1310240025,2005,1310240,13,007,02,#,9.08,#,0.416
1310240028,2005,1310240,13,007,02,#,9.6,#,0.367
1310240031,2005,1310240,13,007,02,#,13.7,#,0.566
1310240034,2005,1310240,13,007,02,#,12.1,#,0.652
1310260001,2005,1310260,13,007,53,#,8.59,#,0.454
1310260004,2005,1310260,13,007,53,#,6.74,#,0.334
1310260007,2005,1310260,13,007,53,#,5.66,#,0.579
1310260010,2005,1310260,13,007,53,#,4.85,#,0.426
1310260013,2005,1310260,13,007,53,#,5.94,#,0.328
1310260016,2005,1310260,13,007,53,#,6.33,#,0.261
1310260019,2005,1310260,13,007,53,#,5.63,#,0.25
1310260022,2005,1310260,13,007,53,#,6.03,#,0.248
1310260025,2005,1310260,13,007,53,#,5.23,#,0.261
1310260028,2005,1310260,13,007,53,#,4.81,#,0.248
1310260031,2005,1310260,13,007,53,#,6.58,#,0.251
1310260034,2005,1310260,13,007,53,#,11.2,#,0.472
1310290001,2005,1310290,13,008,01,#,8.93,#,0.972
1310290004,2005,1310290,13,008,01,#,5.72,#,0.788
1310290007,2005,1310290,13,008,01,#,6.24,#,0.77
1310290010,2005,1310290,13,008,01,#,4.73,#,0.466
1310290013,2005,1310290,13,008,01,#,5.57,#,0.529
1310290016,2005,1310290,13,008,01,#,5.79,#,0.465
1310290019,2005,1310290,13,008,01,#,6.21,#,0.741
1310290022,2005,1310290,13,008,01,#,6.94,#,0.765
1310290025,2005,1310290,13,008,01,#,6.58,#,0.593
1310290028,2005,1310290,13,008,01,#,5.27,#,0.266
1310290031,2005,1310290,13,008,01,#,6.09,#,0.552
1310290034,2005,1310290,13,008,01,#,7.21,#,0.712
1310300001,2005,1310300,13,009,01,#,8.83,#,0.908
1310300004,2005,1310300,13,009,01,#,7.73,#,1.24
1310300007,2005,1310300,13,009,01,#,16.7,#,1.07
1310300010,2005,1310300,13,009,01,#,5.99,#,0.417
1310300013,2005,1310300,13,009,01,#,10.1,#,0.99
1310300016,2005,1310300,13,009,01,#,8.91,#,0.894
1310300019,2005,1310300,13,009,01,#,8.27,#,1.02
1310300022,2005,1310300,13,009,01,#,8.64,#,0.982
1310300025,2005,1310300,13,009,01,#,10.1,#,0.905
1310300028,2005,1310300,13,009,01,#,11.1,#,0.605
1310300031,2005,1310300,13,009,01,#,11.9,#,1.23
1310300034,2005,1310300,13,009,01,#,8.35,#,0.894
1310310001,2005,1310310,13,010,01,#,3.33,#,0.041
1310310003,2005,1310310,13,010,01,#,3.15,#,0.054
1310310005,2005,1310310,13,010,01,#,3.65,#,0.156
1310310007,2005,1310310,13,010,01,#,3.65,#,0.013
1310310009,2005,1310310,13,010,01,#,3.06,#,0.051
1310310011,2005,1310310,13,010,01,#,3.35,#,0.029
1310310013,2005,1310310,13,010,01,#,3.24,#,0.139
1310310015,2005,1310310,13,010,01,#,3.54,#,0.024
1310310017,2005,1310310,13,010,01,#,2.87,#,0.039
1310310019,2005,1310310,13,010,01,#,3.28,#,0.148
1310310021,2005,1310310,13,010,01,#,2.31,#,0.087
1310310023,2005,1310310,13,010,01,#,3.48,#,0.018
1310320001,2005,1310320,13,011,01,#,6.45,#,0.509
1310320004,2005,1310320,13,011,01,#,3.43,#,0.459
1310320007,2005,1310320,13,011,01,#,5.16,#,0.648
1310320010,2005,1310320,13,011,01,#,3.49,#,0.591
1310320013,2005,1310320,13,011,01,#,3.34,#,0.638
1310320016,2005,1310320,13,011,01,#,3.04,#,0.62
1310320019,2005,1310320,13,011,01,#,3.27,#,0.599
1310320022,2005,1310320,13,011,01,#,5.13,#,0.559
1310320025,2005,1310320,13,011,01,#,4.68,#,0.38
1310320028,2005,1310320,13,011,01,#,5.94,#,0.393
1310320031,2005,1310320,13,011,01,#,5.56,#,0.403
1310320034,2005,1310320,13,011,01,#,3,#,0.327
1310330001,2005,1310330,13,012,01,#,8.25,#,1.17
1310330004,2005,1310330,13,012,01,#,7.63,#,1.19
1310330007,2005,1310330,13,012,01,#,8.71,#,1.04
1310330010,2005,1310330,13,012,01,#,7.29,#,0.511
1310330013,2005,1310330,13,012,01,#,6.74,#,0.841
1310330016,2005,1310330,13,012,01,#,8.34,#,1.08
1310330019,2005,1310330,13,012,01,#,8.2,#,1.1
1310330022,2005,1310330,13,012,01,#,9.25,#,1.15
1310330025,2005,1310330,13,012,01,#,7.67,#,0.792
1310330028,2005,1310330,13,012,01,#,8.86,#,0.532
1310330031,2005,1310330,13,012,01,#,9.52,#,1.04
1310330034,2005,1310330,13,012,01,#,7.23,#,0.865
1310340001,2005,1310340,13,013,01,#,0.65,#,0.011
1310340004,2005,1310340,13,013,01,#,0.6,#,0.008
1310340007,2005,1310340,13,013,01,#,0.65,#,0.011
1310340010,2005,1310340,13,013,01,#,1.11,#,0.018
1310340013,2005,1310340,13,013,01,#,0.82,#,0.015
1310340016,2005,1310340,13,013,01,#,0.78,#,0.012
1310340019,2005,1310340,13,013,01,#,0.74,#,0.011
1310340022,2005,1310340,13,013,01,#,0.82,#,0.012
1310340025,2005,1310340,13,013,01,#,0.57,#,0.006
1310340028,2005,1310340,13,013,01,#,0.57,#,0.007
1310340031,2005,1310340,13,013,01,#,0.55,#,0.008
1310340034,2005,1310340,13,013,01,#,0.72,#,0.008
1310370001,2005,1310370,13,014,01,#,1.25,#,0.009
1310370003,2005,1310370,13,014,01,#,0.85,#,0.009
1310370005,2005,1310370,13,014,01,#,1.18,#,0.022
1310370007,2005,1310370,13,014,01,#,1.72,#,0.027
1310370009,2005,1310370,13,014,01,#,1.53,#,0.018
1310370011,2005,1310370,13,014,01,#,1.27,#,0.011
1310370013,2005,1310370,13,014,01,#,1.71,#,0.017
1310370015,2005,1310370,13,014,01,#,1.41,#,0.011
1310370017,2005,1310370,13,014,01,#,0.91,#,0.012
1310370019,2005,1310370,13,014,01,#,0.8,#,0.014
1310370021,2005,1310370,13,014,01,#,0.64,#,0.012
1310370023,2005,1310370,13,014,01,#,1.8,#,0.011
1310380001,2005,1310380,13,014,51,#,0.65,#,0.009
1310380004,2005,1310380,13,014,51,#,0.59,#,0.006
1310380007,2005,1310380,13,014,51,#,0.65,#,0.008
1310380010,2005,1310380,13,014,51,#,1.06,#,0.022
1310380013,2005,1310380,13,014,51,#,1.04,#,0.013
1310380016,2005,1310380,13,014,51,#,0.65,#,0.011
1310380019,2005,1310380,13,014,51,#,0.95,#,0.011
1310380022,2005,1310380,13,014,51,#,0.7,#,0.008
1310380025,2005,1310380,13,014,51,#,0.54,#,0.021
1310380028,2005,1310380,13,014,51,#,0.6,#,0.01
1310380031,2005,1310380,13,014,51,#,0.6,#,0.011
1310380034,2005,1310380,13,014,51,#,0.77,#,0.01
1310390001,2005,1310390,13,014,52,#,0.77,#,0.015
1310390002,2005,1310390,13,014,52,#,0.57,#,0.007
1310390003,2005,1310390,13,014,52,#,0.69,#,0.012
1310390004,2005,1310390,13,014,52,#,1.16,#,0.016
1310390005,2005,1310390,13,014,52,#,0.9,#,0.015
1310390006,2005,1310390,13,014,52,#,0.85,#,0.009
1310390007,2005,1310390,13,014,52,#,0.78,#,0.01
1310390008,2005,1310390,13,014,52,#,0.98,#,0.01
1310390009,2005,1310390,13,014,52,#,0.61,#,0.004
1310390010,2005,1310390,13,014,52,#,0.53,#,0.004
1310390011,2005,1310390,13,014,52,#,0.58,#,0.009
1310390012,2005,1310390,13,014,52,#,0.9,#,0.008
1310400001,2005,1310400,13,014,53,#,1.33,#,0.016
1310400002,2005,1310400,13,014,53,#,0.79,#,0.009
1310400003,2005,1310400,13,014,53,#,1.35,#,0.018
1310400004,2005,1310400,13,014,53,#,1.83,#,0.019
1310400005,2005,1310400,13,014,53,#,1.51,#,0.018
1310400006,2005,1310400,13,014,53,#,1.62,#,0.012
1310400007,2005,1310400,13,014,53,#,1.54,#,0.013
1310400008,2005,1310400,13,014,53,#,1.77,#,0.013
1310400009,2005,1310400,13,014,53,#,1.01,#,0.009
1310400010,2005,1310400,13,014,53,#,0.92,#,0.005
1310400011,2005,1310400,13,014,53,#,1.23,#,0.009
1310400012,2005,1310400,13,014,53,#,2,#,0.013
1310410001,2005,1310410,13,015,01,#,6.8,#,0.481
1310410003,2005,1310410,13,015,01,#,6.76,#,0.471
1310410005,2005,1310410,13,015,01,#,6.07,#,0.51
1310410007,2005,1310410,13,015,01,#,6.8,#,0.583
1310410009,2005,1310410,13,015,01,#,7.67,#,0.644
1310410011,2005,1310410,13,015,01,#,7.06,#,0.626
1310410013,2005,1310410,13,015,01,#,7.23,#,0.69
1310410015,2005,1310410,13,015,01,#,7.63,#,0.71
1310410017,2005,1310410,13,015,01,#,7.15,#,0.477
1310410019,2005,1310410,13,015,01,#,7.03,#,0.453
1310410021,2005,1310410,13,015,01,#,6.35,#,0.514
1310410023,2005,1310410,13,015,01,#,6.74,#,0.505
1310410025,2005,1310410,13,015,01,#,5.33,#,0.439
1310410027,2005,1310410,13,015,01,#,3.72,#,0.264
1310410029,2005,1310410,13,015,01,#,4.09,#,0.291
1310410031,2005,1310410,13,015,01,#,4.11,#,0.311
1310410033,2005,1310410,13,015,01,#,4.74,#,0.191
1310410035,2005,1310410,13,015,01,#,4.47,#,0.196
1310410037,2005,1310410,13,015,01,#,4.64,#,0.226
1310410039,2005,1310410,13,015,01,#,4.76,#,0.207
1310410041,2005,1310410,13,015,01,#,4.89,#,0.217
1310410043,2005,1310410,13,015,01,#,4.23,#,0.194
1310410045,2005,1310410,13,015,01,#,4.84,#,0.225
1310410047,2005,1310410,13,015,01,#,4.86,#,0.197
1310410049,2005,1310410,13,015,01,#,4.96,#,0.399
1310410051,2005,1310410,13,015,01,#,4.51,#,0.297
1310410053,2005,1310410,13,015,01,#,5.01,#,0.352
1310410055,2005,1310410,13,015,01,#,4.86,#,0.324
1310410057,2005,1310410,13,015,01,#,6.47,#,0.327
1310410059,2005,1310410,13,015,01,#,5.97,#,0.322
1310410061,2005,1310410,13,015,01,#,6.81,#,0.333
1310410063,2005,1310410,13,015,01,#,6.81,#,0.329
1310410065,2005,1310410,13,015,01,#,7.77,#,0.523
1310410067,2005,1310410,13,015,01,#,7.84,#,0.472
1310410069,2005,1310410,13,015,01,#,7.38,#,0.527
1310410071,2005,1310410,13,015,01,#,7.46,#,0.48
1310410073,2005,1310410,13,015,01,#,9.27,#,0.724
1310410075,2005,1310410,13,015,01,#,9.02,#,0.735
1310410077,2005,1310410,13,015,01,#,8.72,#,0.731
1310410079,2005,1310410,13,015,01,#,9.12,#,0.645
1310410081,2005,1310410,13,015,01,#,7.91,#,0.717
1310410083,2005,1310410,13,015,01,#,7.87,#,0.699
1310410085,2005,1310410,13,015,01,#,7.94,#,0.657
1310410087,2005,1310410,13,015,01,#,8.14,#,0.724
1310410089,2005,1310410,13,015,01,#,8.39,#,0.582
1310410091,2005,1310410,13,015,01,#,7.46,#,0.547
1310410093,2005,1310410,13,015,01,#,8.01,#,0.625
1310410095,2005,1310410,13,015,01,#,7.27,#,0.613
1310420001,2005,1310420,13,015,02,#,5.69,#,0.369
1310420003,2005,1310420,13,015,02,#,5.61,#,0.383
1310420005,2005,1310420,13,015,02,#,5.13,#,0.383
1310420007,2005,1310420,13,015,02,#,5.43,#,0.362
1310420009,2005,1310420,13,015,02,#,6.56,#,0.384
1310420011,2005,1310420,13,015,02,#,6.24,#,0.408
1310420013,2005,1310420,13,015,02,#,6.18,#,0.414
1310420015,2005,1310420,13,015,02,#,6.08,#,0.41
1310420017,2005,1310420,13,015,02,#,5.76,#,0.257
1310420019,2005,1310420,13,015,02,#,5.5,#,0.278
1310420021,2005,1310420,13,015,02,#,5.05,#,0.28
1310420023,2005,1310420,13,015,02,#,5.57,#,0.284
1310420025,2005,1310420,13,015,02,#,3.93,#,0.243
1310420027,2005,1310420,13,015,02,#,4.25,#,0.271
1310420029,2005,1310420,13,015,02,#,4.05,#,0.282
1310420031,2005,1310420,13,015,02,#,3.53,#,0.226
1310420033,2005,1310420,13,015,02,#,3.96,#,0.146
1310420035,2005,1310420,13,015,02,#,4.06,#,0.155
1310420037,2005,1310420,13,015,02,#,4.24,#,0.157
1310420039,2005,1310420,13,015,02,#,4.24,#,0.155
1310420041,2005,1310420,13,015,02,#,4.15,#,0.164
1310420043,2005,1310420,13,015,02,#,4.27,#,0.181
1310420045,2005,1310420,13,015,02,#,4.32,#,0.172
1310420047,2005,1310420,13,015,02,#,4.3,#,0.162
1310420049,2005,1310420,13,015,02,#,4.14,#,0.272
1310420051,2005,1310420,13,015,02,#,4.17,#,0.347
1310420053,2005,1310420,13,015,02,#,4.32,#,0.333
1310420055,2005,1310420,13,015,02,#,4.21,#,0.272
1310420057,2005,1310420,13,015,02,#,5.84,#,0.269
1310420059,2005,1310420,13,015,02,#,5.7,#,0.274
1310420061,2005,1310420,13,015,02,#,5.6,#,0.262
1310420063,2005,1310420,13,015,02,#,5.57,#,0.242
1310420065,2005,1310420,13,015,02,#,7.52,#,0.278
1310420067,2005,1310420,13,015,02,#,7.2,#,0.0278
1310420069,2005,1310420,13,015,02,#,7.29,#,0.285
1310420071,2005,1310420,13,015,02,#,7.07,#,0.285
1310420073,2005,1310420,13,015,02,#,7.87,#,0.545
1310420075,2005,1310420,13,015,02,#,8.28,#,0.566
1310420077,2005,1310420,13,015,02,#,7.82,#,0.547
1310420079,2005,1310420,13,015,02,#,7.72,#,0.487
1310420081,2005,1310420,13,015,02,#,7.83,#,0.551
1310420083,2005,1310420,13,015,02,#,6.94,#,0.505
1310420085,2005,1310420,13,015,02,#,6.68,#,0.493
1310420087,2005,1310420,13,015,02,#,6.78,#,0.484
1310420089,2005,1310420,13,015,02,#,6.42,#,0.373
1310420091,2005,1310420,13,015,02,#,6.17,#,0.357
1310420093,2005,1310420,13,015,02,#,6.54,#,0.391
1310420095,2005,1310420,13,015,02,#,6.66,#,0.396
1310430001,2005,1310430,13,015,51,#,6.12,#,0.577
1310430006,2005,1310430,13,015,51,#,7.24,#,0.761
1310430011,2005,1310430,13,015,51,#,5.35,#,0.349
1310430016,2005,1310430,13,015,51,#,2.75,#,0.228
1310430021,2005,1310430,13,015,51,#,3.6,#,0.095
1310430026,2005,1310430,13,015,51,#,2.78,#,0.165
1310430031,2005,1310430,13,015,51,#,3.03,#,0.168
1310430036,2005,1310430,13,015,51,#,4.39,#,0.263
1310430041,2005,1310430,13,015,51,#,6.89,#,0.274
1310430046,2005,1310430,13,015,51,#,7.47,#,0.714
1310430051,2005,1310430,13,015,51,#,8.25,#,0.686
1310430056,2005,1310430,13,015,51,#,5.69,#,0.395
1310440001,2005,1310440,13,015,52,#,5.37,#,0.232
1310440006,2005,1310440,13,015,52,#,6.56,#,0.437
1310440011,2005,1310440,13,015,52,#,4.81,#,0.241
1310440016,2005,1310440,13,015,52,#,2.94,#,0.166
1310440021,2005,1310440,13,015,52,#,3.57,#,0.145
1310440026,2005,1310440,13,015,52,#,2.88,#,0.164
1310440031,2005,1310440,13,015,52,#,3.34,#,0.183
1310440036,2005,1310440,13,015,52,#,4.14,#,0.171
1310440041,2005,1310440,13,015,52,#,6.58,#,0.31
1310440046,2005,1310440,13,015,52,#,7.76,#,0.695
1310440051,2005,1310440,13,015,52,#,7.74,#,0.66
1310440056,2005,1310440,13,015,52,#,6.33,#,0.487
1310460001,2005,1310460,13,015,54,#,5.73,#,0.439
1310460006,2005,1310460,13,015,54,#,6.92,#,0.509
1310460011,2005,1310460,13,015,54,#,5.96,#,0.362
1310460016,2005,1310460,13,015,54,#,4.01,#,0.304
1310460021,2005,1310460,13,015,54,#,4.25,#,0.171
1310460026,2005,1310460,13,015,54,#,4.41,#,0.201
1310460031,2005,1310460,13,015,54,#,4.54,#,0.388
1310460036,2005,1310460,13,015,54,#,5.92,#,0.303
1310460041,2005,1310460,13,015,54,#,7.12,#,0.37
1310460046,2005,1310460,13,015,54,#,8.41,#,0.628
1310460051,2005,1310460,13,015,54,#,7.48,#,0.636
1310460056,2005,1310460,13,015,54,#,6.72,#,0.49
1310480001,2005,1310480,13,015,56,#,6.01,#,0.408
1310480006,2005,1310480,13,015,56,#,6.41,#,0.423
1310480011,2005,1310480,13,015,56,#,5.41,#,0.278
1310480016,2005,1310480,13,015,56,#,3.93,#,0.268
1310480021,2005,1310480,13,015,56,#,4.22,#,0.141
1310480026,2005,1310480,13,015,56,#,4.23,#,0.167
1310480031,2005,1310480,13,015,56,#,4.33,#,0.302
1310480036,2005,1310480,13,015,56,#,5.85,#,0.292
1310480041,2005,1310480,13,015,56,#,7.41,#,0.283
1310480046,2005,1310480,13,015,56,#,8.25,#,0.582
1310480051,2005,1310480,13,015,56,#,7.61,#,0.53
1310480056,2005,1310480,13,015,56,#,6.57,#,0.357
1310530001,2005,1310530,13,015,03,#,5.41,#,0.323
1310530003,2005,1310530,13,015,03,#,3.62,#,0.239
1310530005,2005,1310530,13,015,03,#,3.42,#,0.197
1310530007,2005,1310530,13,015,03,#,2.01,#,0.148
1310530009,2005,1310530,13,015,03,#,5.37,#,0.328
1310530011,2005,1310530,13,015,03,#,3.2,#,0.247
1310530013,2005,1310530,13,015,03,#,5.32,#,0.291
1310530015,2005,1310530,13,015,03,#,4.83,#,0.275
1310530017,2005,1310530,13,015,03,#,5.48,#,0.352
1310530019,2005,1310530,13,015,03,#,2.45,#,0.248
1310530021,2005,1310530,13,015,03,#,3.86,#,0.275
1310530023,2005,1310530,13,015,03,#,3.81,#,0.282
1310530025,2005,1310530,13,015,03,#,3.34,#,0.243
1310530027,2005,1310530,13,015,03,#,2.41,#,0.2
1310530029,2005,1310530,13,015,03,#,3.4,#,0.21
1310530031,2005,1310530,13,015,03,#,3.49,#,0.233
1310530033,2005,1310530,13,015,03,#,3.09,#,0.214
1310530035,2005,1310530,13,015,03,#,2.68,#,0.212
1310530037,2005,1310530,13,015,03,#,3.77,#,0.209
1310530039,2005,1310530,13,015,03,#,2.77,#,0.232
1310530041,2005,1310530,13,015,03,#,3.63,#,0.194
1310530043,2005,1310530,13,015,03,#,2.91,#,0.178
1310530045,2005,1310530,13,015,03,#,2.95,#,0.188
1310530047,2005,1310530,13,015,03,#,2.22,#,0.187
1310530049,2005,1310530,13,015,03,#,4.36,#,0.25
1310530051,2005,1310530,13,015,03,#,3.89,#,0.248
1310530053,2005,1310530,13,015,03,#,3.82,#,0.241
1310530055,2005,1310530,13,015,03,#,4.69,#,0.272
1310530057,2005,1310530,13,015,03,#,2.49,#,0.157
1310530059,2005,1310530,13,015,03,#,4.95,#,0.251
1310530061,2005,1310530,13,015,03,#,2.65,#,0.164
1310530063,2005,1310530,13,015,03,#,2.03,#,0.145
1310530065,2005,1310530,13,015,03,#,2.42,#,0.148
1310530067,2005,1310530,13,015,03,#,5.88,#,0.264
1310530069,2005,1310530,13,015,03,#,2.42,#,0.163
1310530071,2005,1310530,13,015,03,#,3.51,#,0.195
1310530073,2005,1310530,13,015,03,#,6.08,#,0.306
1310530075,2005,1310530,13,015,03,#,3.08,#,0.164
1310530077,2005,1310530,13,015,03,#,5.4,#,0.269
1310530079,2005,1310530,13,015,03,#,3.37,#,0.218
1310530081,2005,1310530,13,015,03,#,3.66,#,0.229
1310530083,2005,1310530,13,015,03,#,2.95,#,0.185
1310530085,2005,1310530,13,015,03,#,2.99,#,0.178
1310530087,2005,1310530,13,015,03,#,3.37,#,0.224
1310530089,2005,1310530,13,015,03,#,6.92,#,0.333
1310530091,2005,1310530,13,015,03,#,7.12,#,0.35
1310540001,2005,1310540,13,015,58,#,7.49,#,0.429
1310540006,2005,1310540,13,015,58,#,7.29,#,0.397
1310540011,2005,1310540,13,015,58,#,6.16,#,0.386
1310540016,2005,1310540,13,015,58,#,4.32,#,0.233
1310540021,2005,1310540,13,015,58,#,4.47,#,0.169
1310540026,2005,1310540,13,015,58,#,4.01,#,0.174
1310540031,2005,1310540,13,015,58,#,4.69,#,0.25
1310540036,2005,1310540,13,015,58,#,1.87,#,0.154
1310540041,2005,1310540,13,015,58,#,4.25,#,0.221
1310540046,2005,1310540,13,015,58,#,9.67,#,0.471
1310540051,2005,1310540,13,015,58,#,6.42,#,0.378
1310540056,2005,1310540,13,015,58,#,8.17,#,0.382
1310540060,2005,1310540,13,015,58,#,6.83,#,0.336
1310540064,2005,1310540,13,015,58,#,7.05,#,0.354
1310550001,2005,1310550,13,017,01,#,8.25,#,0.336
1310550004,2005,1310550,13,017,01,#,11.6,#,0.663
1310550007,2005,1310550,13,017,01,#,9.95,#,0.461
1310550010,2005,1310550,13,017,01,#,6.06,#,0.23
1310550013,2005,1310550,13,017,01,#,6.4,#,0.283
1310550016,2005,1310550,13,017,01,#,7.8,#,0.248
1310550019,2005,1310550,13,017,01,#,8.57,#,0.288
1310550022,2005,1310550,13,017,01,#,8.75,#,0.421
1310550025,2005,1310550,13,017,01,#,11.9,#,0.588
1310550028,2005,1310550,13,017,01,#,10.8,#,0.374
1310550031,2005,1310550,13,017,01,#,15.1,#,0.721
1310550034,2005,1310550,13,017,01,#,10.6,#,0.433
1310560001,2005,1310560,13,017,51,#,9.08,#,0.296
1310560004,2005,1310560,13,017,51,#,16.2,#,0.412
1310560007,2005,1310560,13,017,51,#,7.23,#,0.258
1310560010,2005,1310560,13,017,51,#,5.93,#,0.161
1310560013,2005,1310560,13,017,51,#,7.02,#,0.232
1310560016,2005,1310560,13,017,51,#,7.29,#,0.197
1310560019,2005,1310560,13,017,51,#,9.34,#,0.261
1310560022,2005,1310560,13,017,51,#,8.49,#,0.277
1310560025,2005,1310560,13,017,51,#,11,#,0.347
1310560028,2005,1310560,13,017,51,#,9.01,#,0.298
1310560031,2005,1310560,13,017,51,#,16.4,#,1.24
1310560034,2005,1310560,13,017,51,#,10.7,#,0.337
1310570001,2005,1310570,13,017,52,#,11.1,#,0.661
1310570004,2005,1310570,13,017,52,#,12.2,#,1.12
1310570007,2005,1310570,13,017,52,#,9.43,#,0.45
1310570010,2005,1310570,13,017,52,#,6.4,#,0.257
1310570013,2005,1310570,13,017,52,#,7.36,#,0.393
1310570016,2005,1310570,13,017,52,#,7.53,#,0.32
1310570019,2005,1310570,13,017,52,#,10.9,#,0.863
1310570022,2005,1310570,13,017,52,#,9.94,#,0.996
1310570025,2005,1310570,13,017,52,#,11.7,#,0.644
1310570028,2005,1310570,13,017,52,#,12.4,#,0.634
1310570031,2005,1310570,13,017,52,#,14.8,#,0.65
1310570034,2005,1310570,13,017,52,#,13.2,#,0.795
1310580001,2005,1310580,13,018,01,#,7.6,#,0.244
1310580004,2005,1310580,13,018,01,#,9.15,#,0.165
1310580007,2005,1310580,13,018,01,#,5.75,#,0.067
1310580010,2005,1310580,13,018,01,#,5.75,#,0.192
1310580013,2005,1310580,13,018,01,#,6.68,#,0.248
1310580016,2005,1310580,13,018,01,#,7.24,#,0.24
1310580019,2005,1310580,13,018,01,#,8.64,#,0.208
1310580022,2005,1310580,13,018,01,#,7.88,#,0.219
1310580025,2005,1310580,13,018,01,#,11.3,#,0.347
1310580028,2005,1310580,13,018,01,#,9.13,#,0.3
1310580031,2005,1310580,13,018,01,#,16.2,#,1.07
1310580034,2005,1310580,13,018,01,#,10.4,#,0.312
1310600001,2005,1310600,13,019,01,#,9.6,#,0.614
1310600004,2005,1310600,13,019,01,#,8.53,#,0.383
1310600007,2005,1310600,13,019,01,#,7.29,#,0.385
1310600010,2005,1310600,13,019,01,#,6.33,#,0.132
1310600013,2005,1310600,13,019,01,#,7.42,#,0.408
1310600016,2005,1310600,13,019,01,#,7.63,#,0.337
1310600019,2005,1310600,13,019,01,#,8.46,#,0.378
1310600022,2005,1310600,13,019,01,#,7.48,#,0.275
1310600025,2005,1310600,13,019,01,#,6.5,#,0.044
1310600028,2005,1310600,13,019,01,#,8.04,#,0.232
1310600031,2005,1310600,13,019,01,#,6.91,#,0.067
1310600034,2005,1310600,13,019,01,#,10.5,#,0.463
1310630001,2005,1310630,13,020,01,#,10.3,#,0.794
1310630004,2005,1310630,13,020,01,#,7.63,#,0.826
1310630007,2005,1310630,13,020,01,#,9.75,#,0.812
1310630010,2005,1310630,13,020,01,#,7.11,#,0.417
1310630013,2005,1310630,13,020,01,#,6.56,#,0.448
1310630016,2005,1310630,13,020,01,#,7.39,#,0.462
1310630019,2005,1310630,13,020,01,#,7.06,#,0.677
1310630022,2005,1310630,13,020,01,#,7.37,#,0.601
1310630025,2005,1310630,13,020,01,#,7.45,#,0.529
1310630028,2005,1310630,13,020,01,#,8.31,#,0.501
1310630031,2005,1310630,13,020,01,#,9.73,#,0.775
1310630034,2005,1310630,13,020,01,#,9.31,#,0.897
1310650001,2005,1310650,13,020,52,#,9.2,#,0.589
1310650004,2005,1310650,13,020,52,#,11.4,#,1.01
1310650007,2005,1310650,13,020,52,#,10.3,#,0.946
1310650010,2005,1310650,13,020,52,#,8.78,#,0.656
1310650013,2005,1310650,13,020,52,#,8.23,#,0.736
1310650016,2005,1310650,13,020,52,#,9.37,#,0.557
1310650019,2005,1310650,13,020,52,#,8.9,#,0.768
1310650022,2005,1310650,13,020,52,#,8.93,#,0.789
1310650025,2005,1310650,13,020,52,#,10.3,#,0.952
1310650028,2005,1310650,13,020,52,#,10.3,#,1.14
1310650031,2005,1310650,13,020,52,#,9.66,#,1.05
1310650034,2005,1310650,13,020,52,#,10.2,#,1.06
1310660001,2005,1310660,13,021,01,#,2.04,#,0.016
1310660004,2005,1310660,13,021,01,#,2.08,#,0.014
1310660007,2005,1310660,13,021,01,#,1.94,#,0.021
1310660010,2005,1310660,13,021,01,#,2.91,#,0.03
1310660013,2005,1310660,13,021,01,#,3.56,#,0.024
1310660016,2005,1310660,13,021,01,#,3.97,#,0.021
1310660019,2005,1310660,13,021,01,#,3.25,#,0.018
1310660022,2005,1310660,13,021,01,#,3.56,#,0.018
1310660025,2005,1310660,13,021,01,#,2.78,#,0.007
1310660028,2005,1310660,13,021,01,#,2.97,#,0.008
1310660031,2005,1310660,13,021,01,#,2.84,#,0.011
1310660034,2005,1310660,13,021,01,#,3.21,#,0.016
1310670001,2005,1310670,13,022,01,#,1.33,#,0.017
1310670003,2005,1310670,13,022,01,#,0.98,#,0.012
1310670005,2005,1310670,13,022,01,#,1.33,#,0.017
1310670007,2005,1310670,13,022,01,#,1.43,#,0.019
1310670009,2005,1310670,13,022,01,#,1.49,#,0.019
1310670011,2005,1310670,13,022,01,#,1.27,#,0.016
1310670013,2005,1310670,13,022,01,#,1.28,#,0.014
1310670015,2005,1310670,13,022,01,#,1.31,#,0.013
1310670017,2005,1310670,13,022,01,#,1.01,#,0.006
1310670019,2005,1310670,13,022,01,#,0.99,#,0.005
1310670021,2005,1310670,13,022,01,#,1.67,#,0.008
1310670023,2005,1310670,13,022,01,#,1.84,#,0.012
1310690001,2005,1310690,13,023,01,#,3.24,#,0.177
1310690004,2005,1310690,13,023,01,#,2.36,#,0.373
1310690007,2005,1310690,13,023,01,#,2.57,#,0.154
1310690010,2005,1310690,13,023,01,#,2.21,#,0.089
1310690013,2005,1310690,13,023,01,#,2.5,#,0.089
1310690016,2005,1310690,13,023,01,#,4.58,#,0.112
1310690019,2005,1310690,13,023,01,#,3.65,#,0.086
1310690022,2005,1310690,13,023,01,#,3.95,#,0.124
1310690025,2005,1310690,13,023,01,#,4.67,#,0.168
1310690028,2005,1310690,13,023,01,#,4.61,#,0.343
1310690031,2005,1310690,13,023,01,#,5.55,#,0.16
1310690034,2005,1310690,13,023,01,#,4.23,#,0.169
1310700001,2005,1310700,13,024,01,#,3.6,#,0.032
1310700004,2005,1310700,13,024,01,#,1.22,#,0.039
1310700007,2005,1310700,13,024,01,#,2.08,#,0.045
1310700010,2005,1310700,13,024,01,#,2.95,#,0.039
1310700013,2005,1310700,13,024,01,#,2.86,#,0.037
1310700016,2005,1310700,13,024,01,#,3.12,#,0.032
1310700019,2005,1310700,13,024,01,#,3.71,#,0.045
1310700022,2005,1310700,13,024,01,#,4.96,#,0.035
1310700025,2005,1310700,13,024,01,#,4.2,#,0.06
1310700028,2005,1310700,13,024,01,#,3.49,#,0.044
1310700031,2005,1310700,13,024,01,#,2.18,#,0.025
1310700034,2005,1310700,13,024,01,#,3.06,#,0.017
1310730001,2005,1310730,13,025,01,#,3.09,#,0.084
1310730004,2005,1310730,13,025,01,#,2.47,#,0.067
1310730007,2005,1310730,13,025,01,#,2.76,#,0.074
1310730010,2005,1310730,13,025,01,#,2.09,#,0.067
1310730013,2005,1310730,13,025,01,#,2.56,#,0.05
1310730016,2005,1310730,13,025,01,#,1.82,#,0.064
1310730019,2005,1310730,13,025,01,#,1.72,#,0.059
1310730022,2005,1310730,13,025,01,#,2.41,#,0.062
1310730025,2005,1310730,13,025,01,#,2.99,#,0.064
1310730028,2005,1310730,13,025,01,#,2.54,#,0.071
1310730031,2005,1310730,13,025,01,#,2.98,#,0.07
1310730034,2005,1310730,13,025,01,#,3.61,#,0.067
1310740001,2005,1310740,13,026,01,#,4.97,#,0.293
1310740003,2005,1310740,13,026,01,#,4.98,#,0.287
1310740005,2005,1310740,13,026,01,#,4.96,#,0.29
1310740007,2005,1310740,13,026,01,#,5.24,#,0.335
1310740009,2005,1310740,13,026,01,#,5.33,#,0.409
1310740011,2005,1310740,13,026,01,#,5.58,#,0.402
1310740013,2005,1310740,13,026,01,#,5.37,#,0.36
1310740015,2005,1310740,13,026,01,#,5.75,#,0.446
1310740017,2005,1310740,13,026,01,#,4.26,#,0.283
1310740019,2005,1310740,13,026,01,#,4.48,#,0.269
1310740021,2005,1310740,13,026,01,#,4.38,#,0.258
1310740023,2005,1310740,13,026,01,#,4.48,#,0.283
1310740025,2005,1310740,13,026,01,#,2.88,#,0.174
1310740027,2005,1310740,13,026,01,#,2.86,#,0.168
1310740029,2005,1310740,13,026,01,#,3.11,#,0.173
1310740031,2005,1310740,13,026,01,#,3.22,#,0.191
1310740033,2005,1310740,13,026,01,#,3.72,#,0.25
1310740035,2005,1310740,13,026,01,#,3.61,#,0.161
1310740037,2005,1310740,13,026,01,#,3.84,#,0.188
1310740039,2005,1310740,13,026,01,#,3.81,#,0.166
1310740041,2005,1310740,13,026,01,#,2.93,#,0.175
1310740043,2005,1310740,13,026,01,#,2.74,#,0.153
1310740045,2005,1310740,13,026,01,#,2.88,#,0.162
1310740047,2005,1310740,13,026,01,#,2.96,#,0.143
1310740049,2005,1310740,13,026,01,#,3.13,#,0.179
1310740051,2005,1310740,13,026,01,#,3.09,#,0.159
1310740053,2005,1310740,13,026,01,#,3.01,#,0.181
1310740055,2005,1310740,13,026,01,#,3.1,#,0.184
1310740057,2005,1310740,13,026,01,#,4.07,#,0.201
1310740059,2005,1310740,13,026,01,#,4.05,#,0.195
1310740061,2005,1310740,13,026,01,#,4.1,#,0.186
1310740063,2005,1310740,13,026,01,#,4.07,#,0.225
1310740065,2005,1310740,13,026,01,#,4.99,#,0.343
1310740067,2005,1310740,13,026,01,#,5.18,#,0.356
1310740069,2005,1310740,13,026,01,#,5.21,#,0.31
1310740071,2005,1310740,13,026,01,#,5.29,#,0.337
1310740073,2005,1310740,13,026,01,#,7.16,#,0.346
1310740075,2005,1310740,13,026,01,#,7.62,#,0.402
1310740077,2005,1310740,13,026,01,#,7.19,#,0.337
1310740079,2005,1310740,13,026,01,#,7.27,#,0.388
1310740081,2005,1310740,13,026,01,#,5.05,#,0.436
1310740083,2005,1310740,13,026,01,#,5.26,#,0.548
1310740085,2005,1310740,13,026,01,#,5.17,#,0.44
1310740087,2005,1310740,13,026,01,#,5.4,#,0.652
1310740089,2005,1310740,13,026,01,#,4.3,#,0.263
1310740091,2005,1310740,13,026,01,#,4.64,#,0.3
1310740093,2005,1310740,13,026,01,#,4.45,#,0.287
1310740095,2005,1310740,13,026,01,#,4.64,#,0.326
1310750001,2005,1310750,13,025,02,#,4.73,#,0.27
1310750004,2005,1310750,13,025,02,#,5.04,#,0.454
1310750007,2005,1310750,13,025,02,#,4.4,#,0.266
1310750010,2005,1310750,13,025,02,#,3.17,#,0.223
1310750013,2005,1310750,13,025,02,#,3.44,#,0.171
1310750016,2005,1310750,13,025,02,#,3.31,#,0.112
1310750019,2005,1310750,13,025,02,#,2.3,#,0.142
1310750022,2005,1310750,13,025,02,#,4.78,#,0.225
1310750025,2005,1310750,13,025,02,#,5.76,#,0.544
1310750028,2005,1310750,13,025,02,#,4.44,#,0.534
1310750031,2005,1310750,13,025,02,#,5.4,#,0.768
1310750034,2005,1310750,13,025,02,#,5.11,#,0.308
1310780001,2005,1310780,13,027,01,#,1.9,#,0.016
1310780004,2005,1310780,13,027,01,#,1.75,#,0.048
1310780007,2005,1310780,13,027,01,#,1.85,#,0.028
1310780010,2005,1310780,13,027,01,#,1.03,#,0.073
1310780013,2005,1310780,13,027,01,#,1.83,#,0.03
1310780016,2005,1310780,13,027,01,#,1.64,#,0.42
1310780019,2005,1310780,13,027,01,#,1.39,#,0.029
1310780022,2005,1310780,13,027,01,#,1.92,#,0.023
1310780025,2005,1310780,13,027,01,#,2.21,#,0.027
1310780028,2005,1310780,13,027,01,#,2.36,#,0.036
1310780031,2005,1310780,13,027,01,#,1.72,#,0.034
1310790001,2005,1310790,13,028,01,#,4.07,#,0.166
1310790004,2005,1310790,13,028,01,#,4.97,#,0.26
1310790007,2005,1310790,13,028,01,#,4.56,#,0.143
1310790010,2005,1310790,13,028,01,#,3.72,#,0.094
1310790013,2005,1310790,13,028,01,#,3.45,#,0.066
1310790016,2005,1310790,13,028,01,#,3.42,#,0.095
1310790019,2005,1310790,13,028,01,#,3.42,#,0.116
1310790022,2005,1310790,13,028,01,#,3.92,#,0.128
1310790025,2005,1310790,13,028,01,#,5.17,#,0.246
1310790028,2005,1310790,13,028,01,#,5.71,#,0.363
1310790031,2005,1310790,13,028,01,#,4.84,#,0.213
1310790034,2005,1310790,13,028,01,#,4.46,#,0.163
1310800001,2005,1310800,13,029,01,#,1.66,#,0.031
1310800004,2005,1310800,13,029,01,#,1.53,#,0.065
1310800007,2005,1310800,13,029,01,#,1.77,#,0.08
1310800010,2005,1310800,13,029,01,#,1.82,#,0.057
1310800013,2005,1310800,13,029,01,#,1.81,#,0.028
1310800016,2005,1310800,13,029,01,#,1.44,#,0.039
1310800019,2005,1310800,13,029,01,#,1.91,#,0.056
1310800022,2005,1310800,13,029,01,#,1.85,#,0.077
1310800025,2005,1310800,13,029,01,#,2.05,#,0.105
1310800028,2005,1310800,13,029,01,#,2,#,0.127
1310800031,2005,1310800,13,029,01,#,1.71,#,0.086
1310800034,2005,1310800,13,029,01,#,2.18,#,0.071
1310810001,2005,1310810,13,030,01,#,7.17,#,0.207
1310810003,2005,1310810,13,030,01,#,6.54,#,0.144
1310810005,2005,1310810,13,030,01,#,7.11,#,0.134
1310810007,2005,1310810,13,030,01,#,6.32,#,0.172
1310810009,2005,1310810,13,030,01,#,12.6,#,0.322
1310810011,2005,1310810,13,030,01,#,6.73,#,0.357
1310810013,2005,1310810,13,030,01,#,11.5,#,0.322
1310810015,2005,1310810,13,030,01,#,11.6,#,0.278
1310810017,2005,1310810,13,030,01,#,9.14,#,0.132
1310810019,2005,1310810,13,030,01,#,8.79,#,0.157
1310810021,2005,1310810,13,030,01,#,8.79,#,0.144
1310810023,2005,1310810,13,030,01,#,7.51,#,0.128
1310810025,2005,1310810,13,030,01,#,4.9,#,0.252
1310810027,2005,1310810,13,030,01,#,4.92,#,0.205
1310810029,2005,1310810,13,030,01,#,4.45,#,0.125
1310810031,2005,1310810,13,030,01,#,4.02,#,0.113
1310810033,2005,1310810,13,030,01,#,7.9,#,0.134
1310810035,2005,1310810,13,030,01,#,7.38,#,0.173
1310810037,2005,1310810,13,030,01,#,6.96,#,0.13
1310810039,2005,1310810,13,030,01,#,6.54,#,0.1
1310810041,2005,1310810,13,030,01,#,7.04,#,0.105
1310810043,2005,1310810,13,030,01,#,6.14,#,0.111
1310810045,2005,1310810,13,030,01,#,7.04,#,0.084
1310810047,2005,1310810,13,030,01,#,6.94,#,0.075
1310810049,2005,1310810,13,030,01,#,6.82,#,0.107
1310810051,2005,1310810,13,030,01,#,6.58,#,0.118
1310810053,2005,1310810,13,030,01,#,7.13,#,0.112
1310810055,2005,1310810,13,030,01,#,6.75,#,0.105
1310810057,2005,1310810,13,030,01,#,8.46,#,0.106
1310810059,2005,1310810,13,030,01,#,8.18,#,0.113
1310810061,2005,1310810,13,030,01,#,7.99,#,0.113
1310810063,2005,1310810,13,030,01,#,7.95,#,0.108
1310810065,2005,1310810,13,030,01,#,9.94,#,0.168
1310810067,2005,1310810,13,030,01,#,6.23,#,0.025
1310810069,2005,1310810,13,030,01,#,10.1,#,0.205
1310810071,2005,1310810,13,030,01,#,8.93,#,0.186
1310810073,2005,1310810,13,030,01,#,4.67,#,0.019
1310810075,2005,1310810,13,030,01,#,4.97,#,0.023
1310810077,2005,1310810,13,030,01,#,4.61,#,0.023
1310810079,2005,1310810,13,030,01,#,4.54,#,0.018
1310810081,2005,1310810,13,030,01,#,3.96,#,0.034
1310810083,2005,1310810,13,030,01,#,3.73,#,0.035
1310810085,2005,1310810,13,030,01,#,3.8,#,0.047
1310810087,2005,1310810,13,030,01,#,3.9,#,0.042
1310810089,2005,1310810,13,030,01,#,9.88,#,0.1
1310810091,2005,1310810,13,030,01,#,9.52,#,0.107
1310810093,2005,1310810,13,030,01,#,9.22,#,0.104
1310810095,2005,1310810,13,030,01,#,8.72,#,0.092
1310820001,2005,1310820,13,030,51,#,2.9,#,0.111
1310820002,2005,1310820,13,030,51,#,1.38,#,0.129
1310820003,2005,1310820,13,030,51,#,1.58,#,0.091
1310820004,2005,1310820,13,030,51,#,2.55,#,0.039
1310820005,2005,1310820,13,030,51,#,2,#,0.054
1310820006,2005,1310820,13,030,51,#,4.62,#,0.032
1310820007,2005,1310820,13,030,51,#,5.69,#,0.06
1310820008,2005,1310820,13,030,51,#,6.56,#,0.025
1310820009,2005,1310820,13,030,51,#,6.45,#,0.012
1310820010,2005,1310820,13,030,51,#,5.04,#,0.012
1310820011,2005,1310820,13,030,51,#,3.8,#,0.026
1310820012,2005,1310820,13,030,51,#,2.71,#,0.03
1310830001,2005,1310830,13,031,01,#,5.01,#,0.395
1310830004,2005,1310830,13,031,01,#,5.86,#,0.464
1310830007,2005,1310830,13,031,01,#,4.94,#,0.296
1310830010,2005,1310830,13,031,01,#,5.2,#,0.267
1310830013,2005,1310830,13,031,01,#,4.95,#,0.193
1310830016,2005,1310830,13,031,01,#,5.34,#,0.197
1310830019,2005,1310830,13,031,01,#,5.51,#,0.178
1310830022,2005,1310830,13,031,01,#,6.74,#,0.228
1310830025,2005,1310830,13,031,01,#,7.57,#,0.389
1310830028,2005,1310830,13,031,01,#,8.68,#,0.615
1310830031,2005,1310830,13,031,01,#,5.85,#,0.321
1310830034,2005,1310830,13,031,01,#,5.7,#,0.289
1310840001,2005,1310840,13,031,51,#,5.83,#,0.752
1310840004,2005,1310840,13,031,51,#,6.08,#,0.581
1310840007,2005,1310840,13,031,51,#,4.75,#,0.177
1310840010,2005,1310840,13,031,51,#,9.54,#,0.822
1310850001,2005,1310850,13,032,01,#,1.51,#,0.029
1310850003,2005,1310850,13,032,01,#,0.96,#,0.029
1310850005,2005,1310850,13,032,01,#,1.5,#,0.03
1310850007,2005,1310850,13,032,01,#,1.75,#,0.023
1310850009,2005,1310850,13,032,01,#,1.48,#,0.022
1310850011,2005,1310850,13,032,01,#,1.34,#,0.019
1310850013,2005,1310850,13,032,01,#,1.82,#,0.024
1310850015,2005,1310850,13,032,01,#,1.47,#,0.023
1310850017,2005,1310850,13,032,01,#,1.48,#,0.016
1310850019,2005,1310850,13,032,01,#,1.28,#,0.015
1310850021,2005,1310850,13,032,01,#,1.39,#,0.021
1310850023,2005,1310850,13,032,01,#,2.1,#,0.024
1310860001,2005,1310860,13,032,02,#,1.86,#,0.061
1310860003,2005,1310860,13,032,02,#,1.14,#,0.066
1310860005,2005,1310860,13,032,02,#,2.17,#,0.069
1310860007,2005,1310860,13,032,02,#,2.15,#,0.039
1310860009,2005,1310860,13,032,02,#,1.86,#,0.036
1310860011,2005,1310860,13,032,02,#,1.55,#,0.045
1310860013,2005,1310860,13,032,02,#,1.93,#,0.042
1310860015,2005,1310860,13,032,02,#,1.78,#,0.047
1310860017,2005,1310860,13,032,02,#,2.07,#,0.037
1310860019,2005,1310860,13,032,02,#,1.78,#,0.042
1310860021,2005,1310860,13,032,02,#,2.16,#,0.051
1310860023,2005,1310860,13,032,02,#,2.41,#,0.05
1310870001,2005,1310870,13,034,01,#,9.51,#,0.24
1310870004,2005,1310870,13,034,01,#,12.9,#,0.662
1310870007,2005,1310870,13,034,01,#,8.78,#,0.214
1310870010,2005,1310870,13,034,01,#,8.56,#,0.216
1310870013,2005,1310870,13,034,01,#,7.91,#,0.188
1310870016,2005,1310870,13,034,01,#,9.77,#,0.148
1310870019,2005,1310870,13,034,01,#,6.65,#,0.193
1310870022,2005,1310870,13,034,01,#,9.18,#,0.233
1310870025,2005,1310870,13,034,01,#,14.9,#,0.409
1310870028,2005,1310870,13,034,01,#,13.2,#,0.758
1310870031,2005,1310870,13,034,01,#,11.7,#,0.287
1310870034,2005,1310870,13,034,01,#,8.46,#,0.259
1310880001,2005,1310880,13,035,01,#,7.34,#,0.027
1310880004,2005,1310880,13,035,01,#,6.3,#,0.029
1310880007,2005,1310880,13,035,01,#,6.39,#,0.031
1310880010,2005,1310880,13,035,01,#,6.68,#,0.04
1310880013,2005,1310880,13,035,01,#,6.33,#,0.058
1310880016,2005,1310880,13,035,01,#,7.12,#,0.049
1310880019,2005,1310880,13,035,01,#,7.02,#,0.033
1310880022,2005,1310880,13,035,01,#,7.6,#,0.037
1310880025,2005,1310880,13,035,01,#,7.74,#,0.077
1310880028,2005,1310880,13,035,01,#,6.78,#,0.044
1310880031,2005,1310880,13,035,01,#,6.62,#,0.044
1310880034,2005,1310880,13,035,01,#,5.63,#,0.034
1310940001,2005,1310940,13,036,01,#,3.47,#,0.174
1310940004,2005,1310940,13,036,01,#,2.78,#,0.147
1310940007,2005,1310940,13,036,01,#,6.04,#,0.152
1310940010,2005,1310940,13,036,01,#,4.22,#,0.087
1310940013,2005,1310940,13,036,01,#,7.11,#,0.144
1310940027,2005,1310940,13,036,01,#,6,#,0.115
1310940030,2005,1310940,13,036,01,#,4.6,#,0.078
1310940033,2005,1310940,13,036,01,#,9.06,#,0.347
1310940036,2005,1310940,13,036,01,#,7.68,#,0.322
1310940039,2005,1310940,13,036,01,#,8.41,#,0.209
1310940042,2005,1310940,13,036,01,#,8.32,#,0.21
1310940056,2005,1310940,13,036,01,#,6.56,#,0.175
1310950001,2005,1310950,13,037,01,#,10.1,#,0.128
1310950004,2005,1310950,13,037,01,#,14.6,#,0.342
1310950007,2005,1310950,13,037,01,#,10.8,#,0.153
1310950010,2005,1310950,13,037,01,#,10,#,0.104
1310950013,2005,1310950,13,037,01,#,9.91,#,0.211
1310950016,2005,1310950,13,037,01,#,9.3,#,0.198
1310950019,2005,1310950,13,037,01,#,9.36,#,0.174
1310950022,2005,1310950,13,037,01,#,10.2,#,0.126
1310950025,2005,1310950,13,037,01,#,12.7,#,0.27
1310950028,2005,1310950,13,037,01,#,15.8,#,0.26
1310950031,2005,1310950,13,037,01,#,13.9,#,0.118
1310950034,2005,1310950,13,037,01,#,11.9,#,0.111
1310960001,2005,1310960,13,038,01,#,3.09,#,0.081
1310960004,2005,1310960,13,038,01,#,1.04,#,0.169
1310960007,2005,1310960,13,038,01,#,1.36,#,0.153
1310960010,2005,1310960,13,038,01,#,3.25,#,0.045
1310960013,2005,1310960,13,038,01,#,3.04,#,0.053
1310960016,2005,1310960,13,038,01,#,4.21,#,0.029
1310960019,2005,1310960,13,038,01,#,2.62,#,0.063
1310960022,2005,1310960,13,038,01,#,3.83,#,0.031
1310960025,2005,1310960,13,038,01,#,3.85,#,0.019
1310960028,2005,1310960,13,038,01,#,4.68,#,0.042
1310960031,2005,1310960,13,038,01,#,3.85,#,0.167
1310960034,2005,1310960,13,038,01,#,3.23,#,0.064
1310970002,2005,1310970,13,039,51,#,5.26,#,0.204
1310970005,2005,1310970,13,039,51,#,2.73,#,0.269
1310970008,2005,1310970,13,039,51,#,2.47,#,0.232
1310970011,2005,1310970,13,039,51,#,2.95,#,0.152
1310970014,2005,1310970,13,039,51,#,2.74,#,0.139
1310970017,2005,1310970,13,039,51,#,3.16,#,0.157
1310970020,2005,1310970,13,039,51,#,3.39,#,0.228
1310970023,2005,1310970,13,039,51,#,4.79,#,0.161
1310970026,2005,1310970,13,039,51,#,7.04,#,0.27
1310970029,2005,1310970,13,039,51,#,11.9,#,0.485
1310970032,2005,1310970,13,039,51,#,9.49,#,0.372
1310970035,2005,1310970,13,039,51,#,8.61,#,0.294
1310980001,2005,1310980,13,043,01,#,2,#,0.096
1310980004,2005,1310980,13,043,01,#,1.73,#,0.09
1310980007,2005,1310980,13,043,01,#,3,#,0.091
1310980010,2005,1310980,13,043,01,#,1.95,#,0.103
1310980013,2005,1310980,13,043,01,#,1.95,#,0.094
1310980016,2005,1310980,13,043,01,#,3.23,#,0.088
1310980019,2005,1310980,13,043,01,#,2.87,#,0.064
1310980022,2005,1310980,13,043,01,#,3.5,#,0.093
1310980025,2005,1310980,13,043,01,#,3.05,#,0.101
1310980028,2005,1310980,13,043,01,#,5.31,#,0.123
1310980031,2005,1310980,13,043,01,#,4.46,#,0.127
1310980034,2005,1310980,13,043,01,#,2.87,#,0.065
1310990001,2005,1310990,13,202,01,#,6.36,#,0.378
1310990004,2005,1310990,13,202,01,#,3.21,#,0.107
1310990007,2005,1310990,13,202,01,#,3.31,#,0.238
1310990010,2005,1310990,13,202,01,#,2.07,#,0.194
1310990013,2005,1310990,13,202,01,#,2.23,#,0.161
1310990016,2005,1310990,13,202,01,#,3.83,#,0.184
1310990019,2005,1310990,13,202,01,#,4.93,#,0.314
1310990022,2005,1310990,13,202,01,#,5.56,#,0.266
1310990025,2005,1310990,13,202,01,#,6.39,#,0.225
1310990028,2005,1310990,13,202,01,#,7.04,#,0.139
1310990031,2005,1310990,13,202,01,#,10,#,0.206
1310990034,2005,1310990,13,202,01,#,6.93,#,0.121
1311000001,2005,1311000,13,044,01,#,2.56,#,0.111
1311000004,2005,1311000,13,044,01,#,2.84,#,0.089
1311000007,2005,1311000,13,044,01,#,3.92,#,0.167
1311000010,2005,1311000,13,044,01,#,2.75,#,0.134
1311000013,2005,1311000,13,044,01,#,2.13,#,0.149
1311000016,2005,1311000,13,044,01,#,2.71,#,0.164
1311000019,2005,1311000,13,044,01,#,4.41,#,0.181
1311000022,2005,1311000,13,044,01,#,5.02,#,0.237
1311000025,2005,1311000,13,044,01,#,4.03,#,0.13
1311000028,2005,1311000,13,044,01,#,7.85,#,0.18
1311000031,2005,1311000,13,044,01,#,8.39,#,0.231
1311000034,2005,1311000,13,044,01,#,5.8,#,0.114
1311010001,2005,1311010,13,044,51,#,2.19,#,0.106
1311010004,2005,1311010,13,044,51,#,2.16,#,0.121
1311010007,2005,1311010,13,044,51,#,3.43,#,0.183
1311010010,2005,1311010,13,044,51,#,2.38,#,0.134
1311010013,2005,1311010,13,044,51,#,2.17,#,0.17
1311010016,2005,1311010,13,044,51,#,2.22,#,0.094
1311010019,2005,1311010,13,044,51,#,2.87,#,0.131
1311010022,2005,1311010,13,044,51,#,3.5,#,0.204
1311010025,2005,1311010,13,044,51,#,4.21,#,0.141
1311010028,2005,1311010,13,044,51,#,4.96,#,0.131
1311010031,2005,1311010,13,044,51,#,4.04,#,0.115
1311010034,2005,1311010,13,044,51,#,3,#,0.082
1311020001,2005,1311020,13,204,01,#,4.57,#,0.26
1311020002,2005,1311020,13,204,01,#,2.04,#,0.086
1311020003,2005,1311020,13,204,01,#,2.84,#,0.145
1311020004,2005,1311020,13,204,01,#,1.55,#,0.054
1311020005,2005,1311020,13,204,01,#,1.73,#,0.123
1311020006,2005,1311020,13,204,01,#,2.43,#,0.112
1311020007,2005,1311020,13,204,01,#,1.99,#,0.102
1311020008,2005,1311020,13,204,01,#,2.35,#,0.082
1311020009,2005,1311020,13,204,01,#,6.07,#,0.208
1311020010,2005,1311020,13,204,01,#,6.42,#,0.256
1311020011,2005,1311020,13,204,01,#,8.74,#,0.196
1311020012,2005,1311020,13,204,01,#,6.7,#,0.15
1311030001,2005,1311030,13,049,01,#,4.69,#,0.202
1311030004,2005,1311030,13,049,01,#,3.74,#,0.24
1311030007,2005,1311030,13,049,01,#,4.26,#,0.383
1311030010,2005,1311030,13,049,01,#,3.68,#,0.348
1311030013,2005,1311030,13,049,01,#,3.53,#,0.292
1311030016,2005,1311030,13,049,01,#,3.8,#,0.231
1311030019,2005,1311030,13,049,01,#,3.42,#,0.259
1311030022,2005,1311030,13,049,01,#,3.29,#,0.215
1311030025,2005,1311030,13,049,01,#,3.16,#,0.166
1311030028,2005,1311030,13,049,01,#,4.49,#,0.159
1311030031,2005,1311030,13,049,01,#,3.58,#,0.141
1311030034,2005,1311030,13,049,01,#,4.22,#,0.159
1311050001,2005,1311050,13,050,01,#,5.22,#,0.258
1311050004,2005,1311050,13,050,01,#,4.39,#,0.254
1311050007,2005,1311050,13,050,01,#,5.24,#,0.341
1311050010,2005,1311050,13,050,01,#,4.48,#,0.352
1311050013,2005,1311050,13,050,01,#,4.3,#,0.277
1311050016,2005,1311050,13,050,01,#,4.59,#,0.22
1311050019,2005,1311050,13,050,01,#,4.05,#,0.228
1311050022,2005,1311050,13,050,01,#,4.15,#,0.195
1311050025,2005,1311050,13,050,01,#,3.88,#,0.19
1311050028,2005,1311050,13,050,01,#,4.41,#,0.192
1311050031,2005,1311050,13,050,01,#,3.72,#,0.16
1311050034,2005,1311050,13,050,01,#,4.76,#,0.194
1311100001,2005,1311100,13,059,01,#,4.96,#,0.148
1311100004,2005,1311100,13,059,01,#,5.86,#,0.028
1311100007,2005,1311100,13,059,01,#,4.17,#,0.028
1311100010,2005,1311100,13,059,01,#,4.55,#,0.023
1311100013,2005,1311100,13,059,01,#,5.11,#,0.011
1311100016,2005,1311100,13,059,01,#,4.49,#,0.016
1311100019,2005,1311100,13,059,01,#,4.96,#,0.024
1311100022,2005,1311100,13,059,01,#,5.45,#,0.02
1311100025,2005,1311100,13,059,01,#,4.84,#,0.02
1311100028,2005,1311100,13,059,01,#,3.55,#,0.184
1311100031,2005,1311100,13,059,01,#,4.03,#,0.025
1311100034,2005,1311100,13,059,01,#,4.21,#,0.022
1311110001,2005,1311110,13,041,01,#,2.75,#,0.029
1311110004,2005,1311110,13,041,01,#,3.06,#,0.04
1311110007,2005,1311110,13,041,01,#,2.9,#,0.027
1311110010,2005,1311110,13,041,01,#,3.33,#,0.028
1311110013,2005,1311110,13,041,01,#,2.66,#,0.029
1311110016,2005,1311110,13,041,01,#,3.52,#,0.017
1311110019,2005,1311110,13,041,01,#,3.09,#,0.024
1311110022,2005,1311110,13,041,01,#,2.67,#,0.079
1311110025,2005,1311110,13,041,01,#,3.27,#,0.021
1311110028,2005,1311110,13,041,01,#,5.5,#,0.055
1311110031,2005,1311110,13,041,01,#,1.81,#,0.023
1311110034,2005,1311110,13,041,01,#,3.75,#,0.022
1311130001,2005,1311130,13,215,01,#,7.73,#,0.018
1311130004,2005,1311130,13,215,01,#,7.07,#,0.017
1311130007,2005,1311130,13,215,01,#,7.19,#,0.023
1311130010,2005,1311130,13,215,01,#,7.68,#,0.049
1311130013,2005,1311130,13,215,01,#,7.43,#,0.022
1311130016,2005,1311130,13,215,01,#,8.43,#,0.02
1311130019,2005,1311130,13,215,01,#,8.73,#,0.035
1311130022,2005,1311130,13,215,01,#,8.13,#,0.021
1311130025,2005,1311130,13,215,01,#,8.62,#,0.036
1311130028,2005,1311130,13,215,01,#,7.79,#,0.057
1311130031,2005,1311130,13,215,01,#,7.34,#,0.041
1311130034,2005,1311130,13,215,01,#,7.21,#,0.03
1311140001,2005,1311140,13,005,54,#,6.27,#,0.351
1311140004,2005,1311140,13,005,54,#,2.9,#,0.164
1311140007,2005,1311140,13,005,54,#,3.62,#,0.232
1311140010,2005,1311140,13,005,54,#,2.75,#,0.158
1311140013,2005,1311140,13,005,54,#,2.38,#,0.201
1311140016,2005,1311140,13,005,54,#,4.02,#,0.164
1311140019,2005,1311140,13,005,54,#,4.08,#,0.179
1311140022,2005,1311140,13,005,54,#,4.7,#,0.232
1311140025,2005,1311140,13,005,54,#,4.98,#,0.285
1311140028,2005,1311140,13,005,54,#,4.78,#,0.287
1311140031,2005,1311140,13,005,54,#,6.92,#,0.212
1311140034,2005,1311140,13,005,54,#,5.13,#,0.157
1311160001,2005,1311160,13,042,01,#,2.06,#,0.102
1311160004,2005,1311160,13,042,01,#,1.28,#,0.114
1311160007,2005,1311160,13,042,01,#,2.15,#,0.124
1311160010,2005,1311160,13,042,01,#,2.2,#,0.063
1311160013,2005,1311160,13,042,01,#,2.12,#,0.073
1311160016,2005,1311160,13,042,01,#,1.91,#,0.138
1311160019,2005,1311160,13,042,01,#,1.95,#,0.049
1311160022,2005,1311160,13,042,01,#,1.87,#,0.073
1311160025,2005,1311160,13,042,01,#,2.52,#,0.069
1311160028,2005,1311160,13,042,01,#,2.47,#,0.068
1311160031,2005,1311160,13,042,01,#,2.51,#,0.072
1311160034,2005,1311160,13,042,01,#,2.23,#,0.041
1311170001,2005,1311170,13,056,01,#,0.83,#,0.018
1311170003,2005,1311170,13,056,01,#,0.78,#,0.015
1311170005,2005,1311170,13,056,01,#,0.99,#,0.018
1311170007,2005,1311170,13,056,01,#,1.02,#,0.016
1311170009,2005,1311170,13,056,01,#,0.87,#,0.019
1311170011,2005,1311170,13,056,01,#,0.86,#,0.017
1311170013,2005,1311170,13,056,01,#,0.84,#,0.015
1311170015,2005,1311170,13,056,01,#,0.97,#,0.012
1311170017,2005,1311170,13,056,01,#,0.72,#,0.011
1311170019,2005,1311170,13,056,01,#,0.67,#,0.01
1311170021,2005,1311170,13,056,01,#,0.8,#,0.01
1311170023,2005,1311170,13,056,01,#,0.95,#,0.011
1311200001,2005,1311200,13,219,01,#,6.45,#,0.398
1311200004,2005,1311200,13,219,01,#,3.03,#,0.136
1311200007,2005,1311200,13,219,01,#,3.65,#,0.252
1311200010,2005,1311200,13,219,01,#,2.63,#,0.145
1311200013,2005,1311200,13,219,01,#,2.41,#,0.225
1311200016,2005,1311200,13,219,01,#,3.91,#,0.266
1311200019,2005,1311200,13,219,01,#,4.27,#,0.175
1311200022,2005,1311200,13,219,01,#,4.73,#,0.219
1311200025,2005,1311200,13,219,01,#,5.19,#,0.309
1311200028,2005,1311200,13,219,01,#,4.71,#,0.236
1311200031,2005,1311200,13,219,01,#,6.82,#,0.226
1311200034,2005,1311200,13,219,01,#,5.1,#,0.144
1311210001,2005,1311210,13,054,01,#,4.09,#,0.138
1311210004,2005,1311210,13,054,01,#,2.93,#,0.132
1311210007,2005,1311210,13,054,01,#,3.4,#,0.084
1311210010,2005,1311210,13,054,01,#,3.7,#,0.083
1311210013,2005,1311210,13,054,01,#,4.52,#,0.083
1311210016,2005,1311210,13,054,01,#,3.82,#,0.079
1311210019,2005,1311210,13,054,01,#,2.27,#,0.058
1311210022,2005,1311210,13,054,01,#,4.06,#,0.077
1311210025,2005,1311210,13,054,01,#,4.14,#,0.104
1311210028,2005,1311210,13,054,01,#,4.2,#,0.18
1311210031,2005,1311210,13,054,01,#,4.64,#,0.179
1311210034,2005,1311210,13,054,01,#,3.51,#,0.09
1311220001,2005,1311220,13,055,01,#,4,#,0.157
1311220004,2005,1311220,13,055,01,#,3.14,#,0.161
1311220007,2005,1311220,13,055,01,#,3.54,#,0.155
1311220010,2005,1311220,13,055,01,#,2.67,#,0.203
1311220013,2005,1311220,13,055,01,#,3.12,#,0.078
1311220016,2005,1311220,13,055,01,#,3.18,#,0.107
1311220019,2005,1311220,13,055,01,#,3.37,#,0.108
1311220022,2005,1311220,13,055,01,#,3.93,#,0.137
1311220025,2005,1311220,13,055,01,#,3.7,#,0.157
1311220028,2005,1311220,13,055,01,#,2.85,#,0.178
1311220031,2005,1311220,13,055,01,#,3.86,#,0.197
1311220034,2005,1311220,13,055,01,#,3.83,#,0.141
1311230001,2005,1311230,13,029,51,#,1.44,#,0.045
1311230002,2005,1311230,13,029,51,#,0.87,#,0.063
1311230003,2005,1311230,13,029,51,#,1.85,#,0.068
1311230004,2005,1311230,13,029,51,#,1.76,#,0.113
1311230005,2005,1311230,13,029,51,#,1.41,#,0.057
1311230006,2005,1311230,13,029,51,#,1.26,#,0.062
1311230007,2005,1311230,13,029,51,#,2.44,#,0.151
1311230008,2005,1311230,13,029,51,#,2.13,#,0.081
1311230009,2005,1311230,13,029,51,#,2.07,#,0.137
1311230010,2005,1311230,13,029,51,#,2.09,#,0.149
1311230011,2005,1311230,13,029,51,#,1.89,#,0.09
1311230012,2005,1311230,13,029,51,#,2.29,#,0.056
1311260001,2005,1311260,13,222,01,#,8.28,#,0.104
1311260004,2005,1311260,13,222,01,#,9.73,#,0.093
1311260007,2005,1311260,13,222,01,#,7.91,#,0.229
1311260010,2005,1311260,13,222,01,#,7.39,#,0.676
1311260013,2005,1311260,13,222,01,#,8.44,#,0.045
1311260016,2005,1311260,13,222,01,#,8.61,#,0.056
1311260019,2005,1311260,13,222,01,#,9.3,#,0.073
1311260022,2005,1311260,13,222,01,#,8.35,#,0.064
1311260025,2005,1311260,13,222,01,#,10,#,0.121
1311260028,2005,1311260,13,222,01,#,9.43,#,0.085
1311260031,2005,1311260,13,222,01,#,10.6,#,0.257
1311260034,2005,1311260,13,222,01,#,9.69,#,0.581
1311270001,2005,1311270,13,047,01,#,6.55,#,0.614
1311270004,2005,1311270,13,047,01,#,4.91,#,0.503
1311270007,2005,1311270,13,047,01,#,5.72,#,0.69
1311270010,2005,1311270,13,047,01,#,5.44,#,0.413
1311270013,2005,1311270,13,047,01,#,5.75,#,0.526
1311270016,2005,1311270,13,047,01,#,6.75,#,0.54
1311270019,2005,1311270,13,047,01,#,4.56,#,0.436
1311270022,2005,1311270,13,047,01,#,5.27,#,0.474
1311270025,2005,1311270,13,047,01,#,5.38,#,0.34
1311270028,2005,1311270,13,047,01,#,5.75,#,0.351
1311270031,2005,1311270,13,047,01,#,5.59,#,0.424
1311270034,2005,1311270,13,047,01,#,8.26,#,0.81
1311280001,2005,1311280,13,040,01,#,4.91,#,0.287
1311280004,2005,1311280,13,040,01,#,3.96,#,0.298
1311280007,2005,1311280,13,040,01,#,3.18,#,0.307
1311280010,2005,1311280,13,040,01,#,3.89,#,0.355
1311280013,2005,1311280,13,040,01,#,3.93,#,0.379
1311280016,2005,1311280,13,040,01,#,4.13,#,0.352
1311280019,2005,1311280,13,040,01,#,3.86,#,0.252
1311280022,2005,1311280,13,040,01,#,3.25,#,0.217
1311280025,2005,1311280,13,040,01,#,5.19,#,0.223
1311280028,2005,1311280,13,040,01,#,4.96,#,0.195
1311280031,2005,1311280,13,040,01,#,4.9,#,0.173
1311280034,2005,1311280,13,040,01,#,4.93,#,0.178
1311290001,2005,1311290,13,045,01,#,5.8,#,0.304
1311290004,2005,1311290,13,045,01,#,4.39,#,0.249
1311290007,2005,1311290,13,045,01,#,3.83,#,0.365
1311290010,2005,1311290,13,045,01,#,4.51,#,0.355
1311290013,2005,1311290,13,045,01,#,4.7,#,0.283
1311290016,2005,1311290,13,045,01,#,5.15,#,0.329
1311290019,2005,1311290,13,045,01,#,3.93,#,0.217
1311290022,2005,1311290,13,045,01,#,4.19,#,0.193
1311290025,2005,1311290,13,045,01,#,6.07,#,0.267
1311290028,2005,1311290,13,045,01,#,5.18,#,0.223
1311290031,2005,1311290,13,045,01,#,6.79,#,0.239
1311290034,2005,1311290,13,045,01,#,7.67,#,0.318
1311300001,2005,1311300,13,048,01,#,4.88,#,0.356
1311300004,2005,1311300,13,048,01,#,4.76,#,0.323
1311300007,2005,1311300,13,048,01,#,3.15,#,0.278
1311300010,2005,1311300,13,048,01,#,3.34,#,0.375
1311300013,2005,1311300,13,048,01,#,4.83,#,0.315
1311300016,2005,1311300,13,048,01,#,3.5,#,0.283
1311300019,2005,1311300,13,048,01,#,3.9,#,0.252
1311300022,2005,1311300,13,048,01,#,3.36,#,0.232
1311300025,2005,1311300,13,048,01,#,4.79,#,0.214
1311300028,2005,1311300,13,048,01,#,3.87,#,0.177
1311300031,2005,1311300,13,048,01,#,4.73,#,0.183
1311300034,2005,1311300,13,048,01,#,6.37,#,0.208
1311310001,2005,1311310,13,046,01,#,5.71,#,0.296
1311310004,2005,1311310,13,046,01,#,4.94,#,0.271
1311310007,2005,1311310,13,046,01,#,6.64,#,0.396
1311310010,2005,1311310,13,046,01,#,4.64,#,0.368
1311310013,2005,1311310,13,046,01,#,4.61,#,0.286
1311310016,2005,1311310,13,046,01,#,5.07,#,0.222
1311310019,2005,1311310,13,046,01,#,4.3,#,0.219
1311310022,2005,1311310,13,046,01,#,4.8,#,0.204
1311310025,2005,1311310,13,046,01,#,4.61,#,0.216
1311310028,2005,1311310,13,046,01,#,5.8,#,0.246
1311310031,2005,1311310,13,046,01,#,4.93,#,0.197
1311310034,2005,1311310,13,046,01,#,7.66,#,0.308
1311320001,2005,1311320,13,057,01,#,1.07,#,0.02
1311320003,2005,1311320,13,057,01,#,0.97,#,0.034
1311320005,2005,1311320,13,057,01,#,1.22,#,0.021
1311320007,2005,1311320,13,057,01,#,1.32,#,0.019
1311320009,2005,1311320,13,057,01,#,1.18,#,0.018
1311320011,2005,1311320,13,057,01,#,1.07,#,0.013
1311320013,2005,1311320,13,057,01,#,1.1,#,0.016
1311320015,2005,1311320,13,057,01,#,1.06,#,0.013
1311320017,2005,1311320,13,057,01,#,0.98,#,0.012
1311320019,2005,1311320,13,057,01,#,0.89,#,0.015
1311320021,2005,1311320,13,057,01,#,1.23,#,0.011
1311320023,2005,1311320,13,057,01,#,1.46,#,0.014
1311330001,2005,1311330,13,058,01,#,1.35,#,0.018
1311330003,2005,1311330,13,058,01,#,1.1,#,0.024
1311330005,2005,1311330,13,058,01,#,1.37,#,0.024
1311330007,2005,1311330,13,058,01,#,1.47,#,0.022
1311330009,2005,1311330,13,058,01,#,1.27,#,0.021
1311330011,2005,1311330,13,058,01,#,1.26,#,0.02
1311330013,2005,1311330,13,058,01,#,1.38,#,0.021
1311330015,2005,1311330,13,058,01,#,1.33,#,0.016
1311330017,2005,1311330,13,058,01,#,1.17,#,0.014
1311330019,2005,1311330,13,058,01,#,1.07,#,0.011
1311330021,2005,1311330,13,058,01,#,1.31,#,0.014
1311330023,2005,1311330,13,058,01,#,1.53,#,0.014
1311340001,2005,1311340,13,053,01,#,4.28,#,0.23
1311340004,2005,1311340,13,053,01,#,4.11,#,0.341
1311340007,2005,1311340,13,053,01,#,3.74,#,0.157
1311340010,2005,1311340,13,053,01,#,2.59,#,0.135
1311340013,2005,1311340,13,053,01,#,4.14,#,0.128
1311340016,2005,1311340,13,053,01,#,3.04,#,0.148
1311340019,2005,1311340,13,053,01,#,2.58,#,0.115
1311340022,2005,1311340,13,053,01,#,4.12,#,0.19
1311340025,2005,1311340,13,053,01,#,5.28,#,0.362
1311340028,2005,1311340,13,053,01,#,5.56,#,0.473
1311340031,2005,1311340,13,053,01,#,5.67,#,0.389
1311340034,2005,1311340,13,053,01,#,3.41,#,0.151
1311350001,2005,1311350,13,051,01,#,1.53,#,0.038
1311350003,2005,1311350,13,051,01,#,1.16,#,0.042
1311350005,2005,1311350,13,051,01,#,1.64,#,0.036
1311350007,2005,1311350,13,051,01,#,1.2,#,0.078
1311350009,2005,1311350,13,051,01,#,1.44,#,0.034
1311350011,2005,1311350,13,051,01,#,1.2,#,0.432
1311350013,2005,1311350,13,051,01,#,2.4,#,0.032
1311350015,2005,1311350,13,051,01,#,1.6,#,0.038
1311350017,2005,1311350,13,051,01,#,1.74,#,0.05
1311350019,2005,1311350,13,051,01,#,1.62,#,0.044
1311350021,2005,1311350,13,051,01,#,1.82,#,0.048
1311350023,2005,1311350,13,051,01,#,1.48,#,0.043
1311360001,2005,1311360,13,052,01,#,3.11,#,0.166
1311360003,2005,1311360,13,052,01,#,3.64,#,0.267
1311360005,2005,1311360,13,052,01,#,2.89,#,0.172
1311360007,2005,1311360,13,052,01,#,3.48,#,0.121
1311360009,2005,1311360,13,052,01,#,2.44,#,0.142
1311360011,2005,1311360,13,052,01,#,3.08,#,0.12
1311360013,2005,1311360,13,052,01,#,2.98,#,0.116
1311360015,2005,1311360,13,052,01,#,3.77,#,0.159
1311360017,2005,1311360,13,052,01,#,3.53,#,0.149
1311360019,2005,1311360,13,052,01,#,4.71,#,0.263
1311360021,2005,1311360,13,052,01,#,3.76,#,0.255
1311360023,2005,1311360,13,052,01,#,3.39,#,0.137
1320010001,2005,1320010,13,501,51,#,0.5,#,0.006
1320010002,2005,1320010,13,501,51,#,0.56,#,0.012
1320010003,2005,1320010,13,501,51,#,0.46,#,0.01
1320010004,2005,1320010,13,501,51,#,0.59,#,0.014
1320010005,2005,1320010,13,501,51,#,0.4,#,0.009
1320010006,2005,1320010,13,501,51,#,0.52,#,0.007
1320010007,2005,1320010,13,501,51,#,0.36,#,0.008
1320010008,2005,1320010,13,501,51,#,0.58,#,0.009
1320010009,2005,1320010,13,501,51,#,0.38,#,0.011
1320010010,2005,1320010,13,501,51,#,0.59,#,0.008
1320010011,2005,1320010,13,501,51,#,0.52,#,0.015
1320010012,2005,1320010,13,501,51,#,0.54,#,0.008
1320010013,2005,1320010,13,501,51,#,0.46,#,0.014
1320010014,2005,1320010,13,501,51,#,0.59,#,0.008
1320010015,2005,1320010,13,501,51,#,0.51,#,0.008
1320010016,2005,1320010,13,501,51,#,0.6,#,0.007
1320010017,2005,1320010,13,501,51,#,0.47,#,0.008
1320010018,2005,1320010,13,501,51,#,0.65,#,0.008
1320010019,2005,1320010,13,501,51,#,0.49,#,0.006
1320010020,2005,1320010,13,501,51,#,0.54,#,0.011
1320010021,2005,1320010,13,501,51,#,0.51,#,0.005
1320010022,2005,1320010,13,501,51,#,0.52,#,0.013
1320010023,2005,1320010,13,501,51,#,0.52,#,0.007
1320010024,2005,1320010,13,501,51,#,0.71,#,0.012
1320020001,2005,1320020,13,501,01,#,0.51,#,0.005
1320020002,2005,1320020,13,501,01,#,0.51,#,0.006
1320020003,2005,1320020,13,501,01,#,0.48,#,0.007
1320020004,2005,1320020,13,501,01,#,0.56,#,0.006
1320020005,2005,1320020,13,501,01,#,0.53,#,0.004
1320020006,2005,1320020,13,501,01,#,0.53,#,0.007
1320020007,2005,1320020,13,501,01,#,0.4,#,0.004
1320020008,2005,1320020,13,501,01,#,0.5,#,0.004
1320020009,2005,1320020,13,501,01,#,0.5,#,0.005
1320020010,2005,1320020,13,501,01,#,0.34,#,0.007
1320020011,2005,1320020,13,501,01,#,0.54,#,0.004
1320020012,2005,1320020,13,501,01,#,0.44,#,0.009
1320020013,2005,1320020,13,501,01,#,0.39,#,0.009
1320020014,2005,1320020,13,501,01,#,0.53,#,0.009
1320020015,2005,1320020,13,501,01,#,0.34,#,0.013
1320020016,2005,1320020,13,501,01,#,0.46,#,0.011
1320020017,2005,1320020,13,501,01,#,0.5,#,0.003
1320020018,2005,1320020,13,501,01,#,0.35,#,0.01
1320020019,2005,1320020,13,501,01,#,0.5,#,0.011
1320020020,2005,1320020,13,501,01,#,0.5,#,0.003
1320020021,2005,1320020,13,501,01,#,0.31,#,0.012
1320020022,2005,1320020,13,501,01,#,0.54,#,0.007
1320020023,2005,1320020,13,501,01,#,0.49,#,0.003
1320020024,2005,1320020,13,501,01,#,0.26,#,0.011
1320020025,2005,1320020,13,501,01,#,0.53,#,0.009
1320020026,2005,1320020,13,501,01,#,0.48,#,0.004
1320020027,2005,1320020,13,501,01,#,0.32,#,0.015
1320020028,2005,1320020,13,501,01,#,0.51,#,0.004
1320020029,2005,1320020,13,501,01,#,0.52,#,0.006
1320020030,2005,1320020,13,501,01,#,0.27,#,0.01
1320020031,2005,1320020,13,501,01,#,0.47,#,0.005
1320020032,2005,1320020,13,501,01,#,0.49,#,0.005
1320020033,2005,1320020,13,501,01,#,0.58,#,0.016
1320020034,2005,1320020,13,501,01,#,0.48,#,0.005
1320020035,2005,1320020,13,501,01,#,0.49,#,0.005
1320020036,2005,1320020,13,501,01,#,0.55,#,0.01
1330010001,2005,1330010,13,601,01,#,2.35,#,0.124
1330010002,2005,1330010,13,601,01,#,0.56,#,0.089
1330010003,2005,1330010,13,601,01,#,2.87,#,0.182
1330010004,2005,1330010,13,601,01,#,0.9,#,0.125
1330010005,2005,1330010,13,601,01,#,2.41,#,0.267
1330010006,2005,1330010,13,601,01,#,0.92,#,0.149
1330010007,2005,1330010,13,601,01,#,3.06,#,0.297
1330010008,2005,1330010,13,601,01,#,0.83,#,0.21
1330010009,2005,1330010,13,601,01,#,3.95,#,0.288
1330010010,2005,1330010,13,601,01,#,0.91,#,0.221
1330010012,2005,1330010,13,601,01,#,3.31,#,0.247
1330010013,2005,1330010,13,601,01,#,0.76,#,0.195
1330010014,2005,1330010,13,601,01,#,3.18,#,0.191
1330010015,2005,1330010,13,601,01,#,0.72,#,0.142
1330010016,2005,1330010,13,601,01,#,2.52,#,0.158
1330010017,2005,1330010,13,601,01,#,0.8,#,0.087
1330010018,2005,1330010,13,601,01,#,1.72,#,0.121
1330010019,2005,1330010,13,601,01,#,0.76,#,0.077
1330010020,2005,1330010,13,601,01,#,1.6,#,0.102
1330010021,2005,1330010,13,601,01,#,0.94,#,0.063
1330010022,2005,1330010,13,601,01,#,2.26,#,0.119
1330010023,2005,1330010,13,601,01,#,1.08,#,0.057
1330010025,2005,1330010,13,601,01,#,2.39,#,0.139
1330010026,2005,1330010,13,601,01,#,0.84,#,0.063
1330020001,2005,1330020,13,601,02,#,1.2,#,0.17
1330020002,2005,1330020,13,601,02,#,0.64,#,0.086
1330020003,2005,1330020,13,601,02,#,1.7,#,0.183
1330020004,2005,1330020,13,601,02,#,1.05,#,0.167
1330020005,2005,1330020,13,601,02,#,1.94,#,0.2
1330020006,2005,1330020,13,601,02,#,0.81,#,0.156
1330020007,2005,1330020,13,601,02,#,2.16,#,0.27
1330020008,2005,1330020,13,601,02,#,0.81,#,0.207
1330020009,2005,1330020,13,601,02,#,2.08,#,0.187
1330020010,2005,1330020,13,601,02,#,0.86,#,0.225
1330020012,2005,1330020,13,601,02,#,1.26,#,0.186
1330020013,2005,1330020,13,601,02,#,0.7,#,0.142
1330020014,2005,1330020,13,601,02,#,1.86,#,0.175
1330020015,2005,1330020,13,601,02,#,0.78,#,0.137
1330020016,2005,1330020,13,601,02,#,1.57,#,0.115
1330020017,2005,1330020,13,601,02,#,0.62,#,0.082
1330020019,2005,1330020,13,601,02,#,1.08,#,0.095
1330020020,2005,1330020,13,601,02,#,0.73,#,0.073
1330020021,2005,1330020,13,601,02,#,2.1,#,0.155
1330020022,2005,1330020,13,601,02,#,0.96,#,0.076
1330020023,2005,1330020,13,601,02,#,1.62,#,0.099
1330020024,2005,1330020,13,601,02,#,1.02,#,0.067
1330020026,2005,1330020,13,601,02,#,1.65,#,0.074
1330020027,2005,1330020,13,601,02,#,0.78,#,0.051
1330030001,2005,1330030,13,601,03,#,1.86,#,0.168
1330030002,2005,1330030,13,601,03,#,0.51,#,0.078
1330030003,2005,1330030,13,601,03,#,2.81,#,0.091
1330030004,2005,1330030,13,601,03,#,0.71,#,0.132
1330030005,2005,1330030,13,601,03,#,2.47,#,0.343
1330030006,2005,1330030,13,601,03,#,0.91,#,0.091
1330030007,2005,1330030,13,601,03,#,2.16,#,0.299
1330030008,2005,1330030,13,601,03,#,0.48,#,0.156
1330030009,2005,1330030,13,601,03,#,2.56,#,0.234
1330030010,2005,1330030,13,601,03,#,0.77,#,0.199
1330030012,2005,1330030,13,601,03,#,3.14,#,0.245
1330030013,2005,1330030,13,601,03,#,0.7,#,0.176
1330030014,2005,1330030,13,601,03,#,3.02,#,0.175
1330030015,2005,1330030,13,601,03,#,0.6,#,0.117
1330030016,2005,1330030,13,601,03,#,2.23,#,0.151
1330030017,2005,1330030,13,601,03,#,0.41,#,0.071
1330030019,2005,1330030,13,601,03,#,1.8,#,0.123
1330030020,2005,1330030,13,601,03,#,0.54,#,0.057
1330030021,2005,1330030,13,601,03,#,1.95,#,0.125
1330030022,2005,1330030,13,601,03,#,0.76,#,0.055
1330030023,2005,1330030,13,601,03,#,2.44,#,0.13
1330030024,2005,1330030,13,601,03,#,0.82,#,0.058
1330030026,2005,1330030,13,601,03,#,2.31,#,0.123
1330030027,2005,1330030,13,601,03,#,0.68,#,0.044
1330040001,2005,1330040,13,601,04,#,4.13,#,0.763
1330040002,2005,1330040,13,601,04,#,0.86,#,0.073
1330040003,2005,1330040,13,601,04,#,3.56,#,0.439
1330040004,2005,1330040,13,601,04,#,1.14,#,0.155
1330040005,2005,1330040,13,601,04,#,5.58,#,0.561
1330040006,2005,1330040,13,601,04,#,1.82,#,0.232
1330040007,2005,1330040,13,601,04,#,2.66,#,0.428
1330040008,2005,1330040,13,601,04,#,1.51,#,0.239
1330040010,2005,1330040,13,601,04,#,2.97,#,0.379
1330040011,2005,1330040,13,601,04,#,1.38,#,0.23
1330040012,2005,1330040,13,601,04,#,4.7,#,0.485
1330040013,2005,1330040,13,601,04,#,1.59,#,0.204
1330040014,2005,1330040,13,601,04,#,4.36,#,0.476
1330040015,2005,1330040,13,601,04,#,1,#,0.162
1330040016,2005,1330040,13,601,04,#,3.63,#,0.262
1330040017,2005,1330040,13,601,04,#,1.45,#,0.118
1330040018,2005,1330040,13,601,04,#,2.63,#,0.247
1330040019,2005,1330040,13,601,04,#,1.19,#,0.115
1330040020,2005,1330040,13,601,04,#,2.94,#,0.213
1330040021,2005,1330040,13,601,04,#,1.85,#,0.123
1330040022,2005,1330040,13,601,04,#,3.09,#,0.297
1330040023,2005,1330040,13,601,04,#,1.53,#,0.099
1330040025,2005,1330040,13,601,04,#,4.65,#,0.325
1330040026,2005,1330040,13,601,04,#,1.51,#,0.094
1330050001,2005,1330050,13,601,51,#,3.34,#,0.207
1330050002,2005,1330050,13,601,51,#,1.94,#,0.259
1330050003,2005,1330050,13,601,51,#,1.7,#,0.112
1330050004,2005,1330050,13,601,51,#,1.42,#,0.092
1330060001,2005,1330060,13,601,52,#,4.04,#,0.306
1330060002,2005,1330060,13,601,52,#,0.88,#,0.23
1330060003,2005,1330060,13,601,52,#,2.01,#,0.129
1330060004,2005,1330060,13,601,52,#,0.97,#,0.067
1330070001,2005,1330070,13,601,53,#,2.2,#,0.306
1330070002,2005,1330070,13,601,53,#,1.02,#,0.196
1330070003,2005,1330070,13,601,53,#,2.01,#,0.16
1330070004,2005,1330070,13,601,53,#,1.39,#,0.108
1330080001,2005,1330080,13,601,54,#,2.87,#,0.21
1330080002,2005,1330080,13,601,54,#,1.34,#,0.187
1330080003,2005,1330080,13,601,54,#,1.6,#,0.113
1330080004,2005,1330080,13,601,54,#,1.43,#,0.108
1330090001,2005,1330090,13,601,55,#,2.1,#,0.221
1330090002,2005,1330090,13,601,55,#,0.92,#,0.259
1330090003,2005,1330090,13,601,55,#,2,#,0.12
1330090004,2005,1330090,13,601,55,#,0.93,#,0.07
1330110001,2005,1330110,13,601,57,#,2.55,#,0.221
1330110002,2005,1330110,13,601,57,#,1,#,0.134
1330110003,2005,1330110,13,601,57,#,3.79,#,0.287
1330110004,2005,1330110,13,601,57,#,3.96,#,0.309
1330120001,2005,1330120,13,601,58,#,4.78,#,0.66
1330120003,2005,1330120,13,601,58,#,6.65,#,0.833
1330130001,2005,1330130,13,601,59,#,5.27,#,0.685
1330130003,2005,1330130,13,601,59,#,5.25,#,0.795
1330130005,2005,1330130,13,601,59,#,5.99,#,0.503
1330130007,2005,1330130,13,601,59,#,6.11,#,0.977
1330130009,2005,1330130,13,601,59,#,6.3,#,0.946
1330130011,2005,1330130,13,601,59,#,6.05,#,0.447
1330130013,2005,1330130,13,601,59,#,5.73,#,0.668
1330130015,2005,1330130,13,601,59,#,6.05,#,0.734
1330130017,2005,1330130,13,601,59,#,6.18,#,0.794
1330130019,2005,1330130,13,601,59,#,9.02,#,1.04
1330130021,2005,1330130,13,601,59,#,7.03,#,0.513
1330130023,2005,1330130,13,601,59,#,8.45,#,0.555
1330150001,2005,1330150,13,601,61,#,4.54,#,0.509
1330150003,2005,1330150,13,601,61,#,2.78,#,0.581
1330150005,2005,1330150,13,601,61,#,3.47,#,0.634
1330150007,2005,1330150,13,601,61,#,3.12,#,0.375
1330150009,2005,1330150,13,601,61,#,3.95,#,0.578
1330150011,2005,1330150,13,601,61,#,4.14,#,0.355
1330150013,2005,1330150,13,601,61,#,5.16,#,0.737
1330150015,2005,1330150,13,601,61,#,3.44,#,0.379
1330150017,2005,1330150,13,601,61,#,3.69,#,0.407
1330150019,2005,1330150,13,601,61,#,5.9,#,0.614
1330150021,2005,1330150,13,601,61,#,5.02,#,0.362
1330150023,2005,1330150,13,601,61,#,5.45,#,0.337
1330170001,2005,1330170,13,601,63,#,4.9,#,0.413
1330170003,2005,1330170,13,601,63,#,3.33,#,0.232
1330180001,2005,1330180,13,601,64,#,3.51,#,0.345
1330180003,2005,1330180,13,601,64,#,2.95,#,0.305
1330180005,2005,1330180,13,601,64,#,4.5,#,0.427
1330180007,2005,1330180,13,601,64,#,4.78,#,0.571
1330180009,2005,1330180,13,601,64,#,3.57,#,0.509
1330180011,2005,1330180,13,601,64,#,3.18,#,0.22
1330180013,2005,1330180,13,601,64,#,3.69,#,0.232
1330180015,2005,1330180,13,601,64,#,2.56,#,0.182
1330180017,2005,1330180,13,601,64,#,2.8,#,0.159
1330180019,2005,1330180,13,601,64,#,2.87,#,0.18
1330180021,2005,1330180,13,601,64,#,3.25,#,0.177
1330180023,2005,1330180,13,601,64,#,3.57,#,0.178
1330190001,2005,1330190,13,601,65,#,4.39,#,0.522
1330190003,2005,1330190,13,601,65,#,3.39,#,0.393
1330210001,2005,1330210,13,601,67,#,3.82,#,0.419
1330210003,2005,1330210,13,601,67,#,2.9,#,0.211
1330220001,2005,1330220,13,601,68,#,4.07,#,0.323
1330220003,2005,1330220,13,601,68,#,3.44,#,0.261
1330230001,2005,1330230,13,601,69,#,2.95,#,0.269
1330230003,2005,1330230,13,601,69,#,2.86,#,0.278
1330230005,2005,1330230,13,601,69,#,3.49,#,0.343
1330230007,2005,1330230,13,601,69,#,3.44,#,0.299
1330230009,2005,1330230,13,601,69,#,3.44,#,0.339
1330230011,2005,1330230,13,601,69,#,3.76,#,0.2
1330230013,2005,1330230,13,601,69,#,4.2,#,0.219
1330230015,2005,1330230,13,601,69,#,2.52,#,0.153
1330230017,2005,1330230,13,601,69,#,3.95,#,0.185
1330230019,2005,1330230,13,601,69,#,2.93,#,0.315
1330230021,2005,1330230,13,601,69,#,3.37,#,0.151
1330230023,2005,1330230,13,601,69,#,2.95,#,0.134
1330240001,2005,1330240,13,601,70,#,2.51,#,0.271
1330240003,2005,1330240,13,601,70,#,2.74,#,0.325
1330240005,2005,1330240,13,601,70,#,3.73,#,0.423
1330240007,2005,1330240,13,601,70,#,3.82,#,0.419
1330240009,2005,1330240,13,601,70,#,4.2,#,0.567
1330240011,2005,1330240,13,601,70,#,2.87,#,0.202
1330240013,2005,1330240,13,601,70,#,2.23,#,0.177
1330240015,2005,1330240,13,601,70,#,2.61,#,0.2
1330240017,2005,1330240,13,601,70,#,1.72,#,0.121
1330240019,2005,1330240,13,601,70,#,2.34,#,0.268
1330240021,2005,1330240,13,601,70,#,2.88,#,0.158
1330240023,2005,1330240,13,601,70,#,3.16,#,0.201
1330250001,2005,1330250,13,601,71,#,4.14,#,0.402
1330250003,2005,1330250,13,601,71,#,1.81,#,0.238
1330260001,2005,1330260,13,601,72,#,2.12,#,0.2
1330260003,2005,1330260,13,601,72,#,2.88,#,0.193
1330260005,2005,1330260,13,601,72,#,2.56,#,0.412
1330260007,2005,1330260,13,601,72,#,3.18,#,0.303
1330260009,2005,1330260,13,601,72,#,2.87,#,0.301
1330260011,2005,1330260,13,601,72,#,2.48,#,0.184
1330260013,2005,1330260,13,601,72,#,2.1,#,0.166
1330260015,2005,1330260,13,601,72,#,1.86,#,0.122
1330260017,2005,1330260,13,601,72,#,2.1,#,0.148
1330260019,2005,1330260,13,601,72,#,2.22,#,0.237
1330260021,2005,1330260,13,601,72,#,1.98,#,0.099
1330260023,2005,1330260,13,601,72,#,1.96,#,0.078
1330280001,2005,1330280,13,601,74,#,7.2,#,0.445
1330280003,2005,1330280,13,601,74,#,6.42,#,0.307
1330280005,2005,1330280,13,601,74,#,6.14,#,0.392
1330280007,2005,1330280,13,601,74,#,9.3,#,0.558
1330280009,2005,1330280,13,601,74,#,7.32,#,0.848
1330280011,2005,1330280,13,601,74,#,11.7,#,0.881
1330280013,2005,1330280,13,601,74,#,8.47,#,0.593
1330280015,2005,1330280,13,601,74,#,14,#,0.852
1330280017,2005,1330280,13,601,74,#,15.6,#,0.686
1330280019,2005,1330280,13,601,74,#,12.1,#,0.926
1330280021,2005,1330280,13,601,74,#,16.4,#,0.412
1330280023,2005,1330280,13,601,74,#,16,#,1.2
1330290001,2005,1330290,13,601,75,#,4.25,#,0.409
1330290003,2005,1330290,13,601,75,#,6.05,#,0.24
1330290005,2005,1330290,13,601,75,#,3.71,#,0.405
1330290007,2005,1330290,13,601,75,#,7.39,#,0.506
1330290009,2005,1330290,13,601,75,#,6.24,#,0.803
1330290011,2005,1330290,13,601,75,#,6.05,#,0.544
1330290013,2005,1330290,13,601,75,#,5.67,#,0.473
1330290015,2005,1330290,13,601,75,#,6.05,#,0.415
1330290017,2005,1330290,13,601,75,#,6.75,#,0.433
1330290019,2005,1330290,13,601,75,#,3.77,#,0.445
1330290021,2005,1330290,13,601,75,#,7.93,#,0.267
1330290023,2005,1330290,13,601,75,#,8.47,#,0.674
1330300001,2005,1330300,13,601,76,#,7.82,#,0.759
1330300003,2005,1330300,13,601,76,#,5.37,#,0.407
1330300005,2005,1330300,13,601,76,#,7.9,#,0.657
1330300007,2005,1330300,13,601,76,#,14.1,#,0.868
1330300009,2005,1330300,13,601,76,#,10.9,#,1.83
1330300011,2005,1330300,13,601,76,#,14.4,#,0.782
1330300013,2005,1330300,13,601,76,#,11.7,#,0.487
1330300015,2005,1330300,13,601,76,#,14.6,#,1.01
1330300017,2005,1330300,13,601,76,#,15.1,#,0.648
1330300019,2005,1330300,13,601,76,#,15.2,#,0.862
1330300021,2005,1330300,13,601,76,#,17.8,#,0.695
1330300023,2005,1330300,13,601,76,#,8.56,#,0.612
1330320001,2005,1330320,13,601,78,#,4.77,#,0.679
1330320003,2005,1330320,13,601,78,#,4.32,#,0.316
1330320005,2005,1330320,13,601,78,#,4.58,#,0.78
1330320007,2005,1330320,13,601,78,#,8.02,#,0.448
1330320009,2005,1330320,13,601,78,#,5.41,#,0.634
1330320011,2005,1330320,13,601,78,#,3.82,#,0.402
1330320013,2005,1330320,13,601,78,#,5.41,#,0.407
1330320015,2005,1330320,13,601,78,#,3.44,#,0.295
1330320017,2005,1330320,13,601,78,#,6.88,#,0.569
1330320019,2005,1330320,13,601,78,#,4.53,#,0.348
1330320021,2005,1330320,13,601,78,#,3.65,#,0.179
1330320023,2005,1330320,13,601,78,#,3.74,#,0.319
1330330001,2005,1330330,13,601,79,#,2.93,#,0.221
1330330003,2005,1330330,13,601,79,#,5.23,#,0.534
1330340001,2005,1330340,13,601,80,#,6.04,#,0.792
1330340003,2005,1330340,13,601,80,#,5.09,#,0.623
1330340005,2005,1330340,13,601,80,#,4.99,#,1.06
1330340007,2005,1330340,13,601,80,#,6.49,#,0.62
1330340009,2005,1330340,13,601,80,#,7.7,#,0.941
1330340011,2005,1330340,13,601,80,#,9.81,#,0.923
1330340013,2005,1330340,13,601,80,#,9.1,#,0.546
1330340015,2005,1330340,13,601,80,#,6.62,#,0.555
1330340017,2005,1330340,13,601,80,#,10,#,0.759
1330340019,2005,1330340,13,601,80,#,7.16,#,0.597
1330340021,2005,1330340,13,601,80,#,14.4,#,1.42
1330340023,2005,1330340,13,601,80,#,2.34,#,0.183
1330350001,2005,1330350,13,601,81,#,7.33,#,1.1
1330350003,2005,1330350,13,601,81,#,4.17,#,1.17
1330350005,2005,1330350,13,601,81,#,3.42,#,0.837
1330350007,2005,1330350,13,601,81,#,5.86,#,0.598
1330350009,2005,1330350,13,601,81,#,6.75,#,0.616
1330350011,2005,1330350,13,601,81,#,10.2,#,0.941
1330350013,2005,1330350,13,601,81,#,8.72,#,0.712
1330350015,2005,1330350,13,601,81,#,9.17,#,0.817
1330350017,2005,1330350,13,601,81,#,10.7,#,0.905
1330350019,2005,1330350,13,601,81,#,11.1,#,0.998
1330350021,2005,1330350,13,601,81,#,10.8,#,0.965
1330350023,2005,1330350,13,601,81,#,4.52,#,0.417
1330370001,2005,1330370,13,602,01,#,2.69,#,0.137
1330370002,2005,1330370,13,602,01,#,0.72,#,0.064
1330370003,2005,1330370,13,602,01,#,3.42,#,0.198
1330370004,2005,1330370,13,602,01,#,1.22,#,0.142
1330370005,2005,1330370,13,602,01,#,2.46,#,0.225
1330370006,2005,1330370,13,602,01,#,1.43,#,0.116
1330370007,2005,1330370,13,602,01,#,2.1,#,0.17
1330370008,2005,1330370,13,602,01,#,0.7,#,0.103
1330370009,2005,1330370,13,602,01,#,2.75,#,0.203
1330370010,2005,1330370,13,602,01,#,0.98,#,0.138
1330370012,2005,1330370,13,602,01,#,2.2,#,0.157
1330370013,2005,1330370,13,602,01,#,1.19,#,0.108
1330370014,2005,1330370,13,602,01,#,2.71,#,0.186
1330370015,2005,1330370,13,602,01,#,0.89,#,0.103
1330370016,2005,1330370,13,602,01,#,1.14,#,0.087
1330370017,2005,1330370,13,602,01,#,0.69,#,0.078
1330370018,2005,1330370,13,602,01,#,1.02,#,0.104
1330370019,2005,1330370,13,602,01,#,0.7,#,0.081
1330370020,2005,1330370,13,602,01,#,0.99,#,0.052
1330370021,2005,1330370,13,602,01,#,0.83,#,0.045
1330370022,2005,1330370,13,602,01,#,2.53,#,0.121
1330370023,2005,1330370,13,602,01,#,1.51,#,0.099
1330370025,2005,1330370,13,602,01,#,1.14,#,0.048
1330370026,2005,1330370,13,602,01,#,0.97,#,0.045
1330380001,2005,1330380,13,602,51,#,1.66,#,0.107
1330380002,2005,1330380,13,602,51,#,0.35,#,0.098
1330380003,2005,1330380,13,602,51,#,1.76,#,0.083
1330380004,2005,1330380,13,602,51,#,0.82,#,0.049
1330390001,2005,1330390,13,602,52,#,1.31,#,0.161
1330390002,2005,1330390,13,602,52,#,0.3,#,0.094
1330390003,2005,1330390,13,602,52,#,0.76,#,0.059
1330390004,2005,1330390,13,602,52,#,0.77,#,0.042
1330400001,2005,1330400,13,602,53,#,2.32,#,0.234
1330400002,2005,1330400,13,602,53,#,0.91,#,0.156
1330400003,2005,1330400,13,602,53,#,2.53,#,0.153
1330400004,2005,1330400,13,602,53,#,1.17,#,0.073
1330410001,2005,1330410,13,602,55,#,1.45,#,0.232
1330410002,2005,1330410,13,602,55,#,0.48,#,0.185
1330410003,2005,1330410,13,602,55,#,1.53,#,0.09
1330410004,2005,1330410,13,602,55,#,1.42,#,0.084
1330420001,2005,1330420,13,602,56,#,1.62,#,0.172
1330420002,2005,1330420,13,602,56,#,0.53,#,0.132
1330420003,2005,1330420,13,602,56,#,2.11,#,0.144
1330420004,2005,1330420,13,602,56,#,0.66,#,0.071
1330440001,2005,1330440,13,603,01,#,0.79,#,0.057
1330440002,2005,1330440,13,603,01,#,0.49,#,0.053
1330440003,2005,1330440,13,603,01,#,1.6,#,0.128
1330440004,2005,1330440,13,603,01,#,0.44,#,0.047
1330440005,2005,1330440,13,603,01,#,0.67,#,0.127
1330440006,2005,1330440,13,603,01,#,0.54,#,0.083
1330440007,2005,1330440,13,603,01,#,0.97,#,0.107
1330440008,2005,1330440,13,603,01,#,0.32,#,0.123
1330440009,2005,1330440,13,603,01,#,1.54,#,0.143
1330440010,2005,1330440,13,603,01,#,0.64,#,0.156
1330440012,2005,1330440,13,603,01,#,1.05,#,0.146
1330440013,2005,1330440,13,603,01,#,0.54,#,0.054
1330440014,2005,1330440,13,603,01,#,1.25,#,0.081
1330440015,2005,1330440,13,603,01,#,0.65,#,0.112
1330440016,2005,1330440,13,603,01,#,0.98,#,0.067
1330440017,2005,1330440,13,603,01,#,0.42,#,0.08
1330440018,2005,1330440,13,603,01,#,0.62,#,0.057
1330440019,2005,1330440,13,603,01,#,0.43,#,0.05
1330440020,2005,1330440,13,603,01,#,0.94,#,0.071
1330440021,2005,1330440,13,603,01,#,0.7,#,0.053
1330440022,2005,1330440,13,603,01,#,1.06,#,0.072
1330440023,2005,1330440,13,603,01,#,0.69,#,0.048
1330440025,2005,1330440,13,603,01,#,0.79,#,0.034
1330440026,2005,1330440,13,603,01,#,0.83,#,0.053
1330450001,2005,1330450,13,603,02,#,2.66,#,0.235
1330450002,2005,1330450,13,603,02,#,0.48,#,0.054
1330450003,2005,1330450,13,603,02,#,1.95,#,0.108
1330450004,2005,1330450,13,603,02,#,0.7,#,0.137
1330450005,2005,1330450,13,603,02,#,2,#,0.156
1330450006,2005,1330450,13,603,02,#,0.85,#,0.089
1330450007,2005,1330450,13,603,02,#,1.53,#,0.254
1330450008,2005,1330450,13,603,02,#,0.56,#,0.152
1330450009,2005,1330450,13,603,02,#,1.51,#,0.176
1330450010,2005,1330450,13,603,02,#,0.48,#,0.161
1330450012,2005,1330450,13,603,02,#,1.29,#,0.101
1330450013,2005,1330450,13,603,02,#,0.78,#,0.11
1330450014,2005,1330450,13,603,02,#,1.81,#,0.121
1330450015,2005,1330450,13,603,02,#,0.44,#,0.108
1330450016,2005,1330450,13,603,02,#,2.01,#,0.102
1330450017,2005,1330450,13,603,02,#,0.32,#,0.06
1330450019,2005,1330450,13,603,02,#,1,#,0.079
1330450020,2005,1330450,13,603,02,#,0.49,#,0.05
1330450021,2005,1330450,13,603,02,#,0.96,#,0.057
1330450022,2005,1330450,13,603,02,#,0.56,#,0.046
1330450023,2005,1330450,13,603,02,#,1.22,#,0.066
1330450024,2005,1330450,13,603,02,#,0.74,#,0.039
1330450026,2005,1330450,13,603,02,#,1.91,#,0.093
1330450027,2005,1330450,13,603,02,#,0.68,#,0.036
1330460001,2005,1330460,13,603,51,#,1.1,#,0.165
1330460002,2005,1330460,13,603,51,#,0.19,#,0.098
1330460003,2005,1330460,13,603,51,#,1.32,#,0.063
1330460004,2005,1330460,13,603,51,#,0.81,#,0.05
1330470001,2005,1330470,13,603,52,#,1.08,#,0.194
1330470002,2005,1330470,13,603,52,#,0.37,#,0.172
1330470003,2005,1330470,13,603,52,#,0.89,#,0.048
1330470004,2005,1330470,13,603,52,#,0.72,#,0.042
1330480001,2005,1330480,13,603,53,#,0.46,#,0.116
1330480002,2005,1330480,13,603,53,#,0.43,#,0.154
1330480003,2005,1330480,13,603,53,#,0.85,#,0.055
1330480004,2005,1330480,13,603,53,#,0.69,#,0.055
1330500001,2005,1330500,13,603,55,#,1.64,#,0.243
1330500002,2005,1330500,13,603,55,#,0.4,#,0.167
1330500003,2005,1330500,13,603,55,#,1.34,#,0.063
1330500004,2005,1330500,13,603,55,#,0.8,#,0.042
1330510001,2005,1330510,13,603,56,#,1,#,0.145
1330510002,2005,1330510,13,603,56,#,0.35,#,0.138
1330510003,2005,1330510,13,603,56,#,0.81,#,0.042
1330510004,2005,1330510,13,603,56,#,0.56,#,0.039
1330520001,2005,1330520,13,603,57,#,2.02,#,0.281
1330520002,2005,1330520,13,603,57,#,0.62,#,0.176
1330520003,2005,1330520,13,603,57,#,0.91,#,0.05
1330520004,2005,1330520,13,603,57,#,0.86,#,0.057
1330530001,2005,1330530,13,603,58,#,1.29,#,0.071
1330530002,2005,1330530,13,603,58,#,0.48,#,0.158
1330530003,2005,1330530,13,603,58,#,0.83,#,0.056
1330530004,2005,1330530,13,603,58,#,0.55,#,0.043
1330540001,2005,1330540,13,603,59,#,0.84,#,0.129
1330540002,2005,1330540,13,603,59,#,0.32,#,0.145
1330540003,2005,1330540,13,603,59,#,0.81,#,0.046
1330540004,2005,1330540,13,603,59,#,0.59,#,0.036
1330560001,2005,1330560,13,603,61,#,1.26,#,0.178
1330560002,2005,1330560,13,603,61,#,0.43,#,0.147
1330560003,2005,1330560,13,603,61,#,0.9,#,0.041
1330560004,2005,1330560,13,603,61,#,0.46,#,0.053
1330570001,2005,1330570,13,603,62,#,1.29,#,0.088
1330570002,2005,1330570,13,603,62,#,0.48,#,0.067
1330570003,2005,1330570,13,603,62,#,0.8,#,0.043
1330570004,2005,1330570,13,603,62,#,0.5,#,0.045
1330580001,2005,1330580,13,603,63,#,1.1,#,0.152
1330580002,2005,1330580,13,603,63,#,0.61,#,0.147
1330580003,2005,1330580,13,603,63,#,1.47,#,0.066
1330580004,2005,1330580,13,603,63,#,0.55,#,0.048
1330590001,2005,1330590,13,603,64,#,0.86,#,0.123
1330590002,2005,1330590,13,603,64,#,0.53,#,0.112
1330590003,2005,1330590,13,603,64,#,1.07,#,0.048
1330590004,2005,1330590,13,603,64,#,0.57,#,0.049
1330600001,2005,1330600,13,604,01,#,0.71,#,0.058
1330600002,2005,1330600,13,604,01,#,0.38,#,0.043
1330600003,2005,1330600,13,604,01,#,0.65,#,0.035
1330600004,2005,1330600,13,604,01,#,0.56,#,0.056
1330600005,2005,1330600,13,604,01,#,1.03,#,0.079
1330600006,2005,1330600,13,604,01,#,0.51,#,0.096
1330600007,2005,1330600,13,604,01,#,0.74,#,0.067
1330600008,2005,1330600,13,604,01,#,0.43,#,0.076
1330600009,2005,1330600,13,604,01,#,0.68,#,0.074
1330600010,2005,1330600,13,604,01,#,0.29,#,0.152
1330600012,2005,1330600,13,604,01,#,0.76,#,0.056
1330600013,2005,1330600,13,604,01,#,0.51,#,0.076
1330600014,2005,1330600,13,604,01,#,0.98,#,0.049
1330600015,2005,1330600,13,604,01,#,0.41,#,0.092
1330600016,2005,1330600,13,604,01,#,0.87,#,0.051
1330600017,2005,1330600,13,604,01,#,0.3,#,0.044
1330600019,2005,1330600,13,604,01,#,0.54,#,0.046
1330600020,2005,1330600,13,604,01,#,0.25,#,0.042
1330600021,2005,1330600,13,604,01,#,0.73,#,0.041
1330600022,2005,1330600,13,604,01,#,0.46,#,0.038
1330600023,2005,1330600,13,604,01,#,0.64,#,0.037
1330600024,2005,1330600,13,604,01,#,0.5,#,0.034
1330600026,2005,1330600,13,604,01,#,0.7,#,0.028
1330600027,2005,1330600,13,604,01,#,0.79,#,0.054
