レコードID,測定年度,絶対番号,都道府県コード,水域コード,地点コード,全窒素_C,全窒素(mg/l),全燐_C,全燐(mg/l)
1310010001,2006,1310010,13,001,01,#,1.91,#,0.085
1310010006,2006,1310010,13,001,01,#,1.41,#,0.123
1310010011,2006,1310010,13,001,01,#,1.98,#,0.111
1310010016,2006,1310010,13,001,01,#,2.1,#,0.091
1310010021,2006,1310010,13,001,01,#,3.08,#,0.094
1310010035,2006,1310010,13,001,01,#,2.64,#,0.123
1310010040,2006,1310010,13,001,01,#,2.89,#,0.238
1310010045,2006,1310010,13,001,01,#,3.52,#,0.162
1310010050,2006,1310010,13,001,01,#,3.2,#,0.077
1310010064,2006,1310010,13,001,01,#,3.65,#,0.088
1310010069,2006,1310010,13,001,01,#,3.05,#,0.095
1310010074,2006,1310010,13,001,01,#,3.21,#,0.128
1310030001,2006,1310030,13,002,01,#,1.74,#,0.079
1310030004,2006,1310030,13,002,01,#,1.58,#,0.159
1310030007,2006,1310030,13,002,01,#,1.93,#,0.1
1310030010,2006,1310030,13,002,01,#,1.99,#,0.096
1310030013,2006,1310030,13,002,01,#,2.7,#,0.078
1310030021,2006,1310030,13,002,01,#,2.49,#,0.103
1310030024,2006,1310030,13,002,01,#,2.89,#,0.224
1310030027,2006,1310030,13,002,01,#,3.33,#,0.162
1310030030,2006,1310030,13,002,01,#,2.96,#,0.071
1310030038,2006,1310030,13,002,01,#,3.46,#,0.089
1310030041,2006,1310030,13,002,01,#,3.51,#,0.102
1310030044,2006,1310030,13,002,01,#,3.31,#,0.123
1310040001,2006,1310040,13,002,51,#,1.82,#,0.079
1310040004,2006,1310040,13,002,51,#,1.38,#,0.125
1310040007,2006,1310040,13,002,51,#,1.86,#,0.093
1310040010,2006,1310040,13,002,51,#,2.1,#,0.104
1310040013,2006,1310040,13,002,51,#,2.73,#,0.078
1310040016,2006,1310040,13,002,51,#,2.63,#,0.128
1310040019,2006,1310040,13,002,51,#,2.8,#,0.231
1310040022,2006,1310040,13,002,51,#,3.31,#,0.152
1310040025,2006,1310040,13,002,51,#,3.03,#,0.073
1310040028,2006,1310040,13,002,51,#,3.47,#,0.082
1310040031,2006,1310040,13,002,51,#,3.35,#,0.096
1310040034,2006,1310040,13,002,51,#,3.04,#,0.123
1310060001,2006,1310060,13,003,01,#,3.93,#,0.171
1310060004,2006,1310060,13,003,01,#,1.75,#,0.146
1310060007,2006,1310060,13,003,01,#,1.73,#,0.138
1310060010,2006,1310060,13,003,01,#,2.44,#,0.164
1310060013,2006,1310060,13,003,01,#,2.55,#,0.211
1310060016,2006,1310060,13,003,01,#,2.85,#,0.14
1310060019,2006,1310060,13,003,01,#,3.08,#,0.114
1310060022,2006,1310060,13,003,01,#,4.99,#,0.105
1310060025,2006,1310060,13,003,01,#,3.17,#,0.083
1310060028,2006,1310060,13,003,01,#,4.47,#,0.144
1310060031,2006,1310060,13,003,01,#,4.42,#,0.166
1310060034,2006,1310060,13,003,01,#,4.19,#,0.154
1310070001,2006,1310070,13,003,51,#,4.14,#,0.167
1310070002,2006,1310070,13,003,51,#,1.94,#,0.123
1310070003,2006,1310070,13,003,51,#,2.16,#,0.13
1310070004,2006,1310070,13,003,51,#,2.94,#,0.164
1310070005,2006,1310070,13,003,51,#,3.3,#,0.185
1310070006,2006,1310070,13,003,51,#,4.04,#,0.098
1310070007,2006,1310070,13,003,51,#,3.28,#,0.119
1310070008,2006,1310070,13,003,51,#,4.09,#,0.107
1310070009,2006,1310070,13,003,51,#,3.54,#,0.09
1310070010,2006,1310070,13,003,51,#,5.63,#,0.229
1310070011,2006,1310070,13,003,51,#,4.24,#,0.151
1310070012,2006,1310070,13,003,51,#,4.6,#,0.144
1310090002,2006,1310090,13,004,01,#,6.18,#,0.392
1310090005,2006,1310090,13,004,01,#,2.61,#,0.251
1310090008,2006,1310090,13,004,01,#,2.63,#,0.29
1310090011,2006,1310090,13,004,01,#,2.27,#,0.177
1310090014,2006,1310090,13,004,01,#,2.94,#,0.177
1310090022,2006,1310090,13,004,01,#,2.66,#,0.214
1310090025,2006,1310090,13,004,01,#,2.93,#,0.287
1310090028,2006,1310090,13,004,01,#,4.77,#,0.29
1310090031,2006,1310090,13,004,01,#,5.45,#,0.238
1310090034,2006,1310090,13,004,01,#,5.06,#,0.287
1310090042,2006,1310090,13,004,01,#,7.61,#,0.342
1310090045,2006,1310090,13,004,01,#,7.02,#,0.366
1310100001,2006,1310100,13,004,02,#,4.79,#,0.377
1310100004,2006,1310100,13,004,02,#,2.94,#,0.287
1310100007,2006,1310100,13,004,02,#,2.39,#,0.366
1310100010,2006,1310100,13,004,02,#,2.69,#,0.371
1310100013,2006,1310100,13,004,02,#,2.3,#,0.192
1310100016,2006,1310100,13,004,02,#,2.76,#,0.218
1310100019,2006,1310100,13,004,02,#,2.9,#,0.162
1310100022,2006,1310100,13,004,02,#,3.4,#,0.231
1310100025,2006,1310100,13,004,02,#,3.7,#,0.205
1310100028,2006,1310100,13,004,02,#,3.62,#,0.165
1310100031,2006,1310100,13,004,02,#,5.7,#,0.242
1310100034,2006,1310100,13,004,02,#,5.12,#,0.225
1310110004,2006,1310110,13,004,51,#,3.3,#,0.253
1310110011,2006,1310110,13,004,51,#,2.94,#,0.179
1310110018,2006,1310110,13,004,51,#,4.21,#,0.239
1310110025,2006,1310110,13,004,51,#,7.55,#,0.364
1310140002,2006,1310140,13,005,01,#,5.12,#,0.472
1310140005,2006,1310140,13,005,01,#,3.03,#,0.315
1310140008,2006,1310140,13,005,01,#,3.27,#,0.344
1310140011,2006,1310140,13,005,01,#,3.17,#,0.249
1310140014,2006,1310140,13,005,01,#,3.61,#,0.392
1310140022,2006,1310140,13,005,01,#,2.97,#,0.273
1310140025,2006,1310140,13,005,01,#,3.49,#,0.28
1310140028,2006,1310140,13,005,01,#,4.75,#,0.236
1310140031,2006,1310140,13,005,01,#,4.94,#,0.254
1310140034,2006,1310140,13,005,01,#,5.33,#,0.29
1310140042,2006,1310140,13,005,01,#,5.55,#,0.495
1310140045,2006,1310140,13,005,01,#,6.1,#,0.507
1310160001,2006,1310160,13,005,52,#,6.89,#,0.325
1310160004,2006,1310160,13,005,52,#,4.66,#,0.346
1310160007,2006,1310160,13,005,52,#,3.28,#,0.301
1310160010,2006,1310160,13,005,52,#,3.26,#,0.255
1310160013,2006,1310160,13,005,52,#,2.56,#,0.228
1310160016,2006,1310160,13,005,52,#,3.1,#,0.24
1310160019,2006,1310160,13,005,52,#,3.67,#,0.239
1310160023,2006,1310160,13,005,52,#,5.7,#,0.213
1310160026,2006,1310160,13,005,52,#,6.11,#,0.272
1310160028,2006,1310160,13,005,52,#,4.87,#,0.195
1310160032,2006,1310160,13,005,52,#,8.16,#,0.465
1310160035,2006,1310160,13,005,52,#,8.69,#,0.398
1310180001,2006,1310180,13,006,01,#,7.09,#,0.38
1310180005,2006,1310180,13,006,01,#,7.09,#,0.324
1310180008,2006,1310180,13,006,01,#,6.49,#,0.301
1310180012,2006,1310180,13,006,01,#,5.55,#,0.322
1310180015,2006,1310180,13,006,01,#,4.75,#,0.18
1310180024,2006,1310180,13,006,01,#,4.44,#,0.247
1310180027,2006,1310180,13,006,01,#,3.89,#,0.171
1310180031,2006,1310180,13,006,01,#,5.86,#,0.224
1310180034,2006,1310180,13,006,01,#,6.07,#,0.271
1310180038,2006,1310180,13,006,01,#,5.67,#,0.202
1310180041,2006,1310180,13,006,01,#,7.16,#,0.293
1310180050,2006,1310180,13,006,01,#,8.36,#,0.437
1310190001,2006,1310190,13,006,02,#,5.22,#,0.289
1310190005,2006,1310190,13,006,02,#,3.53,#,0.22
1310190008,2006,1310190,13,006,02,#,3.67,#,0.278
1310190012,2006,1310190,13,006,02,#,3.94,#,0.229
1310190015,2006,1310190,13,006,02,#,3.92,#,0.212
1310190024,2006,1310190,13,006,02,#,3.07,#,0.274
1310190027,2006,1310190,13,006,02,#,3.54,#,0.198
1310190031,2006,1310190,13,006,02,#,4.89,#,0.176
1310190034,2006,1310190,13,006,02,#,2.15,#,0.142
1310190038,2006,1310190,13,006,02,#,1.79,#,0.137
1310190041,2006,1310190,13,006,02,#,2.42,#,0.138
1310190050,2006,1310190,13,006,02,#,4.94,#,0.294
1310200001,2006,1310200,13,006,51,#,6.17,#,0.282
1310200004,2006,1310200,13,006,51,#,8.09,#,0.303
1310200007,2006,1310200,13,006,51,#,7.16,#,0.244
1310200010,2006,1310200,13,006,51,#,7.49,#,0.254
1310200013,2006,1310200,13,006,51,#,6.05,#,0.203
1310200016,2006,1310200,13,006,51,#,8.26,#,0.311
1310200019,2006,1310200,13,006,51,#,4.18,#,0.211
1310200022,2006,1310200,13,006,51,#,5.78,#,0.172
1310200025,2006,1310200,13,006,51,#,7.17,#,0.28
1310200028,2006,1310200,13,006,51,#,6.58,#,0.254
1310200031,2006,1310200,13,006,51,#,9.49,#,0.392
1310200034,2006,1310200,13,006,51,#,8.56,#,0.347
1310210001,2006,1310210,13,006,52,#,6.25,#,0.321
1310210004,2006,1310210,13,006,52,#,6.57,#,0.294
1310210007,2006,1310210,13,006,52,#,5.81,#,0.187
1310210010,2006,1310210,13,006,52,#,3.85,#,0.177
1310210013,2006,1310210,13,006,52,#,7.29,#,0.341
1310210016,2006,1310210,13,006,52,#,8.2,#,0.37
1310220001,2006,1310220,13,006,53,#,7.39,#,0.36
1310220004,2006,1310220,13,006,53,#,5.06,#,0.271
1310220007,2006,1310220,13,006,53,#,4.43,#,0.3
1310220010,2006,1310220,13,006,53,#,4.58,#,0.261
1310220013,2006,1310220,13,006,53,#,4.41,#,0.184
1310220016,2006,1310220,13,006,53,#,3.98,#,0.256
1310220019,2006,1310220,13,006,53,#,4.37,#,0.188
1310220022,2006,1310220,13,006,53,#,6.09,#,0.2
1310220025,2006,1310220,13,006,53,#,4.57,#,0.229
1310220028,2006,1310220,13,006,53,#,4.38,#,0.184
1310220031,2006,1310220,13,006,53,#,5.95,#,0.247
1310220034,2006,1310220,13,006,53,#,8.24,#,0.323
1310230001,2006,1310230,13,007,01,#,8.01,#,0.424
1310230004,2006,1310230,13,007,01,#,6.5,#,0.469
1310230007,2006,1310230,13,007,01,#,4.99,#,0.36
1310230010,2006,1310230,13,007,01,#,6.11,#,0.434
1310230013,2006,1310230,13,007,01,#,6.23,#,0.394
1310230016,2006,1310230,13,007,01,#,5.46,#,0.428
1310230019,2006,1310230,13,007,01,#,5.53,#,0.232
1310230022,2006,1310230,13,007,01,#,6.48,#,0.284
1310230025,2006,1310230,13,007,01,#,8.33,#,0.316
1310230028,2006,1310230,13,007,01,#,6.24,#,0.356
1310230031,2006,1310230,13,007,01,#,6.67,#,0.268
1310230034,2006,1310230,13,007,01,#,8.2,#,0.303
1310240001,2006,1310240,13,007,02,#,8.89,#,0.556
1310240004,2006,1310240,13,007,02,#,10,#,0.647
1310240007,2006,1310240,13,007,02,#,6.94,#,0.49
1310240010,2006,1310240,13,007,02,#,6.81,#,0.386
1310240013,2006,1310240,13,007,02,#,7.03,#,0.412
1310240016,2006,1310240,13,007,02,#,7.44,#,0.354
1310240019,2006,1310240,13,007,02,#,6.86,#,0.332
1310240022,2006,1310240,13,007,02,#,8.9,#,0.417
1310240025,2006,1310240,13,007,02,#,9.87,#,0.525
1310240028,2006,1310240,13,007,02,#,9.7,#,0.389
1310240031,2006,1310240,13,007,02,#,13.1,#,0.607
1310240034,2006,1310240,13,007,02,#,12.9,#,0.576
1310250001,2006,1310250,13,007,51,#,6.88,#,0.306
1310250004,2006,1310250,13,007,51,#,10.9,#,0.468
1310250007,2006,1310250,13,007,51,#,8.95,#,0.497
1310250010,2006,1310250,13,007,51,#,6.78,#,0.262
1310250013,2006,1310250,13,007,51,#,6.87,#,0.275
1310250016,2006,1310250,13,007,51,#,8.18,#,0.317
1310250019,2006,1310250,13,007,51,#,5.51,#,0.254
1310250022,2006,1310250,13,007,51,#,7.63,#,0.3
1310250025,2006,1310250,13,007,51,#,8.38,#,0.432
1310250028,2006,1310250,13,007,51,#,8.32,#,0.336
1310250031,2006,1310250,13,007,51,#,9.62,#,0.614
1310250034,2006,1310250,13,007,51,#,12.1,#,0.499
1310260001,2006,1310260,13,007,53,#,9.34,#,0.494
1310260004,2006,1310260,13,007,53,#,7.47,#,0.432
1310260007,2006,1310260,13,007,53,#,5.63,#,0.382
1310260010,2006,1310260,13,007,53,#,7.38,#,0.44
1310260013,2006,1310260,13,007,53,#,6.65,#,0.44
1310260016,2006,1310260,13,007,53,#,6.73,#,0.474
1310260019,2006,1310260,13,007,53,#,6.39,#,0.275
1310260022,2006,1310260,13,007,53,#,8.03,#,0.322
1310260025,2006,1310260,13,007,53,#,9.34,#,0.35
1310260028,2006,1310260,13,007,53,#,7.95,#,0.31
1310260031,2006,1310260,13,007,53,#,9.93,#,0.364
1310260034,2006,1310260,13,007,53,#,11.1,#,0.412
1310290001,2006,1310290,13,008,01,#,7.93,#,0.926
1310290004,2006,1310290,13,008,01,#,6.47,#,0.63
1310290007,2006,1310290,13,008,01,#,4.45,#,0.715
1310290010,2006,1310290,13,008,01,#,5.93,#,0.842
1310290013,2006,1310290,13,008,01,#,5.89,#,0.803
1310290016,2006,1310290,13,008,01,#,5.17,#,0.84
1310290019,2006,1310290,13,008,01,#,3.59,#,0.349
1310290022,2006,1310290,13,008,01,#,4.21,#,0.375
1310290025,2006,1310290,13,008,01,#,6.87,#,0.639
1310290028,2006,1310290,13,008,01,#,8.53,#,0.866
1310290031,2006,1310290,13,008,01,#,7.42,#,0.751
1310290034,2006,1310290,13,008,01,#,6.44,#,0.51
1310300001,2006,1310300,13,009,01,#,11.4,#,1.41
1310300004,2006,1310300,13,009,01,#,9.89,#,1.28
1310300007,2006,1310300,13,009,01,#,11.2,#,1.16
1310300010,2006,1310300,13,009,01,#,11.9,#,1.35
1310300013,2006,1310300,13,009,01,#,11,#,1.36
1310300016,2006,1310300,13,009,01,#,9.38,#,1.07
1310300019,2006,1310300,13,009,01,#,8.33,#,0.584
1310300022,2006,1310300,13,009,01,#,10.9,#,1.08
1310300025,2006,1310300,13,009,01,#,12,#,1.16
1310300028,2006,1310300,13,009,01,#,10.6,#,1.08
1310300031,2006,1310300,13,009,01,#,11.7,#,1.21
1310300034,2006,1310300,13,009,01,#,12.2,#,1.33
1310310001,2006,1310310,13,010,01,#,3.58,#,0.041
1310310003,2006,1310310,13,010,01,#,3.63,#,0.024
1310310005,2006,1310310,13,010,01,#,3.77,#,0.029
1310310007,2006,1310310,13,010,01,#,3.7,#,0.085
1310310009,2006,1310310,13,010,01,#,3.49,#,0.135
1310310011,2006,1310310,13,010,01,#,3.49,#,0.069
1310310013,2006,1310310,13,010,01,#,3.52,#,0.031
1310310015,2006,1310310,13,010,01,#,3.56,#,0.031
1310310017,2006,1310310,13,010,01,#,3.8,#,0.024
1310310019,2006,1310310,13,010,01,#,3.75,#,0.02
1310310021,2006,1310310,13,010,01,#,3.62,#,0.032
1310310023,2006,1310310,13,010,01,#,3.8,#,0.023
1310320001,2006,1310320,13,011,01,#,6,#,0.766
1310320004,2006,1310320,13,011,01,#,3.33,#,0.539
1310320007,2006,1310320,13,011,01,#,2.03,#,0.623
1310320010,2006,1310320,13,011,01,#,1.57,#,0.677
1310320013,2006,1310320,13,011,01,#,1.59,#,0.816
1310320016,2006,1310320,13,011,01,#,4.06,#,0.977
1310320019,2006,1310320,13,011,01,#,4.04,#,0.438
1310320022,2006,1310320,13,011,01,#,3.75,#,0.609
1310320025,2006,1310320,13,011,01,#,7.49,#,0.598
1310320028,2006,1310320,13,011,01,#,6.29,#,0.625
1310320031,2006,1310320,13,011,01,#,5.5,#,0.434
1310320034,2006,1310320,13,011,01,#,3.57,#,0.528
1310330001,2006,1310330,13,012,01,#,9.53,#,1.48
1310330004,2006,1310330,13,012,01,#,9.35,#,1.21
1310330007,2006,1310330,13,012,01,#,7.28,#,1
1310330010,2006,1310330,13,012,01,#,5.13,#,1.04
1310330013,2006,1310330,13,012,01,#,7.11,#,0.956
1310330016,2006,1310330,13,012,01,#,7.55,#,0.897
1310330019,2006,1310330,13,012,01,#,8.25,#,0.65
1310330022,2006,1310330,13,012,01,#,6.58,#,0.884
1310330025,2006,1310330,13,012,01,#,8.87,#,1.05
1310330028,2006,1310330,13,012,01,#,9.39,#,1.1
1310330031,2006,1310330,13,012,01,#,9.75,#,1.09
1310330034,2006,1310330,13,012,01,#,10.8,#,1.21
1310340001,2006,1310340,13,013,01,#,0.55,#,0.009
1310340004,2006,1310340,13,013,01,#,0.66,#,0.011
1310340007,2006,1310340,13,013,01,#,0.67,#,0.011
1310340010,2006,1310340,13,013,01,#,0.74,#,0.012
1310340013,2006,1310340,13,013,01,#,1.07,#,0.015
1310340016,2006,1310340,13,013,01,#,0.9,#,0.012
1310340019,2006,1310340,13,013,01,#,0.97,#,0.012
1310340022,2006,1310340,13,013,01,#,0.75,#,0.009
1310340025,2006,1310340,13,013,01,#,0.88,#,0.012
1310340028,2006,1310340,13,013,01,#,0.81,#,0.011
1310340031,2006,1310340,13,013,01,#,0.61,#,0.008
1310340034,2006,1310340,13,013,01,#,0.62,#,0.009
1310370001,2006,1310370,13,014,01,#,1.34,#,0.01
1310370003,2006,1310370,13,014,01,#,1.17,#,0.011
1310370005,2006,1310370,13,014,01,#,1.44,#,0.03
1310370007,2006,1310370,13,014,01,#,1.5,#,0.024
1310370009,2006,1310370,13,014,01,#,1.64,#,0.025
1310370011,2006,1310370,13,014,01,#,1.69,#,0.026
1310370013,2006,1310370,13,014,01,#,1.38,#,0.016
1310370015,2006,1310370,13,014,01,#,1.76,#,0.018
1310370017,2006,1310370,13,014,01,#,1.68,#,0.01
1310370019,2006,1310370,13,014,01,#,1.82,#,0.014
1310370021,2006,1310370,13,014,01,#,1.2,#,0.007
1310370023,2006,1310370,13,014,01,#,1.08,#,0.014
1310380001,2006,1310380,13,014,51,#,0.7,#,0.008
1310380004,2006,1310380,13,014,51,#,0.77,#,0.01
1310380007,2006,1310380,13,014,51,#,0.76,#,0.01
1310380010,2006,1310380,13,014,51,#,0.78,#,0.018
1310380013,2006,1310380,13,014,51,#,0.96,#,0.017
1310380016,2006,1310380,13,014,51,#,1.52,#,0.017
1310380019,2006,1310380,13,014,51,#,0.97,#,0.012
1310380022,2006,1310380,13,014,51,#,0.88,#,0.01
1310380025,2006,1310380,13,014,51,#,0.85,#,0.01
1310380028,2006,1310380,13,014,51,#,0.9,#,0.014
1310380031,2006,1310380,13,014,51,#,0.71,#,0.01
1310380034,2006,1310380,13,014,51,#,0.62,#,0.01
1310390001,2006,1310390,13,014,52,#,0.61,#,0.009
1310390002,2006,1310390,13,014,52,#,0.67,#,0.011
1310390003,2006,1310390,13,014,52,#,0.81,#,0.012
1310390004,2006,1310390,13,014,52,#,0.91,#,0.014
1310390005,2006,1310390,13,014,52,#,1.13,#,0.012
1310390006,2006,1310390,13,014,52,#,0.85,#,0.012
1310390007,2006,1310390,13,014,52,#,1,#,0.012
1310390008,2006,1310390,13,014,52,#,0.91,#,0.007
1310390009,2006,1310390,13,014,52,#,0.83,#,0.011
1310390010,2006,1310390,13,014,52,#,0.9,#,0.012
1310390011,2006,1310390,13,014,52,#,0.62,#,0.006
1310390012,2006,1310390,13,014,52,#,0.67,#,0.01
1310400001,2006,1310400,13,014,53,#,1.02,#,0.013
1310400002,2006,1310400,13,014,53,#,1.12,#,0.013
1310400003,2006,1310400,13,014,53,#,1.43,#,0.011
1310400004,2006,1310400,13,014,53,#,1.48,#,0.022
1310400005,2006,1310400,13,014,53,#,1.75,#,0.015
1310400006,2006,1310400,13,014,53,#,1.33,#,0.016
1310400007,2006,1310400,13,014,53,#,1.25,#,0.014
1310400008,2006,1310400,13,014,53,#,1.52,#,0.009
1310400009,2006,1310400,13,014,53,#,1.51,#,0.012
1310400010,2006,1310400,13,014,53,#,1.53,#,0.014
1310400011,2006,1310400,13,014,53,#,1.12,#,0.007
1310400012,2006,1310400,13,014,53,#,1.13,#,0.015
1310410001,2006,1310410,13,015,01,#,7.62,#,0.685
1310410003,2006,1310410,13,015,01,#,7.02,#,0.637
1310410005,2006,1310410,13,015,01,#,7.19,#,0.674
1310410007,2006,1310410,13,015,01,#,7.4,#,0.592
1310410009,2006,1310410,13,015,01,#,8.13,#,0.903
1310410011,2006,1310410,13,015,01,#,8.26,#,0.867
1310410013,2006,1310410,13,015,01,#,7.8,#,0.894
1310410015,2006,1310410,13,015,01,#,8.51,#,0.963
1310410017,2006,1310410,13,015,01,#,6.86,#,0.394
1310410019,2006,1310410,13,015,01,#,6.7,#,0.48
1310410021,2006,1310410,13,015,01,#,6.91,#,0.551
1310410023,2006,1310410,13,015,01,#,6.99,#,0.535
1310410025,2006,1310410,13,015,01,#,9.47,#,0.726
1310410027,2006,1310410,13,015,01,#,6.61,#,0.54
1310410029,2006,1310410,13,015,01,#,4.18,#,0.298
1310410031,2006,1310410,13,015,01,#,6.08,#,0.27
1310410033,2006,1310410,13,015,01,#,6.35,#,0.411
1310410035,2006,1310410,13,015,01,#,5.62,#,0.431
1310410037,2006,1310410,13,015,01,#,5.82,#,0.444
1310410039,2006,1310410,13,015,01,#,6.39,#,0.47
1310410041,2006,1310410,13,015,01,#,5.3,#,0.342
1310410043,2006,1310410,13,015,01,#,4.48,#,0.322
1310410045,2006,1310410,13,015,01,#,4.93,#,0.346
1310410047,2006,1310410,13,015,01,#,4.56,#,0.395
1310410049,2006,1310410,13,015,01,#,3.57,#,0.258
1310410051,2006,1310410,13,015,01,#,3.53,#,0.23
1310410053,2006,1310410,13,015,01,#,3.57,#,0.245
1310410055,2006,1310410,13,015,01,#,4.32,#,0.254
1310410057,2006,1310410,13,015,01,#,6.72,#,0.356
1310410059,2006,1310410,13,015,01,#,5.74,#,0.332
1310410061,2006,1310410,13,015,01,#,6.07,#,0.345
1310410063,2006,1310410,13,015,01,#,6.19,#,0.352
1310410065,2006,1310410,13,015,01,#,7.57,#,0.57
1310410067,2006,1310410,13,015,01,#,7.41,#,0.74
1310410069,2006,1310410,13,015,01,#,8.58,#,0.973
1310410071,2006,1310410,13,015,01,#,6.68,#,0.539
1310410073,2006,1310410,13,015,01,#,6.37,#,0.475
1310410075,2006,1310410,13,015,01,#,5.54,#,0.455
1310410077,2006,1310410,13,015,01,#,5.67,#,0.518
1310410079,2006,1310410,13,015,01,#,6,#,0.58
1310410081,2006,1310410,13,015,01,#,8.45,#,1.13
1310410083,2006,1310410,13,015,01,#,7.62,#,1.09
1310410085,2006,1310410,13,015,01,#,6.45,#,0.599
1310410087,2006,1310410,13,015,01,#,7.49,#,0.608
1310410089,2006,1310410,13,015,01,#,7.86,#,0.466
1310410091,2006,1310410,13,015,01,#,7.61,#,0.426
1310410093,2006,1310410,13,015,01,#,6.9,#,0.42
1310410095,2006,1310410,13,015,01,#,8.21,#,0.42
1310420001,2006,1310420,13,015,02,#,6.81,#,0.386
1310420003,2006,1310420,13,015,02,#,6.3,#,0.406
1310420005,2006,1310420,13,015,02,#,5.92,#,0.427
1310420007,2006,1310420,13,015,02,#,6.3,#,0.427
1310420009,2006,1310420,13,015,02,#,6.84,#,0.488
1310420011,2006,1310420,13,015,02,#,7.26,#,0.491
1310420013,2006,1310420,13,015,02,#,7.18,#,0.527
1310420015,2006,1310420,13,015,02,#,6.76,#,0.537
1310420017,2006,1310420,13,015,02,#,4.37,#,0.37
1310420019,2006,1310420,13,015,02,#,6.07,#,0.403
1310420021,2006,1310420,13,015,02,#,5.66,#,0.341
1310420023,2006,1310420,13,015,02,#,5.53,#,0.323
1310420025,2006,1310420,13,015,02,#,5.99,#,0.284
1310420027,2006,1310420,13,015,02,#,5.77,#,0.282
1310420029,2006,1310420,13,015,02,#,5.81,#,0.327
1310420031,2006,1310420,13,015,02,#,3.61,#,0.227
1310420033,2006,1310420,13,015,02,#,5.33,#,0.245
1310420035,2006,1310420,13,015,02,#,4.8,#,0.259
1310420037,2006,1310420,13,015,02,#,5.05,#,0.282
1310420039,2006,1310420,13,015,02,#,5.21,#,0.282
1310420041,2006,1310420,13,015,02,#,4.97,#,0.304
1310420043,2006,1310420,13,015,02,#,4.56,#,0.298
1310420045,2006,1310420,13,015,02,#,4.56,#,0.276
1310420047,2006,1310420,13,015,02,#,4.23,#,0.274
1310420049,2006,1310420,13,015,02,#,3.65,#,0.241
1310420051,2006,1310420,13,015,02,#,3.65,#,0.247
1310420053,2006,1310420,13,015,02,#,3.57,#,0.232
1310420055,2006,1310420,13,015,02,#,3.57,#,0.215
1310420057,2006,1310420,13,015,02,#,5.12,#,0.261
1310420059,2006,1310420,13,015,02,#,5.25,#,0.274
1310420061,2006,1310420,13,015,02,#,5.12,#,0.265
1310420063,2006,1310420,13,015,02,#,5.58,#,0.259
1310420065,2006,1310420,13,015,02,#,5.99,#,0.321
1310420067,2006,1310420,13,015,02,#,5.51,#,0.31
1310420069,2006,1310420,13,015,02,#,5.63,#,0.33
1310420071,2006,1310420,13,015,02,#,5.59,#,0.332
1310420073,2006,1310420,13,015,02,#,5.17,#,0.271
1310420075,2006,1310420,13,015,02,#,5.21,#,0.301
1310420077,2006,1310420,13,015,02,#,6.17,#,0.312
1310420079,2006,1310420,13,015,02,#,5.34,#,0.303
1310420081,2006,1310420,13,015,02,#,6.95,#,0.398
1310420083,2006,1310420,13,015,02,#,5.58,#,0.404
1310420085,2006,1310420,13,015,02,#,5.53,#,0.391
1310420087,2006,1310420,13,015,02,#,5.37,#,0.394
1310420089,2006,1310420,13,015,02,#,5.79,#,0.391
1310420091,2006,1310420,13,015,02,#,4.88,#,0.351
1310420093,2006,1310420,13,015,02,#,4.99,#,0.336
1310420095,2006,1310420,13,015,02,#,5.19,#,0.338
1310430001,2006,1310430,13,015,51,#,5.62,#,1
1310430006,2006,1310430,13,015,51,#,7.76,#,0.941
1310430011,2006,1310430,13,015,51,#,5.42,#,0.695
1310430016,2006,1310430,13,015,51,#,5.29,#,0.289
1310430021,2006,1310430,13,015,51,#,4.55,#,0.298
1310430026,2006,1310430,13,015,51,#,4.85,#,0.164
1310430031,2006,1310430,13,015,51,#,2.48,#,0.149
1310430036,2006,1310430,13,015,51,#,4.97,#,0.259
1310430041,2006,1310430,13,015,51,#,5.38,#,0.346
1310430046,2006,1310430,13,015,51,#,4.12,#,0.301
1310430051,2006,1310430,13,015,51,#,6.44,#,0.271
1310430056,2006,1310430,13,015,51,#,5.61,#,0.498
1310440001,2006,1310440,13,015,52,#,6.09,#,0.822
1310440006,2006,1310440,13,015,52,#,5.92,#,0.457
1310440011,2006,1310440,13,015,52,#,4.86,#,0.617
1310440016,2006,1310440,13,015,52,#,5.16,#,0.263
1310440021,2006,1310440,13,015,52,#,4.39,#,0.278
1310440026,2006,1310440,13,015,52,#,4.65,#,0.175
1310440031,2006,1310440,13,015,52,#,3.34,#,0.233
1310440036,2006,1310440,13,015,52,#,4.66,#,0.24
1310440041,2006,1310440,13,015,52,#,5.74,#,0.325
1310440046,2006,1310440,13,015,52,#,4.88,#,0.245
1310440051,2006,1310440,13,015,52,#,6.73,#,0.376
1310440056,2006,1310440,13,015,52,#,6.53,#,0.423
1310460001,2006,1310460,13,015,54,#,6.94,#,0.564
1310460006,2006,1310460,13,015,54,#,7.68,#,0.789
1310460011,2006,1310460,13,015,54,#,6.41,#,0.379
1310460016,2006,1310460,13,015,54,#,6.83,#,0.409
1310460021,2006,1310460,13,015,54,#,5.54,#,0.342
1310460026,2006,1310460,13,015,54,#,4.85,#,0.317
1310460031,2006,1310460,13,015,54,#,3.82,#,0.264
1310460036,2006,1310460,13,015,54,#,5.78,#,0.313
1310460041,2006,1310460,13,015,54,#,6.23,#,0.408
1310460046,2006,1310460,13,015,54,#,5.79,#,0.369
1310460051,2006,1310460,13,015,54,#,6.45,#,0.529
1310460056,2006,1310460,13,015,54,#,7.66,#,0.452
1310480001,2006,1310480,13,015,56,#,6.6,#,0.423
1310480006,2006,1310480,13,015,56,#,7.3,#,0.523
1310480011,2006,1310480,13,015,56,#,6.86,#,0.404
1310480016,2006,1310480,13,015,56,#,5.99,#,0.316
1310480021,2006,1310480,13,015,56,#,5.29,#,0.258
1310480026,2006,1310480,13,015,56,#,4.64,#,0.32
1310480031,2006,1310480,13,015,56,#,3.78,#,0.258
1310480036,2006,1310480,13,015,56,#,5.45,#,0.265
1310480041,2006,1310480,13,015,56,#,5.99,#,0.306
1310480046,2006,1310480,13,015,56,#,5.3,#,0.271
1310480051,2006,1310480,13,015,56,#,6.45,#,0.405
1310480056,2006,1310480,13,015,56,#,6.6,#,0.362
1310530001,2006,1310530,13,015,03,#,4.02,#,0.289
1310530003,2006,1310530,13,015,03,#,4.44,#,0.321
1310530005,2006,1310530,13,015,03,#,3.38,#,0.241
1310530007,2006,1310530,13,015,03,#,4.44,#,0.26
1310530009,2006,1310530,13,015,03,#,5.06,#,0.386
1310530011,2006,1310530,13,015,03,#,4.44,#,0.33
1310530013,2006,1310530,13,015,03,#,5.23,#,0.376
1310530015,2006,1310530,13,015,03,#,4.64,#,0.319
1310530017,2006,1310530,13,015,03,#,5.49,#,0.439
1310530019,2006,1310530,13,015,03,#,5.03,#,0.395
1310530021,2006,1310530,13,015,03,#,5.28,#,0.386
1310530023,2006,1310530,13,015,03,#,6.61,#,0.397
1310530025,2006,1310530,13,015,03,#,6.12,#,0.313
1310530027,2006,1310530,13,015,03,#,6.21,#,0.354
1310530029,2006,1310530,13,015,03,#,5.86,#,0.316
1310530031,2006,1310530,13,015,03,#,5.59,#,0.314
1310530033,2006,1310530,13,015,03,#,5.45,#,0.282
1310530035,2006,1310530,13,015,03,#,5.94,#,0.291
1310530037,2006,1310530,13,015,03,#,6.23,#,0.283
1310530039,2006,1310530,13,015,03,#,4.15,#,0.276
1310530041,2006,1310530,13,015,03,#,4.11,#,0.256
1310530043,2006,1310530,13,015,03,#,3.08,#,0.247
1310530045,2006,1310530,13,015,03,#,3.45,#,0.258
1310530047,2006,1310530,13,015,03,#,4.27,#,0.282
1310530049,2006,1310530,13,015,03,#,3.9,#,0.241
1310530051,2006,1310530,13,015,03,#,2.74,#,0.249
1310530053,2006,1310530,13,015,03,#,3.57,#,0.245
1310530055,2006,1310530,13,015,03,#,3.78,#,0.247
1310530057,2006,1310530,13,015,03,#,3.93,#,0.278
1310530059,2006,1310530,13,015,03,#,3.98,#,0.237
1310530061,2006,1310530,13,015,03,#,5.12,#,0.289
1310530063,2006,1310530,13,015,03,#,5.53,#,0.272
1310530065,2006,1310530,13,015,03,#,4.9,#,0.243
1310530067,2006,1310530,13,015,03,#,4.69,#,0.223
1310530069,2006,1310530,13,015,03,#,5.18,#,0.275
1310530071,2006,1310530,13,015,03,#,2.87,#,0.223
1310530073,2006,1310530,13,015,03,#,2.81,#,0.163
1310530075,2006,1310530,13,015,03,#,4.55,#,0.25
1310530077,2006,1310530,13,015,03,#,4.76,#,0.252
1310530079,2006,1310530,13,015,03,#,4.84,#,0.271
1310530081,2006,1310530,13,015,03,#,4.45,#,0.254
1310530083,2006,1310530,13,015,03,#,4.83,#,0.298
1310530085,2006,1310530,13,015,03,#,4.62,#,0.278
1310530087,2006,1310530,13,015,03,#,4.33,#,0.249
1310530089,2006,1310530,13,015,03,#,5.49,#,0.303
1310530091,2006,1310530,13,015,03,#,3.47,#,0.218
1310530093,2006,1310530,13,015,03,#,5.64,#,0.301
1310530095,2006,1310530,13,015,03,#,2.41,#,0.163
1310540001,2006,1310540,13,015,58,#,8.63,#,0.62
1310540006,2006,1310540,13,015,58,#,4.64,#,0.42
1310540011,2006,1310540,13,015,58,#,6.91,#,0.421
1310540016,2006,1310540,13,015,58,#,7.09,#,0.334
1310540021,2006,1310540,13,015,58,#,6.02,#,0.291
1310540026,2006,1310540,13,015,58,#,5.01,#,0.262
1310540031,2006,1310540,13,015,58,#,4.07,#,0.252
1310540036,2006,1310540,13,015,58,#,6.11,#,0.33
1310540041,2006,1310540,13,015,58,#,6.27,#,0.304
1310540046,2006,1310540,13,015,58,#,5.25,#,0.277
1310540051,2006,1310540,13,015,58,#,7.32,#,0.389
1310540056,2006,1310540,13,015,58,#,7.56,#,0.525
1310550001,2006,1310550,13,017,01,#,11.9,#,0.527
1310550004,2006,1310550,13,017,01,#,11,#,0.511
1310550007,2006,1310550,13,017,01,#,8.65,#,0.685
1310550010,2006,1310550,13,017,01,#,7.43,#,0.427
1310550013,2006,1310550,13,017,01,#,8,#,0.37
1310550016,2006,1310550,13,017,01,#,5.68,#,0.287
1310550019,2006,1310550,13,017,01,#,6.88,#,0.25
1310550022,2006,1310550,13,017,01,#,8.48,#,0.297
1310550025,2006,1310550,13,017,01,#,8.55,#,0.416
1310550028,2006,1310550,13,017,01,#,9.36,#,0.371
1310550031,2006,1310550,13,017,01,#,12.3,#,0.607
1310550034,2006,1310550,13,017,01,#,12.3,#,0.648
1310560001,2006,1310560,13,017,51,#,7.49,#,0.271
1310560004,2006,1310560,13,017,51,#,10,#,0.302
1310560007,2006,1310560,13,017,51,#,6.61,#,0.385
1310560010,2006,1310560,13,017,51,#,7.1,#,0.211
1310560013,2006,1310560,13,017,51,#,6.66,#,0.215
1310560016,2006,1310560,13,017,51,#,5.41,#,0.262
1310560019,2006,1310560,13,017,51,#,6.69,#,0.208
1310560022,2006,1310560,13,017,51,#,8.02,#,0.248
1310560025,2006,1310560,13,017,51,#,8.14,#,0.318
1310560028,2006,1310560,13,017,51,#,8.08,#,0.219
1310560031,2006,1310560,13,017,51,#,13.3,#,0.517
1310560034,2006,1310560,13,017,51,#,12.9,#,0.481
1310570001,2006,1310570,13,017,52,#,9.98,#,0.692
1310570004,2006,1310570,13,017,52,#,11.9,#,0.649
1310570007,2006,1310570,13,017,52,#,7.77,#,0.649
1310570010,2006,1310570,13,017,52,#,7.71,#,0.453
1310570013,2006,1310570,13,017,52,#,7.08,#,0.362
1310570016,2006,1310570,13,017,52,#,6.37,#,0.324
1310570019,2006,1310570,13,017,52,#,6.91,#,0.307
1310570022,2006,1310570,13,017,52,#,8.71,#,0.41
1310570025,2006,1310570,13,017,52,#,9.05,#,0.512
1310570028,2006,1310570,13,017,52,#,9.01,#,0.451
1310570031,2006,1310570,13,017,52,#,13.5,#,0.743
1310570034,2006,1310570,13,017,52,#,14.1,#,0.699
1310580001,2006,1310580,13,018,01,#,8.71,#,0.161
1310580004,2006,1310580,13,018,01,#,10,#,0.26
1310580007,2006,1310580,13,018,01,#,6.94,#,0.115
1310580010,2006,1310580,13,018,01,#,7.11,#,0.07
1310580013,2006,1310580,13,018,01,#,6.72,#,0.15
1310580016,2006,1310580,13,018,01,#,7.51,#,0.049
1310580019,2006,1310580,13,018,01,#,6.46,#,0.188
1310580022,2006,1310580,13,018,01,#,7.81,#,0.206
1310580025,2006,1310580,13,018,01,#,8.35,#,0.276
1310580028,2006,1310580,13,018,01,#,7.21,#,0.049
1310580031,2006,1310580,13,018,01,#,12.3,#,0.397
1310580034,2006,1310580,13,018,01,#,12.3,#,0.381
1310600001,2006,1310600,13,019,01,#,7.22,#,0.294
1310600004,2006,1310600,13,019,01,#,9.84,#,0.537
1310600007,2006,1310600,13,019,01,#,6.69,#,0.369
1310600010,2006,1310600,13,019,01,#,7.3,#,0.347
1310600013,2006,1310600,13,019,01,#,6.94,#,0.368
1310600016,2006,1310600,13,019,01,#,5.04,#,0.251
1310600019,2006,1310600,13,019,01,#,6.99,#,0.297
1310600022,2006,1310600,13,019,01,#,9.02,#,0.33
1310600025,2006,1310600,13,019,01,#,9.41,#,0.403
1310600028,2006,1310600,13,019,01,#,6.99,#,0.039
1310600031,2006,1310600,13,019,01,#,10.2,#,0.351
1310600034,2006,1310600,13,019,01,#,7.49,#,0.159
1310630001,2006,1310630,13,020,01,#,8.34,#,0.435
1310630004,2006,1310630,13,020,01,#,9.33,#,0.924
1310630007,2006,1310630,13,020,01,#,8.18,#,0.771
1310630010,2006,1310630,13,020,01,#,6.43,#,0.723
1310630013,2006,1310630,13,020,01,#,5.28,#,0.408
1310630017,2006,1310630,13,020,01,#,4.93,#,0.377
1310630019,2006,1310630,13,020,01,#,6.48,#,0.31
1310630022,2006,1310630,13,020,01,#,7.22,#,0.37
1310630025,2006,1310630,13,020,01,#,7.63,#,0.525
1310630028,2006,1310630,13,020,01,#,7.76,#,0.674
1310630031,2006,1310630,13,020,01,#,8.93,#,0.708
1310630034,2006,1310630,13,020,01,#,9.94,#,0.623
1310650001,2006,1310650,13,020,52,#,11,#,1.34
1310650004,2006,1310650,13,020,52,#,10.9,#,1.09
1310650007,2006,1310650,13,020,52,#,10.1,#,1.15
1310650010,2006,1310650,13,020,52,#,9.67,#,1.1
1310650013,2006,1310650,13,020,52,#,8.95,#,0.967
1310650016,2006,1310650,13,020,52,#,7.04,#,0.363
1310650019,2006,1310650,13,020,52,#,8.69,#,0.657
1310650022,2006,1310650,13,020,52,#,10.1,#,0.926
1310650025,2006,1310650,13,020,52,#,10.7,#,1.01
1310650028,2006,1310650,13,020,52,#,10.5,#,1.02
1310650031,2006,1310650,13,020,52,#,11.3,#,1.11
1310650034,2006,1310650,13,020,52,#,12.6,#,0.894
1310660001,2006,1310660,13,021,01,#,2.77,#,0.012
1310660004,2006,1310660,13,021,01,#,2.56,#,0.015
1310660007,2006,1310660,13,021,01,#,3.08,#,0.01
1310660010,2006,1310660,13,021,01,#,2.82,#,0.038
1310660013,2006,1310660,13,021,01,#,3.42,#,0.022
1310660016,2006,1310660,13,021,01,#,2.86,#,0.027
1310660019,2006,1310660,13,021,01,#,2.9,#,0.022
1310660022,2006,1310660,13,021,01,#,3.49,#,0.014
1310660025,2006,1310660,13,021,01,#,3.68,#,0.018
1310660028,2006,1310660,13,021,01,#,3.13,#,0.021
1310660031,2006,1310660,13,021,01,#,2.88,#,0.01
1310660034,2006,1310660,13,021,01,#,2.3,#,0.017
1310670001,2006,1310670,13,022,01,#,1.2,#,0.011
1310670003,2006,1310670,13,022,01,#,1.36,#,0.014
1310670005,2006,1310670,13,022,01,#,1.41,#,0.014
1310670007,2006,1310670,13,022,01,#,1.36,#,0.022
1310670009,2006,1310670,13,022,01,#,1.33,#,0.016
1310670011,2006,1310670,13,022,01,#,1.21,#,0.015
1310670013,2006,1310670,13,022,01,#,1.65,#,0.014
1310670015,2006,1310670,13,022,01,#,1.21,#,0.008
1310670017,2006,1310670,13,022,01,#,1.69,#,0.009
1310670019,2006,1310670,13,022,01,#,1.45,#,0.015
1310670021,2006,1310670,13,022,01,#,1.13,#,0.007
1310670023,2006,1310670,13,022,01,#,1.22,#,0.012
1310690002,2006,1310690,13,023,01,#,3.98,#,0.196
1310690005,2006,1310690,13,023,01,#,2.69,#,0.523
1310690007,2006,1310690,13,023,01,#,3.63,#,0.275
1310690010,2006,1310690,13,023,01,#,1.45,#,0.131
1310690014,2006,1310690,13,023,01,#,3.74,#,0.176
1310690016,2006,1310690,13,023,01,#,2.83,#,0.085
1310690019,2006,1310690,13,023,01,#,4.52,#,0.061
1310690022,2006,1310690,13,023,01,#,4.69,#,0.108
1310690026,2006,1310690,13,023,01,#,6.09,#,0.14
1310690029,2006,1310690,13,023,01,#,5.48,#,0.103
1310690032,2006,1310690,13,023,01,#,6.12,#,0.448
1310690034,2006,1310690,13,023,01,#,2.39,#,0.16
1310700001,2006,1310700,13,024,01,#,2.25,#,0.028
1310700004,2006,1310700,13,024,01,#,1.27,#,0.027
1310700007,2006,1310700,13,024,01,#,2.24,#,0.065
1310700010,2006,1310700,13,024,01,#,2.59,#,0.043
1310700013,2006,1310700,13,024,01,#,2.96,#,0.035
1310700016,2006,1310700,13,024,01,#,2.39,#,0.04
1310700019,2006,1310700,13,024,01,#,6.07,#,0.425
1310700022,2006,1310700,13,024,01,#,4.13,#,0.03
1310700025,2006,1310700,13,024,01,#,3.9,#,0.031
1310700028,2006,1310700,13,024,01,#,4.54,#,0.033
1310700031,2006,1310700,13,024,01,#,4.58,#,0.018
1310700034,2006,1310700,13,024,01,#,4.6,#,0.027
1310730002,2006,1310730,13,025,01,#,3.14,#,0.204
1310730005,2006,1310730,13,025,01,#,2.32,#,0.082
1310730007,2006,1310730,13,025,01,#,2.73,#,0.054
1310730010,2006,1310730,13,025,01,#,2,#,0.098
1310730014,2006,1310730,13,025,01,#,2.64,#,0.058
1310730016,2006,1310730,13,025,01,#,1.96,#,0.074
1310730019,2006,1310730,13,025,01,#,2.66,#,0.036
1310730022,2006,1310730,13,025,01,#,2.94,#,0.045
1310730026,2006,1310730,13,025,01,#,2.91,#,0.06
1310730029,2006,1310730,13,025,01,#,2.95,#,0.077
1310730032,2006,1310730,13,025,01,#,2.97,#,0.064
1310730034,2006,1310730,13,025,01,#,0.65,#,0.048
1310740001,2006,1310740,13,026,01,#,4.11,#,0.299
1310740003,2006,1310740,13,026,01,#,4.32,#,0.323
1310740005,2006,1310740,13,026,01,#,4.29,#,0.288
1310740007,2006,1310740,13,026,01,#,4.43,#,0.355
1310740009,2006,1310740,13,026,01,#,4.92,#,0.365
1310740011,2006,1310740,13,026,01,#,4.98,#,0.363
1310740013,2006,1310740,13,026,01,#,4.74,#,0.325
1310740015,2006,1310740,13,026,01,#,4.9,#,0.449
1310740017,2006,1310740,13,026,01,#,4.09,#,0.264
1310740019,2006,1310740,13,026,01,#,4.11,#,0.277
1310740021,2006,1310740,13,026,01,#,4.05,#,0.257
1310740023,2006,1310740,13,026,01,#,4.16,#,0.313
1310740025,2006,1310740,13,026,01,#,4.37,#,0.27
1310740027,2006,1310740,13,026,01,#,3.04,#,0.241
1310740029,2006,1310740,13,026,01,#,2.91,#,0.239
1310740031,2006,1310740,13,026,01,#,3.5,#,0.241
1310740033,2006,1310740,13,026,01,#,3.92,#,0.192
1310740035,2006,1310740,13,026,01,#,3.82,#,0.206
1310740037,2006,1310740,13,026,01,#,3.88,#,0.214
1310740039,2006,1310740,13,026,01,#,4.03,#,0.3
1310740041,2006,1310740,13,026,01,#,3.95,#,0.162
1310740043,2006,1310740,13,026,01,#,3.08,#,0.16
1310740045,2006,1310740,13,026,01,#,2.96,#,0.211
1310740047,2006,1310740,13,026,01,#,3.49,#,0.201
1310740049,2006,1310740,13,026,01,#,3.29,#,0.224
1310740051,2006,1310740,13,026,01,#,3.24,#,0.183
1310740053,2006,1310740,13,026,01,#,3.39,#,0.169
1310740055,2006,1310740,13,026,01,#,3.74,#,0.192
1310740057,2006,1310740,13,026,01,#,4.21,#,0.208
1310740059,2006,1310740,13,026,01,#,4.04,#,0.189
1310740061,2006,1310740,13,026,01,#,4.08,#,0.19
1310740063,2006,1310740,13,026,01,#,4.29,#,0.233
1310740065,2006,1310740,13,026,01,#,4.74,#,0.257
1310740067,2006,1310740,13,026,01,#,4.68,#,0.25
1310740069,2006,1310740,13,026,01,#,4.68,#,0.227
1310740071,2006,1310740,13,026,01,#,4.78,#,0.253
1310740073,2006,1310740,13,026,01,#,4.26,#,0.158
1310740075,2006,1310740,13,026,01,#,4.14,#,0.166
1310740077,2006,1310740,13,026,01,#,4.34,#,0.188
1310740079,2006,1310740,13,026,01,#,4.72,#,0.211
1310740081,2006,1310740,13,026,01,#,5.14,#,0.322
1310740083,2006,1310740,13,026,01,#,5.32,#,0.329
1310740085,2006,1310740,13,026,01,#,5.16,#,0.274
1310740087,2006,1310740,13,026,01,#,5.22,#,0.306
1310740089,2006,1310740,13,026,01,#,5.01,#,0.307
1310740091,2006,1310740,13,026,01,#,4.88,#,0.303
1310740093,2006,1310740,13,026,01,#,5.03,#,0.272
1310740095,2006,1310740,13,026,01,#,5.13,#,0.286
1310750002,2006,1310750,13,025,02,#,4.67,#,0.331
1310750005,2006,1310750,13,025,02,#,3.61,#,0.34
1310750007,2006,1310750,13,025,02,#,4.63,#,0.246
1310750010,2006,1310750,13,025,02,#,3.4,#,0.264
1310750014,2006,1310750,13,025,02,#,4.01,#,0.216
1310750016,2006,1310750,13,025,02,#,5.79,#,0.436
1310750019,2006,1310750,13,025,02,#,3.85,#,0.234
1310750022,2006,1310750,13,025,02,#,5.31,#,0.266
1310750026,2006,1310750,13,025,02,#,4.35,#,0.225
1310750029,2006,1310750,13,025,02,#,2.87,#,0.219
1310750032,2006,1310750,13,025,02,#,5.64,#,0.396
1310750034,2006,1310750,13,025,02,#,4.11,#,0.443
1310780002,2006,1310780,13,027,01,#,1.86,#,0.024
1310780005,2006,1310780,13,027,01,#,1.33,#,0.052
1310780007,2006,1310780,13,027,01,#,1.98,#,0.022
1310780010,2006,1310780,13,027,01,#,0.95,#,0.038
1310780014,2006,1310780,13,027,01,#,1.91,#,0.035
1310780016,2006,1310780,13,027,01,#,1.07,#,0.003
1310780019,2006,1310780,13,027,01,#,2.17,#,0.021
1310780022,2006,1310780,13,027,01,#,2.58,#,0.022
1310780026,2006,1310780,13,027,01,#,2.49,#,0.029
1310780029,2006,1310780,13,027,01,#,0.84,#,0.018
1310780032,2006,1310780,13,027,01,#,2.47,#,0.026
1310780034,2006,1310780,13,027,01,#,0.34,#,0.026
1310790001,2006,1310790,13,028,01,#,3.99,#,0.157
1310790004,2006,1310790,13,028,01,#,5.17,#,0.272
1310790007,2006,1310790,13,028,01,#,4.03,#,0.192
1310790010,2006,1310790,13,028,01,#,3.76,#,0.114
1310790013,2006,1310790,13,028,01,#,3.59,#,0.081
1310790016,2006,1310790,13,028,01,#,3.08,#,0.11
1310790019,2006,1310790,13,028,01,#,3.22,#,0.177
1310790022,2006,1310790,13,028,01,#,3.93,#,0.14
1310790025,2006,1310790,13,028,01,#,4.16,#,0.162
1310790028,2006,1310790,13,028,01,#,3.41,#,0.059
1310790031,2006,1310790,13,028,01,#,4.7,#,0.26
1310790034,2006,1310790,13,028,01,#,4.8,#,0.24
1310800001,2006,1310800,13,029,01,#,1.89,#,0.047
1310800004,2006,1310800,13,029,01,#,2.04,#,0.131
1310800007,2006,1310800,13,029,01,#,2.5,#,0.049
1310800010,2006,1310800,13,029,01,#,2.31,#,0.13
1310800013,2006,1310800,13,029,01,#,1.63,#,0.037
1310800016,2006,1310800,13,029,01,#,1.35,#,0.043
1310800019,2006,1310800,13,029,01,#,2.19,#,0.053
1310800022,2006,1310800,13,029,01,#,2.12,#,0.077
1310800025,2006,1310800,13,029,01,#,2.46,#,0.056
1310800028,2006,1310800,13,029,01,#,2.21,#,0.044
1310800031,2006,1310800,13,029,01,#,1.83,#,0.061
1310800034,2006,1310800,13,029,01,#,1.87,#,0.051
1310810001,2006,1310810,13,030,01,#,8.46,#,0.109
1310810003,2006,1310810,13,030,01,#,9.05,#,0.113
1310810005,2006,1310810,13,030,01,#,8.46,#,0.115
1310810007,2006,1310810,13,030,01,#,8.42,#,0.109
1310810009,2006,1310810,13,030,01,#,11.5,#,0.236
1310810011,2006,1310810,13,030,01,#,11.8,#,0.237
1310810013,2006,1310810,13,030,01,#,11.8,#,0.218
1310810015,2006,1310810,13,030,01,#,10,#,0.211
1310810017,2006,1310810,13,030,01,#,11.2,#,0.215
1310810019,2006,1310810,13,030,01,#,1.37,#,0.094
1310810021,2006,1310810,13,030,01,#,1.39,#,0.09
1310810023,2006,1310810,13,030,01,#,7.78,#,0.233
1310810025,2006,1310810,13,030,01,#,8.46,#,0.101
1310810027,2006,1310810,13,030,01,#,4.23,#,0.271
1310810029,2006,1310810,13,030,01,#,5.02,#,0.218
1310810031,2006,1310810,13,030,01,#,2.82,#,0.159
1310810033,2006,1310810,13,030,01,#,8.06,#,0.07
1310810035,2006,1310810,13,030,01,#,7.33,#,0.121
1310810037,2006,1310810,13,030,01,#,7.25,#,0.077
1310810039,2006,1310810,13,030,01,#,7.16,#,0.053
1310810041,2006,1310810,13,030,01,#,3.66,#,0.064
1310810043,2006,1310810,13,030,01,#,3.49,#,0.051
1310810045,2006,1310810,13,030,01,#,3.66,#,0.058
1310810047,2006,1310810,13,030,01,#,6,#,0.45
1310810049,2006,1310810,13,030,01,#,6.56,#,0.1
1310810051,2006,1310810,13,030,01,#,6.1,#,0.094
1310810053,2006,1310810,13,030,01,#,6.35,#,0.084
1310810055,2006,1310810,13,030,01,#,6.18,#,0.077
1310810057,2006,1310810,13,030,01,#,7.34,#,0.066
1310810059,2006,1310810,13,030,01,#,6.64,#,0.066
1310810061,2006,1310810,13,030,01,#,6.97,#,0.055
1310810063,2006,1310810,13,030,01,#,6.56,#,0.053
1310810065,2006,1310810,13,030,01,#,8.22,#,0.053
1310810067,2006,1310810,13,030,01,#,8.22,#,0.059
1310810069,2006,1310810,13,030,01,#,8.26,#,0.06
1310810071,2006,1310810,13,030,01,#,8.95,#,0.059
1310810073,2006,1310810,13,030,01,#,8.03,#,0.035
1310810075,2006,1310810,13,030,01,#,9.4,#,0.044
1310810077,2006,1310810,13,030,01,#,6.17,#,0.053
1310810079,2006,1310810,13,030,01,#,7.24,#,0.037
1310810081,2006,1310810,13,030,01,#,9.99,#,0.053
1310810083,2006,1310810,13,030,01,#,9.12,#,0.055
1310810085,2006,1310810,13,030,01,#,7.53,#,0.036
1310810087,2006,1310810,13,030,01,#,7.37,#,0.042
1310810089,2006,1310810,13,030,01,#,12.7,#,0.121
1310810091,2006,1310810,13,030,01,#,10.8,#,0.132
1310810093,2006,1310810,13,030,01,#,8.51,#,0.077
1310810095,2006,1310810,13,030,01,#,8.82,#,0.036
1310820001,2006,1310820,13,030,51,#,1.55,#,0.049
1310820002,2006,1310820,13,030,51,#,1.16,#,0.082
1310820003,2006,1310820,13,030,51,#,1.38,#,0.082
1310820004,2006,1310820,13,030,51,#,1.89,#,0.068
1310820005,2006,1310820,13,030,51,#,3.01,#,0.043
1310820006,2006,1310820,13,030,51,#,3.66,#,0.072
1310820007,2006,1310820,13,030,51,#,4.41,#,0.049
1310820008,2006,1310820,13,030,51,#,6.44,#,0.033
1310820009,2006,1310820,13,030,51,#,6.74,#,0.025
1310820010,2006,1310820,13,030,51,#,6.14,#,0.021
1310820011,2006,1310820,13,030,51,#,6,#,0.025
1310820012,2006,1310820,13,030,51,#,4.82,#,0.075
1310830001,2006,1310830,13,031,01,#,4.71,#,0.265
1310830004,2006,1310830,13,031,01,#,6.37,#,0.404
1310830007,2006,1310830,13,031,01,#,3.85,#,0.267
1310830010,2006,1310830,13,031,01,#,5.48,#,0.278
1310830013,2006,1310830,13,031,01,#,5.11,#,0.183
1310830016,2006,1310830,13,031,01,#,3.99,#,0.166
1310830019,2006,1310830,13,031,01,#,4.86,#,0.116
1310830022,2006,1310830,13,031,01,#,5.52,#,0.212
1310830025,2006,1310830,13,031,01,#,6.09,#,0.222
1310830028,2006,1310830,13,031,01,#,5.86,#,0.22
1310830031,2006,1310830,13,031,01,#,5.47,#,0.23
1310830034,2006,1310830,13,031,01,#,5.78,#,0.243
1310850001,2006,1310850,13,032,01,#,1.28,#,0.021
1310850003,2006,1310850,13,032,01,#,1.53,#,0.04
1310850005,2006,1310850,13,032,01,#,1.77,#,0.034
1310850007,2006,1310850,13,032,01,#,1.6,#,0.032
1310850009,2006,1310850,13,032,01,#,1.59,#,0.029
1310850011,2006,1310850,13,032,01,#,1.83,#,0.025
1310850013,2006,1310850,13,032,01,#,1.78,#,0.023
1310850015,2006,1310850,13,032,01,#,1.5,#,0.021
1310850017,2006,1310850,13,032,01,#,1.53,#,0.019
1310850019,2006,1310850,13,032,01,#,1.5,#,0.019
1310850021,2006,1310850,13,032,01,#,1.32,#,0.009
1310850023,2006,1310850,13,032,01,#,1.33,#,0.015
1310860001,2006,1310860,13,032,02,#,1.99,#,0.067
1310860003,2006,1310860,13,032,02,#,2.05,#,0.102
1310860005,2006,1310860,13,032,02,#,2.49,#,0.059
1310860007,2006,1310860,13,032,02,#,2.04,#,0.06
1310860009,2006,1310860,13,032,02,#,1.9,#,0.044
1310860011,2006,1310860,13,032,02,#,2.13,#,0.038
1310860013,2006,1310860,13,032,02,#,2.52,#,0.032
1310860015,2006,1310860,13,032,02,#,2.04,#,0.037
1310860017,2006,1310860,13,032,02,#,1.86,#,0.031
1310860019,2006,1310860,13,032,02,#,1.97,#,0.032
1310860021,2006,1310860,13,032,02,#,1.72,#,0.03
1310860023,2006,1310860,13,032,02,#,1.84,#,0.051
1310870001,2006,1310870,13,034,01,#,10.5,#,0.247
1310870004,2006,1310870,13,034,01,#,10.8,#,0.313
1310870007,2006,1310870,13,034,01,#,7.7,#,0.175
1310870010,2006,1310870,13,034,01,#,8.05,#,0.221
1310870013,2006,1310870,13,034,01,#,7.02,#,0.144
1310870016,2006,1310870,13,034,01,#,7.86,#,0.179
1310870019,2006,1310870,13,034,01,#,8.29,#,0.151
1310870022,2006,1310870,13,034,01,#,8.63,#,0.119
1310870025,2006,1310870,13,034,01,#,9.18,#,0.122
1310870028,2006,1310870,13,034,01,#,9.36,#,0.131
1310870031,2006,1310870,13,034,01,#,10.8,#,0.322
1310870034,2006,1310870,13,034,01,#,12.5,#,0.258
1310880001,2006,1310880,13,035,01,#,6.57,#,0.06
1310880004,2006,1310880,13,035,01,#,6.06,#,0.053
1310880007,2006,1310880,13,035,01,#,6.47,#,0.03
1310880010,2006,1310880,13,035,01,#,6.24,#,0.031
1310880013,2006,1310880,13,035,01,#,6.66,#,0.032
1310880016,2006,1310880,13,035,01,#,7.05,#,0.033
1310880019,2006,1310880,13,035,01,#,6.56,#,0.035
1310880022,2006,1310880,13,035,01,#,7,#,0.039
1310880025,2006,1310880,13,035,01,#,6.44,#,0.047
1310880028,2006,1310880,13,035,01,#,6.7,#,0.058
1310880031,2006,1310880,13,035,01,#,6.58,#,0.041
1310880034,2006,1310880,13,035,01,#,6.67,#,0.035
1310940001,2006,1310940,13,036,01,#,6.56,#,0.19
1310940004,2006,1310940,13,036,01,#,7.79,#,0.223
1310940007,2006,1310940,13,036,01,#,7.25,#,0.178
1310940010,2006,1310940,13,036,01,#,6.35,#,0.162
1310940013,2006,1310940,13,036,01,#,6.5,#,0.155
1310940016,2006,1310940,13,036,01,#,4.59,#,0.166
1310940019,2006,1310940,13,036,01,#,5.84,#,0.286
1310940022,2006,1310940,13,036,01,#,6.46,#,0.13
1310940025,2006,1310940,13,036,01,#,7.6,#,0.15
1310940028,2006,1310940,13,036,01,#,5.81,#,0.13
1310940031,2006,1310940,13,036,01,#,7.49,#,0.274
1310940034,2006,1310940,13,036,01,#,8.04,#,0.214
1310950001,2006,1310950,13,037,01,#,11.1,#,0.131
1310950004,2006,1310950,13,037,01,#,14.3,#,0.264
1310950007,2006,1310950,13,037,01,#,11.8,#,0.228
1310950010,2006,1310950,13,037,01,#,10,#,0.109
1310950013,2006,1310950,13,037,01,#,9.2,#,0.061
1310950016,2006,1310950,13,037,01,#,7.83,#,0.11
1310950019,2006,1310950,13,037,01,#,8.32,#,0.095
1310950022,2006,1310950,13,037,01,#,9.01,#,0.055
1310950025,2006,1310950,13,037,01,#,10.5,#,0.066
1310950028,2006,1310950,13,037,01,#,9.53,#,0.037
1310950031,2006,1310950,13,037,01,#,9.96,#,0.049
1310950034,2006,1310950,13,037,01,#,10.9,#,0.117
1310960001,2006,1310960,13,038,01,#,2.22,#,0.066
1310960004,2006,1310960,13,038,01,#,3.37,#,0.014
1310960007,2006,1310960,13,038,01,#,2.63,#,0.051
1310960010,2006,1310960,13,038,01,#,3.72,#,0.059
1310960013,2006,1310960,13,038,01,#,2.97,#,0.028
1310960016,2006,1310960,13,038,01,#,3.34,#,0.03
1310960019,2006,1310960,13,038,01,#,5.44,#,0.048
1310960022,2006,1310960,13,038,01,#,4.57,#,0.038
1310960025,2006,1310960,13,038,01,#,4.42,#,0.038
1310960028,2006,1310960,13,038,01,#,4.04,#,0.036
1310960031,2006,1310960,13,038,01,#,4.34,#,0.02
1310960034,2006,1310960,13,038,01,#,4.04,#,0.04
1310970004,2006,1310970,13,039,51,#,2.92,#,0.253
1310970011,2006,1310970,13,039,51,#,4.25,#,0.259
1310970018,2006,1310970,13,039,51,#,4.05,#,0.272
1310970025,2006,1310970,13,039,51,#,7.12,#,0.285
1310980001,2006,1310980,13,043,01,#,3.34,#,0.136
1310980004,2006,1310980,13,043,01,#,1.5,#,0.085
1310980007,2006,1310980,13,043,01,#,1.99,#,0.102
1310980010,2006,1310980,13,043,01,#,2.28,#,0.069
1310980013,2006,1310980,13,043,01,#,2.32,#,0.106
1310980016,2006,1310980,13,043,01,#,2.53,#,0.11
1310980019,2006,1310980,13,043,01,#,3.16,#,0.094
1310980022,2006,1310980,13,043,01,#,3.28,#,0.076
1310980025,2006,1310980,13,043,01,#,3.05,#,0.083
1310980028,2006,1310980,13,043,01,#,3.93,#,0.101
1310980031,2006,1310980,13,043,01,#,4.42,#,0.131
1310980034,2006,1310980,13,043,01,#,4.1,#,0.103
1310990001,2006,1310990,13,202,01,#,7.66,#,0.432
1310990004,2006,1310990,13,202,01,#,2.75,#,0.322
1310990007,2006,1310990,13,202,01,#,2.3,#,0.243
1310990010,2006,1310990,13,202,01,#,2.87,#,0.234
1310990013,2006,1310990,13,202,01,#,2.99,#,0.484
1310990016,2006,1310990,13,202,01,#,3.15,#,0.292
1310990019,2006,1310990,13,202,01,#,2.88,#,0.172
1310990022,2006,1310990,13,202,01,#,5.28,#,0.184
1310990025,2006,1310990,13,202,01,#,5.07,#,0.206
1310990028,2006,1310990,13,202,01,#,5.65,#,0.229
1310990031,2006,1310990,13,202,01,#,7.47,#,0.29
1310990034,2006,1310990,13,202,01,#,8.19,#,0.279
1311000001,2006,1311000,13,044,01,#,6.35,#,0.281
1311000004,2006,1311000,13,044,01,#,2.85,#,0.164
1311000007,2006,1311000,13,044,01,#,2.32,#,0.143
1311000010,2006,1311000,13,044,01,#,2.64,#,0.164
1311000013,2006,1311000,13,044,01,#,2.67,#,0.245
1311000016,2006,1311000,13,044,01,#,2.84,#,0.25
1311000019,2006,1311000,13,044,01,#,2.99,#,0.097
1311000022,2006,1311000,13,044,01,#,3.76,#,0.101
1311000025,2006,1311000,13,044,01,#,3.32,#,0.096
1311000028,2006,1311000,13,044,01,#,6.63,#,0.156
1311000031,2006,1311000,13,044,01,#,4.87,#,0.168
1311000034,2006,1311000,13,044,01,#,5.38,#,0.15
1311010001,2006,1311010,13,044,51,#,4.55,#,0.216
1311010004,2006,1311010,13,044,51,#,1.83,#,0.129
1311010007,2006,1311010,13,044,51,#,2.63,#,0.385
1311010010,2006,1311010,13,044,51,#,2.37,#,0.162
1311010013,2006,1311010,13,044,51,#,2.19,#,0.16
1311010016,2006,1311010,13,044,51,#,2.84,#,0.307
1311010019,2006,1311010,13,044,51,#,2.88,#,0.099
1311010022,2006,1311010,13,044,51,#,4.39,#,0.107
1311010025,2006,1311010,13,044,51,#,2.96,#,0.088
1311010028,2006,1311010,13,044,51,#,3.79,#,0.108
1311010031,2006,1311010,13,044,51,#,3.88,#,0.136
1311010034,2006,1311010,13,044,51,#,4,#,0.131
1311020001,2006,1311020,13,204,01,#,5.35,#,0.257
1311020002,2006,1311020,13,204,01,#,2.06,#,0.134
1311020003,2006,1311020,13,204,01,#,1.91,#,0.103
1311020004,2006,1311020,13,204,01,#,2.18,#,0.125
1311020005,2006,1311020,13,204,01,#,1.82,#,0.135
1311020006,2006,1311020,13,204,01,#,1.84,#,0.095
1311020007,2006,1311020,13,204,01,#,2.2,#,0.128
1311020008,2006,1311020,13,204,01,#,4.55,#,0.151
1311020009,2006,1311020,13,204,01,#,4.42,#,0.18
1311020010,2006,1311020,13,204,01,#,6.61,#,0.303
1311020011,2006,1311020,13,204,01,#,5.79,#,0.179
1311020012,2006,1311020,13,204,01,#,7.9,#,0.252
1311030001,2006,1311030,13,049,01,#,3.84,#,0.302
1311030004,2006,1311030,13,049,01,#,3.89,#,0.309
1311030007,2006,1311030,13,049,01,#,4.07,#,0.378
1311030010,2006,1311030,13,049,01,#,3.15,#,0.373
1311030013,2006,1311030,13,049,01,#,3.09,#,0.407
1311030016,2006,1311030,13,049,01,#,3.32,#,0.437
1311030019,2006,1311030,13,049,01,#,2.87,#,0.199
1311030022,2006,1311030,13,049,01,#,3.38,#,0.213
1311030025,2006,1311030,13,049,01,#,3.57,#,0.233
1311030028,2006,1311030,13,049,01,#,4.31,#,0.224
1311030031,2006,1311030,13,049,01,#,3.58,#,0.178
1311030034,2006,1311030,13,049,01,#,4.96,#,0.138
1311050001,2006,1311050,13,050,01,#,4.49,#,0.28
1311050005,2006,1311050,13,050,01,#,3.79,#,0.28
1311050007,2006,1311050,13,050,01,#,4,#,0.319
1311050010,2006,1311050,13,050,01,#,3.58,#,0.362
1311050013,2006,1311050,13,050,01,#,3.11,#,0.337
1311050016,2006,1311050,13,050,01,#,2.67,#,0.409
1311050019,2006,1311050,13,050,01,#,4.23,#,0.187
1311050022,2006,1311050,13,050,01,#,4.76,#,0.224
1311050025,2006,1311050,13,050,01,#,4.27,#,0.217
1311050028,2006,1311050,13,050,01,#,3.77,#,0.218
1311050031,2006,1311050,13,050,01,#,4.17,#,0.19
1311050034,2006,1311050,13,050,01,#,6.5,#,0.234
1311100001,2006,1311100,13,059,01,#,3.71,#,0.031
1311100004,2006,1311100,13,059,01,#,4.49,#,0.039
1311100007,2006,1311100,13,059,01,#,4.17,#,0.05
1311100010,2006,1311100,13,059,01,#,4.38,#,0.042
1311100013,2006,1311100,13,059,01,#,4.94,#,0.048
1311100016,2006,1311100,13,059,01,#,3.9,#,0.037
1311100019,2006,1311100,13,059,01,#,5.22,#,0.023
1311100022,2006,1311100,13,059,01,#,4.68,#,0.026
1311100025,2006,1311100,13,059,01,#,4.32,#,0.022
1311100028,2006,1311100,13,059,01,#,4.59,#,0.018
1311100031,2006,1311100,13,059,01,#,4.75,#,0.031
1311100034,2006,1311100,13,059,01,#,4.55,#,0.029
1311110001,2006,1311110,13,041,01,#,2.03,#,0.024
1311110004,2006,1311110,13,041,01,#,2.14,#,0.036
1311110007,2006,1311110,13,041,01,#,3.46,#,0.029
1311110010,2006,1311110,13,041,01,#,2.41,#,0.029
1311110013,2006,1311110,13,041,01,#,3.08,#,0.017
1311110016,2006,1311110,13,041,01,#,3.67,#,0.014
1311110019,2006,1311110,13,041,01,#,4.15,#,0.022
1311110022,2006,1311110,13,041,01,#,4.11,#,0.016
1311110025,2006,1311110,13,041,01,#,3.09,#,0.016
1311110028,2006,1311110,13,041,01,#,3.31,#,0.008
1311110031,2006,1311110,13,041,01,#,2.65,#,0.013
1311110034,2006,1311110,13,041,01,#,2.22,#,0.014
1311130001,2006,1311130,13,215,01,#,6.88,#,0.033
1311130004,2006,1311130,13,215,01,#,7.02,#,0.031
1311130007,2006,1311130,13,215,01,#,6.79,#,0.032
1311130010,2006,1311130,13,215,01,#,6.82,#,0.035
1311130013,2006,1311130,13,215,01,#,6.98,#,0.032
1311130016,2006,1311130,13,215,01,#,7.4,#,0.027
1311130019,2006,1311130,13,215,01,#,6.94,#,0.033
1311130022,2006,1311130,13,215,01,#,7.86,#,0.023
1311130025,2006,1311130,13,215,01,#,6.75,#,0.043
1311130028,2006,1311130,13,215,01,#,7.35,#,0.026
1311130031,2006,1311130,13,215,01,#,7.53,#,0.041
1311130034,2006,1311130,13,215,01,#,7.39,#,0.027
1311140001,2006,1311140,13,005,54,#,5.39,#,0.49
1311140004,2006,1311140,13,005,54,#,3.09,#,0.221
1311140007,2006,1311140,13,005,54,#,2.96,#,0.272
1311140010,2006,1311140,13,005,54,#,3.27,#,0.207
1311140013,2006,1311140,13,005,54,#,2.92,#,0.242
1311140016,2006,1311140,13,005,54,#,3.38,#,0.213
1311140020,2006,1311140,13,005,54,#,4.29,#,0.175
1311140022,2006,1311140,13,005,54,#,5.22,#,0.175
1311140025,2006,1311140,13,005,54,#,5.37,#,0.211
1311140028,2006,1311140,13,005,54,#,5.83,#,0.314
1311140032,2006,1311140,13,005,54,#,5.37,#,0.36
1311140034,2006,1311140,13,005,54,#,6.41,#,0.276
1311160001,2006,1311160,13,042,01,#,1.66,#,0.09
1311160004,2006,1311160,13,042,01,#,2.13,#,0.153
1311160007,2006,1311160,13,042,01,#,2.35,#,0.092
1311160010,2006,1311160,13,042,01,#,1.97,#,0.088
1311160013,2006,1311160,13,042,01,#,1.88,#,0.071
1311160016,2006,1311160,13,042,01,#,2.17,#,0.052
1311160019,2006,1311160,13,042,01,#,2.55,#,0.044
1311160022,2006,1311160,13,042,01,#,1.98,#,0.059
1311160025,2006,1311160,13,042,01,#,2.23,#,0.05
1311160028,2006,1311160,13,042,01,#,1.86,#,0.039
1311160031,2006,1311160,13,042,01,#,1.97,#,0.052
1311160034,2006,1311160,13,042,01,#,2.13,#,0.096
1311170001,2006,1311170,13,056,01,#,0.68,#,0.01
1311170003,2006,1311170,13,056,01,#,0.73,#,0.013
1311170005,2006,1311170,13,056,01,#,0.8,#,0.014
1311170007,2006,1311170,13,056,01,#,0.89,#,0.016
1311170009,2006,1311170,13,056,01,#,0.98,#,0.018
1311170011,2006,1311170,13,056,01,#,0.9,#,0.019
1311170013,2006,1311170,13,056,01,#,1.04,#,0.02
1311170015,2006,1311170,13,056,01,#,0.84,#,0.036
1311170017,2006,1311170,13,056,01,#,0.82,#,0.013
1311170019,2006,1311170,13,056,01,#,0.85,#,0.012
1311170021,2006,1311170,13,056,01,#,0.72,#,0.009
1311170023,2006,1311170,13,056,01,#,0.74,#,0.008
1311200001,2006,1311200,13,219,01,#,5.39,#,0.457
1311200004,2006,1311200,13,219,01,#,3.26,#,0.265
1311200007,2006,1311200,13,219,01,#,2.89,#,0.355
1311200010,2006,1311200,13,219,01,#,3.49,#,0.223
1311200013,2006,1311200,13,219,01,#,3.76,#,0.405
1311200016,2006,1311200,13,219,01,#,4.17,#,0.396
1311200019,2006,1311200,13,219,01,#,3.81,#,0.127
1311200022,2006,1311200,13,219,01,#,4.89,#,0.221
1311200025,2006,1311200,13,219,01,#,5.12,#,0.204
1311200028,2006,1311200,13,219,01,#,5.93,#,0.314
1311200031,2006,1311200,13,219,01,#,5.09,#,0.324
1311200034,2006,1311200,13,219,01,#,6.37,#,0.309
1311210002,2006,1311210,13,054,01,#,5.33,#,0.16
1311210005,2006,1311210,13,054,01,#,2.63,#,0.135
1311210007,2006,1311210,13,054,01,#,3.53,#,0.083
1311210010,2006,1311210,13,054,01,#,2.6,#,0.075
1311210014,2006,1311210,13,054,01,#,4.27,#,0.073
1311210016,2006,1311210,13,054,01,#,2.62,#,0.073
1311210019,2006,1311210,13,054,01,#,4.42,#,0.019
1311210022,2006,1311210,13,054,01,#,4.58,#,0.048
1311210026,2006,1311210,13,054,01,#,4.23,#,0.067
1311210029,2006,1311210,13,054,01,#,3.62,#,0.068
1311210032,2006,1311210,13,054,01,#,4.42,#,0.108
1311210034,2006,1311210,13,054,01,#,2.97,#,0.094
1311220002,2006,1311220,13,055,01,#,3.26,#,0.17
1311220005,2006,1311220,13,055,01,#,2.37,#,0.18
1311220007,2006,1311220,13,055,01,#,3.63,#,0.126
1311220010,2006,1311220,13,055,01,#,1.6,#,0.095
1311220014,2006,1311220,13,055,01,#,3.43,#,0.096
1311220016,2006,1311220,13,055,01,#,4.51,#,0.063
1311220019,2006,1311220,13,055,01,#,3.04,#,0.063
1311220022,2006,1311220,13,055,01,#,3.95,#,0.085
1311220026,2006,1311220,13,055,01,#,3.87,#,0.088
1311220029,2006,1311220,13,055,01,#,2.01,#,0.176
1311220032,2006,1311220,13,055,01,#,3.91,#,0.143
1311220034,2006,1311220,13,055,01,#,1.15,#,0.036
1311230001,2006,1311230,13,029,51,#,1.84,#,0.097
1311230002,2006,1311230,13,029,51,#,1.44,#,0.123
1311230003,2006,1311230,13,029,51,#,1.58,#,0.07
1311230004,2006,1311230,13,029,51,#,0.6,#,0.178
1311230005,2006,1311230,13,029,51,#,1.38,#,0.08
1311230006,2006,1311230,13,029,51,#,3.05,#,0.05
1311230007,2006,1311230,13,029,51,#,1.39,#,0.031
1311230008,2006,1311230,13,029,51,#,2.13,#,0.068
1311230009,2006,1311230,13,029,51,#,2.33,#,0.083
1311230010,2006,1311230,13,029,51,#,1.23,#,0.057
1311230011,2006,1311230,13,029,51,#,2.11,#,0.113
1311230012,2006,1311230,13,029,51,#,0.81,#,0.166
1311260001,2006,1311260,13,222,01,#,11.7,#,0.774
1311260004,2006,1311260,13,222,01,#,10.6,#,0.118
1311260007,2006,1311260,13,222,01,#,9.71,#,0.099
1311260010,2006,1311260,13,222,01,#,9.19,#,0.169
1311260013,2006,1311260,13,222,01,#,8.48,#,0.08
1311260016,2006,1311260,13,222,01,#,6.92,#,0.48
1311260019,2006,1311260,13,222,01,#,7.67,#,0.557
1311260022,2006,1311260,13,222,01,#,9.63,#,0.068
1311260025,2006,1311260,13,222,01,#,10,#,0.187
1311260028,2006,1311260,13,222,01,#,9.71,#,0.398
1311260031,2006,1311260,13,222,01,#,10.7,#,0.144
1311260034,2006,1311260,13,222,01,#,11.4,#,0.085
1311270001,2006,1311270,13,047,01,#,6.66,#,0.783
1311270004,2006,1311270,13,047,01,#,6.17,#,0.649
1311270007,2006,1311270,13,047,01,#,6.15,#,0.692
1311270010,2006,1311270,13,047,01,#,5.38,#,0.751
1311270013,2006,1311270,13,047,01,#,5.37,#,0.69
1311270016,2006,1311270,13,047,01,#,4.53,#,0.619
1311270019,2006,1311270,13,047,01,#,6.01,#,0.339
1311270022,2006,1311270,13,047,01,#,6.43,#,0.503
1311270025,2006,1311270,13,047,01,#,6.46,#,0.561
1311270028,2006,1311270,13,047,01,#,5.97,#,0.574
1311270031,2006,1311270,13,047,01,#,6.78,#,0.513
1311270034,2006,1311270,13,047,01,#,7.98,#,0.576
1311280001,2006,1311280,13,040,01,#,4.36,#,0.309
1311280004,2006,1311280,13,040,01,#,3.91,#,0.32
1311280007,2006,1311280,13,040,01,#,4.11,#,0.378
1311280010,2006,1311280,13,040,01,#,3.6,#,0.427
1311280013,2006,1311280,13,040,01,#,5.28,#,0.373
1311280016,2006,1311280,13,040,01,#,3.06,#,0.413
1311280019,2006,1311280,13,040,01,#,2.76,#,0.172
1311280022,2006,1311280,13,040,01,#,3.75,#,0.212
1311280025,2006,1311280,13,040,01,#,3.91,#,0.241
1311280028,2006,1311280,13,040,01,#,4.19,#,0.231
1311280031,2006,1311280,13,040,01,#,3.86,#,0.2
1311280034,2006,1311280,13,040,01,#,5.36,#,0.227
1311290001,2006,1311290,13,045,01,#,4.47,#,0.302
1311290004,2006,1311290,13,045,01,#,4.15,#,0.276
1311290007,2006,1311290,13,045,01,#,4.02,#,0.311
1311290010,2006,1311290,13,045,01,#,3.79,#,0.346
1311290013,2006,1311290,13,045,01,#,3.43,#,0.337
1311290016,2006,1311290,13,045,01,#,2.81,#,0.365
1311290019,2006,1311290,13,045,01,#,5.3,#,0.226
1311290022,2006,1311290,13,045,01,#,5.53,#,0.249
1311290025,2006,1311290,13,045,01,#,4.74,#,0.232
1311290028,2006,1311290,13,045,01,#,4.49,#,0.232
1311290031,2006,1311290,13,045,01,#,6.44,#,0.231
1311290034,2006,1311290,13,045,01,#,7.14,#,0.245
1311300001,2006,1311300,13,048,01,#,4.94,#,0.342
1311300004,2006,1311300,13,048,01,#,3.94,#,0.394
1311300007,2006,1311300,13,048,01,#,4.44,#,0.364
1311300010,2006,1311300,13,048,01,#,4.92,#,0.377
1311300013,2006,1311300,13,048,01,#,4.41,#,0.355
1311300016,2006,1311300,13,048,01,#,2.94,#,0.422
1311300019,2006,1311300,13,048,01,#,2.65,#,0.178
1311300022,2006,1311300,13,048,01,#,4.25,#,0.213
1311300026,2006,1311300,13,048,01,#,5.22,#,0.252
1311300028,2006,1311300,13,048,01,#,4.06,#,0.234
1311300031,2006,1311300,13,048,01,#,3.51,#,0.214
1311300034,2006,1311300,13,048,01,#,5.41,#,0.208
1311310001,2006,1311310,13,046,01,#,5.49,#,0.358
1311310004,2006,1311310,13,046,01,#,5.04,#,0.322
1311310007,2006,1311310,13,046,01,#,4.45,#,0.331
1311310011,2006,1311310,13,046,01,#,5.26,#,0.458
1311310013,2006,1311310,13,046,01,#,3.4,#,0.392
1311310016,2006,1311310,13,046,01,#,2.88,#,0.406
1311310019,2006,1311310,13,046,01,#,5.07,#,0.211
1311310022,2006,1311310,13,046,01,#,6.02,#,0.262
1311310025,2006,1311310,13,046,01,#,5.12,#,0.254
1311310028,2006,1311310,13,046,01,#,4.33,#,0.238
1311310031,2006,1311310,13,046,01,#,6.55,#,0.241
1311310034,2006,1311310,13,046,01,#,7.04,#,0.258
1311320001,2006,1311320,13,057,01,#,0.89,#,0.011
1311320003,2006,1311320,13,057,01,#,1.18,#,0.03
1311320005,2006,1311320,13,057,01,#,1.27,#,0.02
1311320007,2006,1311320,13,057,01,#,1.15,#,0.018
1311320009,2006,1311320,13,057,01,#,1.4,#,0.015
1311320011,2006,1311320,13,057,01,#,1.17,#,0.017
1311320013,2006,1311320,13,057,01,#,1.36,#,0.015
1311320015,2006,1311320,13,057,01,#,1.11,#,0.012
1311320017,2006,1311320,13,057,01,#,1.16,#,0.012
1311320019,2006,1311320,13,057,01,#,1.22,#,0.013
1311320021,2006,1311320,13,057,01,#,1.09,#,0.011
1311320023,2006,1311320,13,057,01,#,0.94,#,0.01
1311330001,2006,1311330,13,058,01,#,1.07,#,0.013
1311330003,2006,1311330,13,058,01,#,1.35,#,0.024
1311330005,2006,1311330,13,058,01,#,1.3,#,0.02
1311330007,2006,1311330,13,058,01,#,1.46,#,0.025
1311330009,2006,1311330,13,058,01,#,1.29,#,0.019
1311330011,2006,1311330,13,058,01,#,1.38,#,0.022
1311330013,2006,1311330,13,058,01,#,1.62,#,0.022
1311330015,2006,1311330,13,058,01,#,1.29,#,0.017
1311330017,2006,1311330,13,058,01,#,1.38,#,0.015
1311330019,2006,1311330,13,058,01,#,1.31,#,0.017
1311330021,2006,1311330,13,058,01,#,1.2,#,0.014
1311330023,2006,1311330,13,058,01,#,1.21,#,0.017
1311340002,2006,1311340,13,053,01,#,5.36,#,0.398
1311340005,2006,1311340,13,053,01,#,2.92,#,0.334
1311340007,2006,1311340,13,053,01,#,3.69,#,0.148
1311340010,2006,1311340,13,053,01,#,2.3,#,0.123
1311340014,2006,1311340,13,053,01,#,4.5,#,0.223
1311340016,2006,1311340,13,053,01,#,2.82,#,0.189
1311340019,2006,1311340,13,053,01,#,4.06,#,0.07
1311340022,2006,1311340,13,053,01,#,4.8,#,0.147
1311340026,2006,1311340,13,053,01,#,4.68,#,0.191
1311340029,2006,1311340,13,053,01,#,2.66,#,0.121
1311340032,2006,1311340,13,053,01,#,5.34,#,0.245
1311340034,2006,1311340,13,053,01,#,1.96,#,0.254
1311350002,2006,1311350,13,051,01,#,1.85,#,0.057
1311350004,2006,1311350,13,051,01,#,0.99,#,0.055
1311350005,2006,1311350,13,051,01,#,1.77,#,0.039
1311350007,2006,1311350,13,051,01,#,0.8,#,0.04
1311350010,2006,1311350,13,051,01,#,2.02,#,0.072
1311350011,2006,1311350,13,051,01,#,3.26,#,0.013
1311350013,2006,1311350,13,051,01,#,1.08,#,0.005
1311350015,2006,1311350,13,051,01,#,1.9,#,0.027
1311350018,2006,1311350,13,051,01,#,1.79,#,0.031
1311350020,2006,1311350,13,051,01,#,1.27,#,0.08
1311350022,2006,1311350,13,051,01,#,1.85,#,0.04
1311350023,2006,1311350,13,051,01,#,1.56,#,0.031
1311360001,2006,1311360,13,052,01,#,3.26,#,0.215
1311360003,2006,1311360,13,052,01,#,4.13,#,0.235
1311360005,2006,1311360,13,052,01,#,3.38,#,0.17
1311360007,2006,1311360,13,052,01,#,3.1,#,0.188
1311360009,2006,1311360,13,052,01,#,2.75,#,0.159
1311360011,2006,1311360,13,052,01,#,3.06,#,0.131
1311360013,2006,1311360,13,052,01,#,2.91,#,0.114
1311360015,2006,1311360,13,052,01,#,2.94,#,0.113
1311360017,2006,1311360,13,052,01,#,3.44,#,0.118
1311360019,2006,1311360,13,052,01,#,3.23,#,0.075
1311360021,2006,1311360,13,052,01,#,3.32,#,0.208
1311360023,2006,1311360,13,052,01,#,3.23,#,0.141
1320010001,2006,1320010,13,501,51,#,0.61,#,0.012
1320010002,2006,1320010,13,501,51,#,0.56,#,0.009
1320010003,2006,1320010,13,501,51,#,0.62,#,0.008
1320010004,2006,1320010,13,501,51,#,0.59,#,0.008
1320010005,2006,1320010,13,501,51,#,0.45,#,0.005
1320010006,2006,1320010,13,501,51,#,0.57,#,0.006
1320010007,2006,1320010,13,501,51,#,0.48,#,0.008
1320010008,2006,1320010,13,501,51,#,0.59,#,0.005
1320010009,2006,1320010,13,501,51,#,0.49,#,0.014
1320010010,2006,1320010,13,501,51,#,0.55,#,0.006
1320010011,2006,1320010,13,501,51,#,0.4,#,0.01
1320010012,2006,1320010,13,501,51,#,0.55,#,0.006
1320010013,2006,1320010,13,501,51,#,0.43,#,0.011
1320010014,2006,1320010,13,501,51,#,0.6,#,0.011
1320010015,2006,1320010,13,501,51,#,0.59,#,0.011
1320010016,2006,1320010,13,501,51,#,0.59,#,0.008
1320010017,2006,1320010,13,501,51,#,0.54,#,0.006
1320010018,2006,1320010,13,501,51,#,0.53,#,0.007
1320010019,2006,1320010,13,501,51,#,0.55,#,0.006
1320010020,2006,1320010,13,501,51,#,0.57,#,0.016
1320010021,2006,1320010,13,501,51,#,0.54,#,0.005
1320010022,2006,1320010,13,501,51,#,0.58,#,0.017
1320010023,2006,1320010,13,501,51,#,0.57,#,0.007
1320010024,2006,1320010,13,501,51,#,0.56,#,0.012
1320020001,2006,1320020,13,501,01,#,0.47,#,0.005
1320020002,2006,1320020,13,501,01,#,0.47,#,0.005
1320020003,2006,1320020,13,501,01,#,0.47,#,0.006
1320020004,2006,1320020,13,501,01,#,0.59,#,0.005
1320020005,2006,1320020,13,501,01,#,0.5,#,0.005
1320020006,2006,1320020,13,501,01,#,0.48,#,0.005
1320020007,2006,1320020,13,501,01,#,0.5,#,0.003
1320020008,2006,1320020,13,501,01,#,0.51,#,0.003
1320020009,2006,1320020,13,501,01,#,0.46,#,0.005
1320020010,2006,1320020,13,501,01,#,0.48,#,0.003
1320020011,2006,1320020,13,501,01,#,0.5,#,0.003
1320020012,2006,1320020,13,501,01,#,0.44,#,0.005
1320020013,2006,1320020,13,501,01,#,0.5,#,0.008
1320020014,2006,1320020,13,501,01,#,0.52,#,0.006
1320020015,2006,1320020,13,501,01,#,0.54,#,0.005
1320020016,2006,1320020,13,501,01,#,0.41,#,0.006
1320020017,2006,1320020,13,501,01,#,0.49,#,0.003
1320020018,2006,1320020,13,501,01,#,0.48,#,0.004
1320020019,2006,1320020,13,501,01,#,0.48,#,0.008
1320020020,2006,1320020,13,501,01,#,0.53,#,0.004
1320020021,2006,1320020,13,501,01,#,0.54,#,0.006
1320020022,2006,1320020,13,501,01,#,0.58,#,0.01
1320020023,2006,1320020,13,501,01,#,0.56,#,0.005
1320020024,2006,1320020,13,501,01,#,0.51,#,0.004
1320020025,2006,1320020,13,501,01,#,0.55,#,0.005
1320020026,2006,1320020,13,501,01,#,0.51,#,0.003
1320020027,2006,1320020,13,501,01,#,0.48,#,0.011
1320020028,2006,1320020,13,501,01,#,0.57,#,0.006
1320020029,2006,1320020,13,501,01,#,0.59,#,0.008
1320020030,2006,1320020,13,501,01,#,0.45,#,0.012
1320020031,2006,1320020,13,501,01,#,0.57,#,0.004
1320020032,2006,1320020,13,501,01,#,0.53,#,0.005
1320020033,2006,1320020,13,501,01,#,0.49,#,0.005
1320020034,2006,1320020,13,501,01,#,0.56,#,0.005
1320020035,2006,1320020,13,501,01,#,0.63,#,0.004
1320020036,2006,1320020,13,501,01,#,0.49,#,0.007
1330010001,2006,1330010,13,601,01,#,2.6,#,0.228
1330010002,2006,1330010,13,601,01,#,0.92,#,0.097
1330010003,2006,1330010,13,601,01,#,2.69,#,0.222
1330010004,2006,1330010,13,601,01,#,1.15,#,0.118
1330010005,2006,1330010,13,601,01,#,3.23,#,0.353
1330010006,2006,1330010,13,601,01,#,0.76,#,0.105
1330010007,2006,1330010,13,601,01,#,2.53,#,0.292
1330010008,2006,1330010,13,601,01,#,1.17,#,0.167
1330010009,2006,1330010,13,601,01,#,2.99,#,0.385
1330010010,2006,1330010,13,601,01,#,0.48,#,0.177
1330010012,2006,1330010,13,601,01,#,2.21,#,0.288
1330010013,2006,1330010,13,601,01,#,0.78,#,0.184
1330010014,2006,1330010,13,601,01,#,2.1,#,0.211
1330010015,2006,1330010,13,601,01,#,0.75,#,0.14
1330010016,2006,1330010,13,601,01,#,1.49,#,0.132
1330010017,2006,1330010,13,601,01,#,0.57,#,0.072
1330010018,2006,1330010,13,601,01,#,2.02,#,0.141
1330010019,2006,1330010,13,601,01,#,1.03,#,0.09
1330010020,2006,1330010,13,601,01,#,1.88,#,0.139
1330010021,2006,1330010,13,601,01,#,0.92,#,0.079
1330010022,2006,1330010,13,601,01,#,1.87,#,0.103
1330010023,2006,1330010,13,601,01,#,0.86,#,0.052
1330010025,2006,1330010,13,601,01,#,2.23,#,0.139
1330010026,2006,1330010,13,601,01,#,1.06,#,0.071
1330020001,2006,1330020,13,601,02,#,1.96,#,0.196
1330020002,2006,1330020,13,601,02,#,0.86,#,0.107
1330020003,2006,1330020,13,601,02,#,1.89,#,0.168
1330020004,2006,1330020,13,601,02,#,0.92,#,0.107
1330020005,2006,1330020,13,601,02,#,1.98,#,0.226
1330020006,2006,1330020,13,601,02,#,0.73,#,0.124
1330020007,2006,1330020,13,601,02,#,1.74,#,0.214
1330020008,2006,1330020,13,601,02,#,0.61,#,0.124
1330020009,2006,1330020,13,601,02,#,2.64,#,0.354
1330020010,2006,1330020,13,601,02,#,0.63,#,0.215
1330020012,2006,1330020,13,601,02,#,1.44,#,0.244
1330020013,2006,1330020,13,601,02,#,0.9,#,0.213
1330020014,2006,1330020,13,601,02,#,1.87,#,0.209
1330020015,2006,1330020,13,601,02,#,0.75,#,0.143
1330020016,2006,1330020,13,601,02,#,1.05,#,0.104
1330020017,2006,1330020,13,601,02,#,0.57,#,0.078
1330020018,2006,1330020,13,601,02,#,1.75,#,0.135
1330020019,2006,1330020,13,601,02,#,0.81,#,0.083
1330020020,2006,1330020,13,601,02,#,1.42,#,0.06
1330020021,2006,1330020,13,601,02,#,0.52,#,0.102
1330020022,2006,1330020,13,601,02,#,1.51,#,0.079
1330020023,2006,1330020,13,601,02,#,0.81,#,0.052
1330020025,2006,1330020,13,601,02,#,1.63,#,0.102
1330020026,2006,1330020,13,601,02,#,0.89,#,0.073
1330030001,2006,1330030,13,601,03,#,3.28,#,0.238
1330030002,2006,1330030,13,601,03,#,0.84,#,0.08
1330030003,2006,1330030,13,601,03,#,2.75,#,0.223
1330030004,2006,1330030,13,601,03,#,0.81,#,0.092
1330030005,2006,1330030,13,601,03,#,2.35,#,0.238
1330030006,2006,1330030,13,601,03,#,0.53,#,0.085
1330030007,2006,1330030,13,601,03,#,2.23,#,0.26
1330030008,2006,1330030,13,601,03,#,0.78,#,0.164
1330030009,2006,1330030,13,601,03,#,2.17,#,0.259
1330030010,2006,1330030,13,601,03,#,0.42,#,0.139
1330030012,2006,1330030,13,601,03,#,2.07,#,0.288
1330030013,2006,1330030,13,601,03,#,0.73,#,0.183
1330030014,2006,1330030,13,601,03,#,2.69,#,0.266
1330030015,2006,1330030,13,601,03,#,0.78,#,0.125
1330030016,2006,1330030,13,601,03,#,1.02,#,0.099
1330030017,2006,1330030,13,601,03,#,0.42,#,0.065
1330030018,2006,1330030,13,601,03,#,2.18,#,0.142
1330030019,2006,1330030,13,601,03,#,0.67,#,0.074
1330030020,2006,1330030,13,601,03,#,1.76,#,0.133
1330030021,2006,1330030,13,601,03,#,0.51,#,0.061
1330030022,2006,1330030,13,601,03,#,1.66,#,0.085
1330030023,2006,1330030,13,601,03,#,0.72,#,0.046
1330030025,2006,1330030,13,601,03,#,2.4,#,0.141
1330030026,2006,1330030,13,601,03,#,0.9,#,0.063
1330040001,2006,1330040,13,601,04,#,6.19,#,0.646
1330040002,2006,1330040,13,601,04,#,1.47,#,0.133
1330040003,2006,1330040,13,601,04,#,7.81,#,0.739
1330040004,2006,1330040,13,601,04,#,1.61,#,0.139
1330040005,2006,1330040,13,601,04,#,5.68,#,0.721
1330040006,2006,1330040,13,601,04,#,1.52,#,0.223
1330040007,2006,1330040,13,601,04,#,3.58,#,0.483
1330040008,2006,1330040,13,601,04,#,1.31,#,0.172
1330040009,2006,1330040,13,601,04,#,3.93,#,0.454
1330040010,2006,1330040,13,601,04,#,1.12,#,0.29
1330040012,2006,1330040,13,601,04,#,5.68,#,0.723
1330040013,2006,1330040,13,601,04,#,1.27,#,0.211
1330040014,2006,1330040,13,601,04,#,4.43,#,0.401
1330040015,2006,1330040,13,601,04,#,0.94,#,0.097
1330040016,2006,1330040,13,601,04,#,2.82,#,0.481
1330040017,2006,1330040,13,601,04,#,1.12,#,0.152
1330040018,2006,1330040,13,601,04,#,3.96,#,0.287
1330040019,2006,1330040,13,601,04,#,1.43,#,0.122
1330040020,2006,1330040,13,601,04,#,4.57,#,0.384
1330040021,2006,1330040,13,601,04,#,1.46,#,0.105
1330040022,2006,1330040,13,601,04,#,3.53,#,0.374
1330040023,2006,1330040,13,601,04,#,1.69,#,0.129
1330040025,2006,1330040,13,601,04,#,1.99,#,0.373
1330040026,2006,1330040,13,601,04,#,1.35,#,0.1
1330050001,2006,1330050,13,601,51,#,3.31,#,0.333
1330050002,2006,1330050,13,601,51,#,3.34,#,0.296
1330050003,2006,1330050,13,601,51,#,4.64,#,0.233
1330050004,2006,1330050,13,601,51,#,1.27,#,0.173
1330060001,2006,1330060,13,601,52,#,3.1,#,0.325
1330060002,2006,1330060,13,601,52,#,1.13,#,0.205
1330060003,2006,1330060,13,601,52,#,2.1,#,0.169
1330060004,2006,1330060,13,601,52,#,0.67,#,0.074
1330070001,2006,1330070,13,601,53,#,1.83,#,0.251
1330070002,2006,1330070,13,601,53,#,1.18,#,0.182
1330070003,2006,1330070,13,601,53,#,1.31,#,0.126
1330070004,2006,1330070,13,601,53,#,0.73,#,0.072
1330080001,2006,1330080,13,601,54,#,2.85,#,0.214
1330080002,2006,1330080,13,601,54,#,3.21,#,0.44
1330080003,2006,1330080,13,601,54,#,2.99,#,0.181
1330080004,2006,1330080,13,601,54,#,1.25,#,0.214
1330090001,2006,1330090,13,601,55,#,1.41,#,0.174
1330090002,2006,1330090,13,601,55,#,0.59,#,0.13
1330090003,2006,1330090,13,601,55,#,1.19,#,0.093
1330090004,2006,1330090,13,601,55,#,0.48,#,0.06
1330110001,2006,1330110,13,601,57,#,2.98,#,0.283
1330110002,2006,1330110,13,601,57,#,1.77,#,0.165
1330110003,2006,1330110,13,601,57,#,4.55,#,0.265
1330110004,2006,1330110,13,601,57,#,1.45,#,0.09
1330120001,2006,1330120,13,601,58,#,3.74,#,0.615
1330120003,2006,1330120,13,601,58,#,3.45,#,0.378
1330130001,2006,1330130,13,601,59,#,6.9,#,1.15
1330130003,2006,1330130,13,601,59,#,5.33,#,0.709
1330130005,2006,1330130,13,601,59,#,6.42,#,0.767
1330130007,2006,1330130,13,601,59,#,6.73,#,0.761
1330130009,2006,1330130,13,601,59,#,5.14,#,0.646
1330130011,2006,1330130,13,601,59,#,4.49,#,0.728
1330130013,2006,1330130,13,601,59,#,4.84,#,0.282
1330130015,2006,1330130,13,601,59,#,6.17,#,0.908
1330130017,2006,1330130,13,601,59,#,4.91,#,0.276
1330130019,2006,1330130,13,601,59,#,3.71,#,0.434
1330130021,2006,1330130,13,601,59,#,7.54,#,0.624
1330130023,2006,1330130,13,601,59,#,3.36,#,0.31
1330150001,2006,1330150,13,601,61,#,3.79,#,0.476
1330150003,2006,1330150,13,601,61,#,4.83,#,0.645
1330150005,2006,1330150,13,601,61,#,5.15,#,0.733
1330150007,2006,1330150,13,601,61,#,4.53,#,0.696
1330150009,2006,1330150,13,601,61,#,3.76,#,0.486
1330150011,2006,1330150,13,601,61,#,4.57,#,0.715
1330150013,2006,1330150,13,601,61,#,4.44,#,0.274
1330150015,2006,1330150,13,601,61,#,4.74,#,0.649
1330150017,2006,1330150,13,601,61,#,3.99,#,0.247
1330150019,2006,1330150,13,601,61,#,2.69,#,0.274
1330150021,2006,1330150,13,601,61,#,4.18,#,0.298
1330150023,2006,1330150,13,601,61,#,3.01,#,0.273
1330170001,2006,1330170,13,601,63,#,3.63,#,0.368
1330170003,2006,1330170,13,601,63,#,3.76,#,0.179
1330180001,2006,1330180,13,601,64,#,4.64,#,0.591
1330180003,2006,1330180,13,601,64,#,2.76,#,0.28
1330180005,2006,1330180,13,601,64,#,4.47,#,0.634
1330180007,2006,1330180,13,601,64,#,3.48,#,0.571
1330180009,2006,1330180,13,601,64,#,2.65,#,0.357
1330180011,2006,1330180,13,601,64,#,2.99,#,0.477
1330180013,2006,1330180,13,601,64,#,3.88,#,0.232
1330180015,2006,1330180,13,601,64,#,3.88,#,0.442
1330180017,2006,1330180,13,601,64,#,3.08,#,0.174
1330180019,2006,1330180,13,601,64,#,3.02,#,0.166
1330180021,2006,1330180,13,601,64,#,2.86,#,0.155
1330180023,2006,1330180,13,601,64,#,2.2,#,0.162
1330190001,2006,1330190,13,601,65,#,3.68,#,0.534
1330190003,2006,1330190,13,601,65,#,2.37,#,0.159
1330210001,2006,1330210,13,601,67,#,3.2,#,0.387
1330210003,2006,1330210,13,601,67,#,2.45,#,0.146
1330220001,2006,1330220,13,601,68,#,4.65,#,0.368
1330220003,2006,1330220,13,601,68,#,2.6,#,0.166
1330230001,2006,1330230,13,601,69,#,3.38,#,0.281
1330230003,2006,1330230,13,601,69,#,2.79,#,0.228
1330230005,2006,1330230,13,601,69,#,3.2,#,0.308
1330230007,2006,1330230,13,601,69,#,3.62,#,0.317
1330230009,2006,1330230,13,601,69,#,2.55,#,0.336
1330230011,2006,1330230,13,601,69,#,2.33,#,0.285
1330230013,2006,1330230,13,601,69,#,3.41,#,0.218
1330230015,2006,1330230,13,601,69,#,3.28,#,0.234
1330230017,2006,1330230,13,601,69,#,2.98,#,0.167
1330230019,2006,1330230,13,601,69,#,2.76,#,0.146
1330230021,2006,1330230,13,601,69,#,2.71,#,0.132
1330230023,2006,1330230,13,601,69,#,3.21,#,0.168
1330240001,2006,1330240,13,601,70,#,4.66,#,0.638
1330240003,2006,1330240,13,601,70,#,2.98,#,0.309
1330240005,2006,1330240,13,601,70,#,3.15,#,0.387
1330240007,2006,1330240,13,601,70,#,3.7,#,0.492
1330240009,2006,1330240,13,601,70,#,2.46,#,0.339
1330240011,2006,1330240,13,601,70,#,3.14,#,0.459
1330240013,2006,1330240,13,601,70,#,2.26,#,0.17
1330240015,2006,1330240,13,601,70,#,3.39,#,0.383
1330240017,2006,1330240,13,601,70,#,2.1,#,0.136
1330240019,2006,1330240,13,601,70,#,1.72,#,0.12
1330240021,2006,1330240,13,601,70,#,2.26,#,0.132
1330240023,2006,1330240,13,601,70,#,2,#,0.135
1330250001,2006,1330250,13,601,71,#,3.7,#,0.6
1330250003,2006,1330250,13,601,71,#,1.54,#,0.103
1330260001,2006,1330260,13,601,72,#,2.15,#,0.189
1330260003,2006,1330260,13,601,72,#,2.3,#,0.2
1330260005,2006,1330260,13,601,72,#,2.2,#,0.199
1330260007,2006,1330260,13,601,72,#,3.19,#,0.414
1330260009,2006,1330260,13,601,72,#,2.25,#,0.272
1330260011,2006,1330260,13,601,72,#,2.03,#,0.263
1330260013,2006,1330260,13,601,72,#,2.1,#,0.153
1330260015,2006,1330260,13,601,72,#,1.84,#,0.171
1330260017,2006,1330260,13,601,72,#,1.86,#,0.122
1330260019,2006,1330260,13,601,72,#,1.31,#,0.096
1330260021,2006,1330260,13,601,72,#,1.69,#,0.098
1330260023,2006,1330260,13,601,72,#,1.49,#,0.087
1330280001,2006,1330280,13,601,74,#,11.3,#,1.36
1330280003,2006,1330280,13,601,74,#,8.21,#,0.529
1330280005,2006,1330280,13,601,74,#,11.1,#,1.46
1330280007,2006,1330280,13,601,74,#,10,#,1.05
1330280009,2006,1330280,13,601,74,#,5.62,#,0.351
1330280011,2006,1330280,13,601,74,#,10.6,#,0.925
1330280013,2006,1330280,13,601,74,#,11.1,#,0.602
1330280015,2006,1330280,13,601,74,#,7.88,#,0.433
1330280017,2006,1330280,13,601,74,#,13.4,#,0.506
1330280019,2006,1330280,13,601,74,#,13,#,0.865
1330280021,2006,1330280,13,601,74,#,12.4,#,0.834
1330280023,2006,1330280,13,601,74,#,12.2,#,0.696
1330290001,2006,1330290,13,601,75,#,8.36,#,0.692
1330290003,2006,1330290,13,601,75,#,4.95,#,0.436
1330290005,2006,1330290,13,601,75,#,8.06,#,0.86
1330290007,2006,1330290,13,601,75,#,4.84,#,0.523
1330290009,2006,1330290,13,601,75,#,4.33,#,0.358
1330290011,2006,1330290,13,601,75,#,5.93,#,0.582
1330290013,2006,1330290,13,601,75,#,7.74,#,0.567
1330290015,2006,1330290,13,601,75,#,3.82,#,0.249
1330290017,2006,1330290,13,601,75,#,5.82,#,0.208
1330290019,2006,1330290,13,601,75,#,6.22,#,0.396
1330290021,2006,1330290,13,601,75,#,7.77,#,0.544
1330290023,2006,1330290,13,601,75,#,5.85,#,0.335
1330300001,2006,1330300,13,601,76,#,13.6,#,1.2
1330300003,2006,1330300,13,601,76,#,13.5,#,0.737
1330300005,2006,1330300,13,601,76,#,14.1,#,1.12
1330300007,2006,1330300,13,601,76,#,12.8,#,2.31
1330300009,2006,1330300,13,601,76,#,7.95,#,0.524
1330300011,2006,1330300,13,601,76,#,13.6,#,1.25
1330300013,2006,1330300,13,601,76,#,12.3,#,0.657
1330300015,2006,1330300,13,601,76,#,14.1,#,0.68
1330300017,2006,1330300,13,601,76,#,17,#,0.735
1330300019,2006,1330300,13,601,76,#,15.6,#,1.1
1330300021,2006,1330300,13,601,76,#,16.7,#,1.15
1330300023,2006,1330300,13,601,76,#,15.4,#,0.875
1330320001,2006,1330320,13,601,78,#,3.6,#,0.328
1330320003,2006,1330320,13,601,78,#,4.49,#,0.379
1330320005,2006,1330320,13,601,78,#,4.45,#,0.485
1330320007,2006,1330320,13,601,78,#,4.05,#,0.519
1330320009,2006,1330320,13,601,78,#,2.75,#,0.295
1330320011,2006,1330320,13,601,78,#,5.01,#,0.626
1330320013,2006,1330320,13,601,78,#,5.4,#,0.582
1330320015,2006,1330320,13,601,78,#,2.05,#,0.227
1330320017,2006,1330320,13,601,78,#,4.19,#,0.296
1330320019,2006,1330320,13,601,78,#,2.74,#,0.206
1330320021,2006,1330320,13,601,78,#,6.59,#,0.616
1330320023,2006,1330320,13,601,78,#,1.63,#,0.13
1330330001,2006,1330330,13,601,79,#,3.04,#,0.379
1330330003,2006,1330330,13,601,79,#,4.65,#,0.102
1330340001,2006,1330340,13,601,80,#,6.65,#,0.685
1330340003,2006,1330340,13,601,80,#,9.85,#,0.669
1330340005,2006,1330340,13,601,80,#,7.53,#,0.741
1330340007,2006,1330340,13,601,80,#,5.65,#,0.969
1330340009,2006,1330340,13,601,80,#,6.76,#,0.613
1330340011,2006,1330340,13,601,80,#,6.49,#,1
1330340013,2006,1330340,13,601,80,#,8.09,#,0.569
1330340015,2006,1330340,13,601,80,#,3.48,#,0.387
1330340017,2006,1330340,13,601,80,#,4.01,#,0.875
1330340019,2006,1330340,13,601,80,#,6.3,#,0.713
1330340021,2006,1330340,13,601,80,#,8.31,#,0.777
1330340023,2006,1330340,13,601,80,#,3.32,#,0.352
1330350001,2006,1330350,13,601,81,#,6.47,#,0.716
1330350003,2006,1330350,13,601,81,#,6.82,#,0.625
1330350005,2006,1330350,13,601,81,#,4.68,#,0.368
1330350007,2006,1330350,13,601,81,#,6.15,#,0.694
1330350009,2006,1330350,13,601,81,#,7.76,#,0.814
1330350011,2006,1330350,13,601,81,#,3.73,#,0.306
1330350013,2006,1330350,13,601,81,#,8.95,#,0.928
1330350015,2006,1330350,13,601,81,#,6.77,#,0.759
1330350017,2006,1330350,13,601,81,#,10.6,#,0.329
1330350019,2006,1330350,13,601,81,#,6.62,#,0.676
1330350021,2006,1330350,13,601,81,#,11.1,#,0.963
1330350023,2006,1330350,13,601,81,#,9.13,#,0.968
1330370001,2006,1330370,13,602,01,#,3.28,#,0.205
1330370002,2006,1330370,13,602,01,#,1.13,#,0.085
1330370003,2006,1330370,13,602,01,#,2.87,#,0.198
1330370004,2006,1330370,13,602,01,#,1.45,#,0.146
1330370005,2006,1330370,13,602,01,#,3.09,#,0.259
1330370006,2006,1330370,13,602,01,#,1.11,#,0.137
1330370007,2006,1330370,13,602,01,#,2.74,#,0.238
1330370008,2006,1330370,13,602,01,#,0.86,#,0.116
1330370009,2006,1330370,13,602,01,#,2.09,#,0.135
1330370010,2006,1330370,13,602,01,#,0.97,#,0.229
1330370012,2006,1330370,13,602,01,#,2.62,#,0.27
1330370013,2006,1330370,13,602,01,#,1.21,#,0.23
1330370014,2006,1330370,13,602,01,#,2.27,#,0.179
1330370015,2006,1330370,13,602,01,#,0.74,#,0.1
1330370016,2006,1330370,13,602,01,#,1.27,#,0.104
1330370017,2006,1330370,13,602,01,#,0.65,#,0.076
1330370018,2006,1330370,13,602,01,#,2.08,#,0.15
1330370019,2006,1330370,13,602,01,#,1.1,#,0.112
1330370020,2006,1330370,13,602,01,#,1.83,#,0.128
1330370021,2006,1330370,13,602,01,#,0.89,#,0.081
1330370022,2006,1330370,13,602,01,#,3.24,#,0.141
1330370023,2006,1330370,13,602,01,#,0.98,#,0.051
1330370025,2006,1330370,13,602,01,#,2.01,#,0.133
1330370026,2006,1330370,13,602,01,#,1.32,#,0.096
1330380001,2006,1330380,13,602,51,#,2.34,#,0.138
1330380002,2006,1330380,13,602,51,#,0.58,#,0.075
1330380003,2006,1330380,13,602,51,#,1.68,#,0.088
1330380004,2006,1330380,13,602,51,#,0.8,#,0.061
1330390001,2006,1330390,13,602,52,#,1.47,#,0.148
1330390002,2006,1330390,13,602,52,#,0.69,#,0.075
1330390003,2006,1330390,13,602,52,#,0.94,#,0.071
1330390004,2006,1330390,13,602,52,#,0.72,#,0.061
1330400001,2006,1330400,13,602,53,#,1.89,#,0.232
1330400002,2006,1330400,13,602,53,#,1.07,#,0.116
1330400003,2006,1330400,13,602,53,#,2.25,#,0.136
1330400004,2006,1330400,13,602,53,#,1.22,#,0.09
1330410001,2006,1330410,13,602,55,#,1.44,#,0.183
1330410002,2006,1330410,13,602,55,#,0.72,#,0.107
1330410003,2006,1330410,13,602,55,#,2.53,#,0.187
1330410004,2006,1330410,13,602,55,#,0.68,#,0.059
1330420001,2006,1330420,13,602,56,#,2.06,#,0.192
1330420002,2006,1330420,13,602,56,#,0.53,#,0.131
1330420003,2006,1330420,13,602,56,#,2.24,#,0.135
1330420004,2006,1330420,13,602,56,#,0.34,#,0.048
1330440001,2006,1330440,13,603,01,#,0.86,#,0.064
1330440002,2006,1330440,13,603,01,#,0.66,#,0.053
1330440003,2006,1330440,13,603,01,#,0.69,#,0.055
1330440004,2006,1330440,13,603,01,#,0.72,#,0.055
1330440005,2006,1330440,13,603,01,#,0.75,#,0.059
1330440006,2006,1330440,13,603,01,#,0.52,#,0.086
1330440007,2006,1330440,13,603,01,#,0.67,#,0.058
1330440008,2006,1330440,13,603,01,#,0.63,#,0.061
1330440009,2006,1330440,13,603,01,#,1.4,#,0.146
1330440010,2006,1330440,13,603,01,#,0.49,#,0.155
1330440012,2006,1330440,13,603,01,#,0.89,#,0.122
1330440013,2006,1330440,13,603,01,#,0.69,#,0.136
1330440014,2006,1330440,13,603,01,#,0.75,#,0.053
1330440015,2006,1330440,13,603,01,#,0.38,#,0.078
1330440016,2006,1330440,13,603,01,#,0.85,#,0.079
1330440017,2006,1330440,13,603,01,#,0.47,#,0.056
1330440018,2006,1330440,13,603,01,#,1.09,#,0.083
1330440019,2006,1330440,13,603,01,#,0.65,#,0.061
1330440020,2006,1330440,13,603,01,#,0.9,#,0.05
1330440021,2006,1330440,13,603,01,#,0.49,#,0.041
1330440022,2006,1330440,13,603,01,#,0.99,#,0.05
1330440023,2006,1330440,13,603,01,#,0.6,#,0.043
1330440025,2006,1330440,13,603,01,#,0.85,#,0.048
1330440026,2006,1330440,13,603,01,#,0.65,#,0.045
1330450001,2006,1330450,13,603,02,#,2.62,#,0.201
1330450002,2006,1330450,13,603,02,#,0.6,#,0.093
1330450003,2006,1330450,13,603,02,#,2.36,#,0.15
1330450004,2006,1330450,13,603,02,#,0.73,#,0.087
1330450005,2006,1330450,13,603,02,#,2.04,#,0.182
1330450006,2006,1330450,13,603,02,#,0.64,#,0.111
1330450007,2006,1330450,13,603,02,#,1.33,#,0.175
1330450008,2006,1330450,13,603,02,#,0.59,#,0.165
1330450009,2006,1330450,13,603,02,#,1.82,#,0.193
1330450010,2006,1330450,13,603,02,#,0.73,#,0.218
1330450012,2006,1330450,13,603,02,#,1.31,#,0.178
1330450013,2006,1330450,13,603,02,#,0.64,#,0.162
1330450014,2006,1330450,13,603,02,#,2.53,#,0.119
1330450015,2006,1330450,13,603,02,#,0.39,#,0.069
1330450016,2006,1330450,13,603,02,#,1.5,#,0.141
1330450017,2006,1330450,13,603,02,#,0.58,#,0.08
1330450018,2006,1330450,13,603,02,#,1.71,#,0.121
1330450019,2006,1330450,13,603,02,#,0.56,#,0.065
1330450020,2006,1330450,13,603,02,#,1.56,#,0.105
1330450021,2006,1330450,13,603,02,#,0.29,#,0.042
1330450022,2006,1330450,13,603,02,#,1.76,#,0.079
1330450023,2006,1330450,13,603,02,#,0.6,#,0.044
1330450025,2006,1330450,13,603,02,#,1.5,#,0.077
1330450026,2006,1330450,13,603,02,#,0.61,#,0.049
1330460001,2006,1330460,13,603,51,#,2.3,#,0.227
1330460002,2006,1330460,13,603,51,#,0.67,#,0.126
1330460003,2006,1330460,13,603,51,#,1.34,#,0.099
1330460004,2006,1330460,13,603,51,#,0.37,#,0.042
1330470001,2006,1330470,13,603,52,#,1.92,#,0.196
1330470002,2006,1330470,13,603,52,#,0.6,#,0.067
1330470003,2006,1330470,13,603,52,#,1.08,#,0.065
1330470004,2006,1330470,13,603,52,#,0.51,#,0.047
1330480001,2006,1330480,13,603,53,#,1.67,#,0.16
1330480002,2006,1330480,13,603,53,#,0.59,#,0.057
1330480003,2006,1330480,13,603,53,#,0.94,#,0.057
1330480004,2006,1330480,13,603,53,#,0.47,#,0.044
1330500001,2006,1330500,13,603,55,#,1.51,#,0.172
1330500002,2006,1330500,13,603,55,#,0.54,#,0.074
1330500003,2006,1330500,13,603,55,#,1.17,#,0.074
1330500004,2006,1330500,13,603,55,#,0.29,#,0.035
1330510001,2006,1330510,13,603,56,#,1.57,#,0.179
1330510002,2006,1330510,13,603,56,#,0.59,#,0.07
1330510003,2006,1330510,13,603,56,#,0.97,#,0.052
1330510004,2006,1330510,13,603,56,#,0.59,#,0.044
1330520001,2006,1330520,13,603,57,#,1.75,#,0.229
1330520002,2006,1330520,13,603,57,#,0.74,#,0.084
1330520003,2006,1330520,13,603,57,#,2.68,#,0.199
1330520004,2006,1330520,13,603,57,#,0.7,#,0.066
1330530001,2006,1330530,13,603,58,#,1.16,#,0.132
1330530002,2006,1330530,13,603,58,#,0.39,#,0.158
1330530003,2006,1330530,13,603,58,#,0.99,#,0.059
1330530004,2006,1330530,13,603,58,#,0.26,#,0.032
1330540001,2006,1330540,13,603,59,#,0.98,#,0.113
1330540002,2006,1330540,13,603,59,#,0.45,#,0.075
1330540003,2006,1330540,13,603,59,#,0.81,#,0.048
1330540004,2006,1330540,13,603,59,#,0.34,#,0.043
1330560001,2006,1330560,13,603,61,#,1.07,#,0.132
1330560002,2006,1330560,13,603,61,#,0.57,#,0.17
1330560003,2006,1330560,13,603,61,#,1.14,#,0.062
1330560004,2006,1330560,13,603,61,#,0.28,#,0.04
1330570001,2006,1330570,13,603,62,#,1.06,#,0.109
1330570002,2006,1330570,13,603,62,#,0.38,#,0.118
1330570003,2006,1330570,13,603,62,#,0.88,#,0.052
1330570004,2006,1330570,13,603,62,#,0.28,#,0.033
1330580001,2006,1330580,13,603,63,#,0.75,#,0.096
1330580002,2006,1330580,13,603,63,#,0.45,#,0.159
1330580003,2006,1330580,13,603,63,#,1.18,#,0.071
1330580004,2006,1330580,13,603,63,#,0.26,#,0.035
1330590001,2006,1330590,13,603,64,#,0.85,#,0.1
1330590002,2006,1330590,13,603,64,#,0.55,#,0.178
1330590003,2006,1330590,13,603,64,#,0.91,#,0.066
1330590004,2006,1330590,13,603,64,#,0.24,#,0.037
1330600001,2006,1330600,13,604,01,#,1.78,#,0.135
1330600002,2006,1330600,13,604,01,#,0.42,#,0.05
1330600003,2006,1330600,13,604,01,#,0.76,#,0.047
1330600004,2006,1330600,13,604,01,#,0.45,#,0.053
1330600005,2006,1330600,13,604,01,#,0.9,#,0.077
1330600006,2006,1330600,13,604,01,#,0.34,#,0.053
1330600007,2006,1330600,13,604,01,#,0.99,#,0.113
1330600008,2006,1330600,13,604,01,#,0.44,#,0.162
1330600009,2006,1330600,13,604,01,#,1.04,#,0.124
1330600010,2006,1330600,13,604,01,#,0.32,#,0.123
1330600012,2006,1330600,13,604,01,#,0.54,#,0.124
1330600013,2006,1330600,13,604,01,#,0.43,#,0.078
1330600014,2006,1330600,13,604,01,#,0.92,#,0.05
1330600015,2006,1330600,13,604,01,#,0.2,#,0.032
1330600016,2006,1330600,13,604,01,#,0.51,#,0.058
1330600017,2006,1330600,13,604,01,#,0.5,#,0.068
1330600018,2006,1330600,13,604,01,#,0.95,#,0.069
1330600019,2006,1330600,13,604,01,#,0.34,#,0.044
1330600020,2006,1330600,13,604,01,#,1.01,#,0.051
1330600021,2006,1330600,13,604,01,#,0.35,#,0.038
1330600022,2006,1330600,13,604,01,#,1.12,#,0.055
1330600023,2006,1330600,13,604,01,#,0.49,#,0.044
1330600025,2006,1330600,13,604,01,#,0.77,#,0.041
1330600026,2006,1330600,13,604,01,#,0.47,#,0.041
