レコードID,測定年度,絶対番号,都道府県コード,水域コード,地点コード,全窒素_C,全窒素(mg/l),全燐_C,全燐(mg/l)
1310010001,2008,1310010,13,001,01,#,2.38,#,0.108
1310010005,2008,1310010,13,001,01,#,1.93,#,0.082
1310010009,2008,1310010,13,001,01,#,1.99,#,0.114
1310010013,2008,1310010,13,001,01,#,2.24,#,0.13
1310010026,2008,1310010,13,001,01,#,2.49,#,0.094
1310010030,2008,1310010,13,001,01,#,3.06,#,0.158
1310010034,2008,1310010,13,001,01,#,2.82,#,0.112
1310010038,2008,1310010,13,001,01,#,3.39,#,0.091
1310010042,2008,1310010,13,001,01,#,3.35,#,0.105
1310010055,2008,1310010,13,001,01,#,2.89,#,0.073
1310010059,2008,1310010,13,001,01,#,2.81,#,0.087
1310010063,2008,1310010,13,001,01,#,2.92,#,0.104
1310030001,2008,1310030,13,002,01,#,2.36,#,0.085
1310030003,2008,1310030,13,002,01,#,1.84,#,0.083
1310030005,2008,1310030,13,002,01,#,2.22,#,0.145
1310030007,2008,1310030,13,002,01,#,2.09,#,0.149
1310030014,2008,1310030,13,002,01,#,2.54,#,0.103
1310030016,2008,1310030,13,002,01,#,2.84,#,0.149
1310030018,2008,1310030,13,002,01,#,2.97,#,0.103
1310030020,2008,1310030,13,002,01,#,3.33,#,0.08
1310030022,2008,1310030,13,002,01,#,3.14,#,0.085
1310030029,2008,1310030,13,002,01,#,3.16,#,0.071
1310030031,2008,1310030,13,002,01,#,2.65,#,0.089
1310030033,2008,1310030,13,002,01,#,2.78,#,0.104
1310040001,2008,1310040,13,002,51,#,2.3,#,0.085
1310040003,2008,1310040,13,002,51,#,2.05,#,0.089
1310040005,2008,1310040,13,002,51,#,1.86,#,0.109
1310040007,2008,1310040,13,002,51,#,2.26,#,0.151
1310040009,2008,1310040,13,002,51,#,2.58,#,0.101
1310040011,2008,1310040,13,002,51,#,2.89,#,0.165
1310040013,2008,1310040,13,002,51,#,2.86,#,0.101
1310040015,2008,1310040,13,002,51,#,3.34,#,0.091
1310040017,2008,1310040,13,002,51,#,3.24,#,0.092
1310040019,2008,1310040,13,002,51,#,3,#,0.067
1310040021,2008,1310040,13,002,51,#,2.68,#,0.087
1310040023,2008,1310040,13,002,51,#,2.68,#,0.092
1310060001,2008,1310060,13,003,01,#,2.35,#,0.11
1310060003,2008,1310060,13,003,01,#,1.85,#,0.127
1310060005,2008,1310060,13,003,01,#,3.15,#,0.14
1310060007,2008,1310060,13,003,01,#,3.78,#,0.147
1310060009,2008,1310060,13,003,01,#,2.96,#,0.159
1310060011,2008,1310060,13,003,01,#,2.87,#,0.158
1310060013,2008,1310060,13,003,01,#,3.67,#,0.133
1310060015,2008,1310060,13,003,01,#,4.4,#,0.13
1310060017,2008,1310060,13,003,01,#,5.04,#,0.235
1310060019,2008,1310060,13,003,01,#,5.13,#,0.164
1310060021,2008,1310060,13,003,01,#,4.01,#,0.13
1310060023,2008,1310060,13,003,01,#,2.82,#,0.142
1310070001,2008,1310070,13,003,51,#,2.56,#,0.087
1310070002,2008,1310070,13,003,51,#,2.42,#,0.114
1310070003,2008,1310070,13,003,51,#,3.61,#,0.126
1310070004,2008,1310070,13,003,51,#,4.62,#,0.138
1310070005,2008,1310070,13,003,51,#,3.23,#,0.135
1310070006,2008,1310070,13,003,51,#,2.87,#,0.145
1310070007,2008,1310070,13,003,51,#,5.56,#,0.21
1310070008,2008,1310070,13,003,51,#,4.7,#,0.139
1310070009,2008,1310070,13,003,51,#,5.01,#,0.207
1310070010,2008,1310070,13,003,51,#,5.09,#,0.164
1310070011,2008,1310070,13,003,51,#,5.11,#,0.134
1310070012,2008,1310070,13,003,51,#,3.4,#,0.163
1310090002,2008,1310090,13,004,01,#,5.53,#,0.252
1310090004,2008,1310090,13,004,01,#,2.63,#,0.172
1310090006,2008,1310090,13,004,01,#,2.78,#,0.287
1310090008,2008,1310090,13,004,01,#,2.65,#,0.176
1310090015,2008,1310090,13,004,01,#,1.96,#,0.188
1310090017,2008,1310090,13,004,01,#,2.72,#,0.161
1310090019,2008,1310090,13,004,01,#,3.45,#,0.214
1310090021,2008,1310090,13,004,01,#,4.97,#,0.203
1310090023,2008,1310090,13,004,01,#,4.84,#,0.293
1310090025,2008,1310090,13,004,01,#,7.29,#,0.255
1310090032,2008,1310090,13,004,01,#,4.27,#,0.215
1310090034,2008,1310090,13,004,01,#,4.52,#,0.205
1310100001,2008,1310100,13,004,02,#,3.35,#,0.258
1310100003,2008,1310100,13,004,02,#,2.96,#,0.196
1310100005,2008,1310100,13,004,02,#,3.4,#,0.243
1310100007,2008,1310100,13,004,02,#,3.11,#,0.256
1310100009,2008,1310100,13,004,02,#,2.29,#,0.193
1310100011,2008,1310100,13,004,02,#,2.3,#,0.161
1310100013,2008,1310100,13,004,02,#,2.69,#,0.206
1310100015,2008,1310100,13,004,02,#,3.95,#,0.169
1310100017,2008,1310100,13,004,02,#,2.53,#,0.124
1310100019,2008,1310100,13,004,02,#,1.25,#,0.094
1310100021,2008,1310100,13,004,02,#,3.47,#,0.189
1310100023,2008,1310100,13,004,02,#,3.89,#,0.2
1310110004,2008,1310110,13,004,51,#,3.09,#,0.183
1310110010,2008,1310110,13,004,51,#,2.31,#,0.188
1310110016,2008,1310110,13,004,51,#,4.6,#,0.229
1310110022,2008,1310110,13,004,51,#,4.26,#,0.268
1310140002,2008,1310140,13,005,01,#,4.25,#,0.26
1310140004,2008,1310140,13,005,01,#,3,#,0.27
1310140006,2008,1310140,13,005,01,#,2.91,#,0.315
1310140008,2008,1310140,13,005,01,#,3.05,#,0.21
1310140015,2008,1310140,13,005,01,#,2.68,#,0.243
1310140017,2008,1310140,13,005,01,#,3.16,#,0.172
1310140019,2008,1310140,13,005,01,#,3.67,#,0.24
1310140021,2008,1310140,13,005,01,#,4.54,#,0.196
1310140023,2008,1310140,13,005,01,#,4.26,#,0.254
1310140025,2008,1310140,13,005,01,#,6.71,#,0.273
1310140032,2008,1310140,13,005,01,#,4.12,#,0.224
1310140034,2008,1310140,13,005,01,#,4.11,#,0.3
1310160001,2008,1310160,13,005,52,#,4.26,#,0.223
1310160003,2008,1310160,13,005,52,#,4.11,#,0.225
1310160005,2008,1310160,13,005,52,#,3.37,#,0.284
1310160008,2008,1310160,13,005,52,#,3.03,#,0.307
1310160010,2008,1310160,13,005,52,#,2.99,#,0.254
1310160012,2008,1310160,13,005,52,#,3.72,#,0.335
1310160013,2008,1310160,13,005,52,#,4.02,#,0.229
1310160015,2008,1310160,13,005,52,#,5.32,#,0.31
1310160018,2008,1310160,13,005,52,#,4.42,#,0.154
1310160020,2008,1310160,13,005,52,#,6.46,#,0.315
1310160022,2008,1310160,13,005,52,#,6.51,#,0.348
1310160023,2008,1310160,13,005,52,#,5.1,#,0.341
1310180001,2008,1310180,13,006,01,#,4.15,#,0.192
1310180004,2008,1310180,13,006,01,#,5.36,#,0.276
1310180006,2008,1310180,13,006,01,#,4.53,#,0.189
1310180009,2008,1310180,13,006,01,#,2.76,#,0.197
1310180012,2008,1310180,13,006,01,#,3.6,#,0.208
1310180019,2008,1310180,13,006,01,#,4.68,#,0.18
1310180021,2008,1310180,13,006,01,#,4.86,#,0.236
1310180024,2008,1310180,13,006,01,#,6.37,#,0.307
1310180027,2008,1310180,13,006,01,#,4.9,#,0.205
1310180029,2008,1310180,13,006,01,#,7.52,#,0.32
1310180032,2008,1310180,13,006,01,#,4.91,#,0.255
1310180039,2008,1310180,13,006,01,#,7.78,#,0.322
1310190001,2008,1310190,13,006,02,#,3.86,#,0.196
1310190004,2008,1310190,13,006,02,#,3.81,#,0.19
1310190006,2008,1310190,13,006,02,#,2.71,#,0.131
1310190009,2008,1310190,13,006,02,#,2.69,#,0.153
1310190012,2008,1310190,13,006,02,#,3.48,#,0.225
1310190019,2008,1310190,13,006,02,#,2.81,#,0.145
1310190021,2008,1310190,13,006,02,#,1.49,#,0.167
1310190024,2008,1310190,13,006,02,#,3.42,#,0.196
1310190027,2008,1310190,13,006,02,#,1.54,#,0.111
1310190029,2008,1310190,13,006,02,#,4.67,#,0.217
1310190032,2008,1310190,13,006,02,#,3.5,#,0.196
1310190039,2008,1310190,13,006,02,#,5.78,#,0.222
1310200001,2008,1310200,13,006,51,#,4.07,#,0.164
1310200003,2008,1310200,13,006,51,#,5.08,#,0.163
1310200005,2008,1310200,13,006,51,#,4.14,#,0.129
1310200007,2008,1310200,13,006,51,#,2.73,#,0.148
1310200009,2008,1310200,13,006,51,#,5.06,#,0.195
1310200011,2008,1310200,13,006,51,#,3.59,#,0.115
1310200013,2008,1310200,13,006,51,#,5.59,#,0.237
1310200015,2008,1310200,13,006,51,#,8.43,#,0.371
1310200017,2008,1310200,13,006,51,#,7.23,#,0.291
1310200019,2008,1310200,13,006,51,#,9.99,#,0.415
1310200021,2008,1310200,13,006,51,#,5.93,#,0.289
1310200023,2008,1310200,13,006,51,#,8.01,#,0.304
1310210001,2008,1310210,13,006,52,#,4.79,#,0.221
1310210003,2008,1310210,13,006,52,#,4.65,#,0.192
1310210005,2008,1310210,13,006,52,#,4.12,#,0.199
1310210007,2008,1310210,13,006,52,#,5.35,#,0.273
1310210010,2008,1310210,13,006,52,#,6.74,#,0.291
1310210011,2008,1310210,13,006,52,#,5.49,#,0.271
1310220001,2008,1310220,13,006,53,#,4.44,#,0.217
1310220003,2008,1310220,13,006,53,#,4.75,#,0.252
1310220005,2008,1310220,13,006,53,#,3.7,#,0.169
1310220007,2008,1310220,13,006,53,#,2.86,#,0.157
1310220009,2008,1310220,13,006,53,#,3.37,#,0.195
1310220011,2008,1310220,13,006,53,#,3.84,#,0.147
1310220013,2008,1310220,13,006,53,#,4.29,#,0.202
1310220015,2008,1310220,13,006,53,#,5.07,#,0.269
1310220017,2008,1310220,13,006,53,#,4.02,#,0.175
1310220019,2008,1310220,13,006,53,#,6.36,#,0.271
1310220021,2008,1310220,13,006,53,#,4.57,#,0.246
1310220023,2008,1310220,13,006,53,#,7.14,#,0.284
1310230001,2008,1310230,13,007,01,#,5.39,#,0.289
1310230003,2008,1310230,13,007,01,#,6.03,#,0.342
1310230005,2008,1310230,13,007,01,#,6.19,#,0.33
1310230008,2008,1310230,13,007,01,#,4.89,#,0.237
1310230010,2008,1310230,13,007,01,#,8.34,#,0.408
1310230012,2008,1310230,13,007,01,#,4.87,#,0.174
1310230014,2008,1310230,13,007,01,#,5.47,#,0.266
1310230016,2008,1310230,13,007,01,#,4.86,#,0.285
1310230018,2008,1310230,13,007,01,#,3.97,#,0.201
1310230020,2008,1310230,13,007,01,#,3.29,#,0.18
1310230022,2008,1310230,13,007,01,#,6.31,#,0.338
1310230024,2008,1310230,13,007,01,#,5.74,#,0.265
1310240001,2008,1310240,13,007,02,#,6.9,#,0.363
1310240003,2008,1310240,13,007,02,#,6.92,#,0.336
1310240005,2008,1310240,13,007,02,#,7.09,#,0.32
1310240008,2008,1310240,13,007,02,#,6.58,#,0.139
1310240010,2008,1310240,13,007,02,#,5.86,#,0.437
1310240012,2008,1310240,13,007,02,#,5.99,#,0.27
1310240014,2008,1310240,13,007,02,#,6.79,#,0.393
1310240016,2008,1310240,13,007,02,#,9.02,#,0.483
1310240018,2008,1310240,13,007,02,#,8.8,#,0.542
1310240020,2008,1310240,13,007,02,#,9.36,#,0.444
1310240022,2008,1310240,13,007,02,#,9.22,#,0.615
1310240024,2008,1310240,13,007,02,#,8.25,#,0.572
1310250001,2008,1310250,13,007,51,#,6.18,#,0.373
1310250003,2008,1310250,13,007,51,#,6.44,#,0.366
1310250005,2008,1310250,13,007,51,#,4.85,#,0.192
1310250007,2008,1310250,13,007,51,#,3.1,#,0.186
1310250009,2008,1310250,13,007,51,#,4.26,#,0.19
1310250011,2008,1310250,13,007,51,#,6.05,#,0.182
1310250013,2008,1310250,13,007,51,#,6.54,#,0.31
1310250015,2008,1310250,13,007,51,#,8.94,#,0.421
1310250017,2008,1310250,13,007,51,#,9.61,#,0.563
1310250019,2008,1310250,13,007,51,#,10.4,#,0.554
1310250021,2008,1310250,13,007,51,#,7.47,#,0.392
1310250023,2008,1310250,13,007,51,#,10,#,0.918
1310260001,2008,1310260,13,007,53,#,7.13,#,0.528
1310260003,2008,1310260,13,007,53,#,7.15,#,0.386
1310260005,2008,1310260,13,007,53,#,6.75,#,0.381
1310260007,2008,1310260,13,007,53,#,5.01,#,0.306
1310260009,2008,1310260,13,007,53,#,5.31,#,0.437
1310260011,2008,1310260,13,007,53,#,5.59,#,0.257
1310260013,2008,1310260,13,007,53,#,6.6,#,0.324
1310260015,2008,1310260,13,007,53,#,7.24,#,0.323
1310260017,2008,1310260,13,007,53,#,5.6,#,0.242
1310260019,2008,1310260,13,007,53,#,6.63,#,0.272
1310260021,2008,1310260,13,007,53,#,7.99,#,0.306
1310260023,2008,1310260,13,007,53,#,8.06,#,0.436
1310290001,2008,1310290,13,008,01,#,7.55,#,0.738
1310290003,2008,1310290,13,008,01,#,8.6,#,0.975
1310290005,2008,1310290,13,008,01,#,6.81,#,1.07
1310290007,2008,1310290,13,008,01,#,6.92,#,0.636
1310290009,2008,1310290,13,008,01,#,3.92,#,0.686
1310290011,2008,1310290,13,008,01,#,4.77,#,0.53
1310290013,2008,1310290,13,008,01,#,6.5,#,0.684
1310290015,2008,1310290,13,008,01,#,8.82,#,1.38
1310290017,2008,1310290,13,008,01,#,7.61,#,0.909
1310290019,2008,1310290,13,008,01,#,4.74,#,0.414
1310290021,2008,1310290,13,008,01,#,9.19,#,0.956
1310290023,2008,1310290,13,008,01,#,5.86,#,0.597
1310300001,2008,1310300,13,009,01,#,12,#,1.23
1310300003,2008,1310300,13,009,01,#,5.37,#,0.699
1310300005,2008,1310300,13,009,01,#,12.4,#,1.41
1310300008,2008,1310300,13,009,01,#,8.06,#,0.824
1310300010,2008,1310300,13,009,01,#,9.76,#,1.29
1310300012,2008,1310300,13,009,01,#,7.57,#,0.515
1310300014,2008,1310300,13,009,01,#,9.07,#,0.917
1310300016,2008,1310300,13,009,01,#,6.31,#,1.29
1310300018,2008,1310300,13,009,01,#,5.43,#,0.76
1310300020,2008,1310300,13,009,01,#,11.4,#,0.944
1310300022,2008,1310300,13,009,01,#,6.56,#,0.896
1310300024,2008,1310300,13,009,01,#,5.05,#,0.432
1310310001,2008,1310310,13,010,01,#,3.47,#,0.037
1310310003,2008,1310310,13,010,01,#,4.09,#,0.035
1310310005,2008,1310310,13,010,01,#,3.23,#,0.066
1310310008,2008,1310310,13,010,01,#,3.72,#,0.657
1310310010,2008,1310310,13,010,01,#,3.68,#,0.03
1310310012,2008,1310310,13,010,01,#,3.82,#,0.012
1310310014,2008,1310310,13,010,01,#,3.23,#,0.046
1310310016,2008,1310310,13,010,01,#,3.57,#,0.042
1310310018,2008,1310310,13,010,01,#,3.44,#,0.033
1310310020,2008,1310310,13,010,01,#,3.41,#,0.028
1310310022,2008,1310310,13,010,01,#,3.65,#,0.032
1310310024,2008,1310310,13,010,01,#,3.35,#,0.031
1310320001,2008,1310320,13,011,01,#,2.3,#,0.46
1310320003,2008,1310320,13,011,01,#,2.89,#,0.456
1310320005,2008,1310320,13,011,01,#,2.36,#,0.726
1310320007,2008,1310320,13,011,01,#,3.8,#,0.47
1310320009,2008,1310320,13,011,01,#,5.59,#,0.839
1310320011,2008,1310320,13,011,01,#,2.74,#,0.879
1310320013,2008,1310320,13,011,01,#,2.52,#,0.434
1310320015,2008,1310320,13,011,01,#,4.54,#,0.474
1310320017,2008,1310320,13,011,01,#,4.19,#,0.385
1310320019,2008,1310320,13,011,01,#,4.49,#,0.383
1310320021,2008,1310320,13,011,01,#,6.44,#,0.618
1310320023,2008,1310320,13,011,01,#,3.62,#,0.336
1310330001,2008,1310330,13,012,01,#,10.3,#,1.19
1310330003,2008,1310330,13,012,01,#,9.53,#,1.09
1310330005,2008,1310330,13,012,01,#,8.45,#,1.23
1310330008,2008,1310330,13,012,01,#,7.56,#,2.05
1310330010,2008,1310330,13,012,01,#,5.33,#,1.14
1310330012,2008,1310330,13,012,01,#,7.26,#,0.593
1310330014,2008,1310330,13,012,01,#,8.99,#,1
1310330016,2008,1310330,13,012,01,#,9.2,#,0.772
1310330018,2008,1310330,13,012,01,#,7.06,#,0.846
1310330020,2008,1310330,13,012,01,#,10.6,#,1.04
1310330022,2008,1310330,13,012,01,#,9.68,#,1.09
1310330024,2008,1310330,13,012,01,#,5.62,#,0.536
1310340001,2008,1310340,13,013,01,#,0.86,#,0.015
1310340003,2008,1310340,13,013,01,#,0.61,#,0.009
1310340005,2008,1310340,13,013,01,#,0.73,#,0.016
1310340007,2008,1310340,13,013,01,#,0.7,#,0.012
1310340009,2008,1310340,13,013,01,#,0.66,#,0.014
1310340011,2008,1310340,13,013,01,#,0.72,#,0.011
1310340013,2008,1310340,13,013,01,#,0.77,#,0.013
1310340015,2008,1310340,13,013,01,#,0.6,#,0.01
1310340017,2008,1310340,13,013,01,#,0.61,#,0.008
1310340019,2008,1310340,13,013,01,#,0.54,#,0.003
1310340021,2008,1310340,13,013,01,#,0.9,#,0.013
1310340023,2008,1310340,13,013,01,#,0.69,#,0.01
1310370001,2008,1310370,13,014,01,#,1.62,#,0.017
1310370003,2008,1310370,13,014,01,#,1.46,#,0.009
1310370005,2008,1310370,13,014,01,#,1.29,#,0.019
1310370007,2008,1310370,13,014,01,#,1.06,#,0.019
1310370009,2008,1310370,13,014,01,#,1.27,#,0.034
1310370011,2008,1310370,13,014,01,#,1.48,#,0.019
1310370013,2008,1310370,13,014,01,#,1.36,#,0.014
1310370015,2008,1310370,13,014,01,#,1.16,#,0.011
1310370017,2008,1310370,13,014,01,#,1.21,#,0.011
1310370019,2008,1310370,13,014,01,#,0.98,#,0.005
1310370021,2008,1310370,13,014,01,#,1.9,#,0.017
1310370023,2008,1310370,13,014,01,#,1.38,#,0.017
1310380001,2008,1310380,13,014,51,#,1.08,#,0.021
1310380003,2008,1310380,13,014,51,#,0.73,#,0.01
1310380005,2008,1310380,13,014,51,#,0.95,#,0.019
1310380007,2008,1310380,13,014,51,#,0.8,#,0.019
1310380009,2008,1310380,13,014,51,#,1.12,#,0.034
1310380011,2008,1310380,13,014,51,#,1.03,#,0.017
1310380013,2008,1310380,13,014,51,#,0.85,#,0.013
1310380015,2008,1310380,13,014,51,#,0.68,#,0.01
1310380017,2008,1310380,13,014,51,#,0.65,#,0.005
1310380019,2008,1310380,13,014,51,#,0.61,#,0.004
1310380021,2008,1310380,13,014,51,#,1.02,#,0.017
1310380023,2008,1310380,13,014,51,#,0.74,#,0.017
1310390001,2008,1310390,13,014,52,#,1.02,#,0.016
1310390002,2008,1310390,13,014,52,#,0.66,#,0.007
1310390003,2008,1310390,13,014,52,#,0.79,#,0.017
1310390004,2008,1310390,13,014,52,#,0.7,#,0.012
1310390005,2008,1310390,13,014,52,#,0.67,#,0.018
1310390006,2008,1310390,13,014,52,#,0.77,#,0.011
1310390007,2008,1310390,13,014,52,#,0.84,#,0.013
1310390008,2008,1310390,13,014,52,#,0.68,#,0.008
1310390009,2008,1310390,13,014,52,#,0.69,#,0.009
1310390010,2008,1310390,13,014,52,#,0.56,#,0.008
1310390011,2008,1310390,13,014,52,#,1.09,#,0.014
1310390012,2008,1310390,13,014,52,#,0.73,#,0.01
1310400001,2008,1310400,13,014,53,#,1.61,#,0.017
1310400002,2008,1310400,13,014,53,#,1.46,#,0.008
1310400003,2008,1310400,13,014,53,#,1.29,#,0.019
1310400004,2008,1310400,13,014,53,#,1.32,#,0.016
1310400005,2008,1310400,13,014,53,#,1.38,#,0.019
1310400006,2008,1310400,13,014,53,#,0.89,#,0.02
1310400007,2008,1310400,13,014,53,#,1.11,#,0.014
1310400008,2008,1310400,13,014,53,#,1.17,#,0.012
1310400009,2008,1310400,13,014,53,#,1.09,#,0.012
1310400010,2008,1310400,13,014,53,#,0.9,#,0.007
1310400011,2008,1310400,13,014,53,#,1.93,#,0.055
1310400012,2008,1310400,13,014,53,#,1.27,#,0.012
1310410001,2008,1310410,13,015,01,#,5.65,#,0.525
1310410002,2008,1310410,13,015,01,#,4.44,#,0.424
1310410003,2008,1310410,13,015,01,#,5.19,#,0.462
1310410004,2008,1310410,13,015,01,#,4.98,#,0.486
1310410005,2008,1310410,13,015,01,#,8.57,#,0.787
1310410006,2008,1310410,13,015,01,#,6.21,#,0.569
1310410007,2008,1310410,13,015,01,#,5.67,#,0.47
1310410008,2008,1310410,13,015,01,#,6.17,#,0.49
1310410009,2008,1310410,13,015,01,#,3.92,#,0.281
1310410010,2008,1310410,13,015,01,#,3.8,#,0.277
1310410011,2008,1310410,13,015,01,#,4.62,#,0.357
1310410012,2008,1310410,13,015,01,#,5.41,#,0.422
1310410013,2008,1310410,13,015,01,#,3.61,#,0.252
1310410014,2008,1310410,13,015,01,#,3.29,#,0.27
1310410015,2008,1310410,13,015,01,#,3.37,#,0.326
1310410016,2008,1310410,13,015,01,#,3.33,#,0.335
1310410017,2008,1310410,13,015,01,#,3.65,#,0.319
1310410018,2008,1310410,13,015,01,#,3.45,#,0.294
1310410019,2008,1310410,13,015,01,#,4.35,#,0.421
1310410020,2008,1310410,13,015,01,#,4.47,#,0.414
1310410021,2008,1310410,13,015,01,#,3.31,#,0.122
1310410022,2008,1310410,13,015,01,#,3.31,#,0.148
1310410023,2008,1310410,13,015,01,#,3.6,#,0.177
1310410024,2008,1310410,13,015,01,#,3.9,#,0.206
1310410025,2008,1310410,13,015,01,#,7.72,#,0.513
1310410026,2008,1310410,13,015,01,#,7.37,#,0.502
1310410027,2008,1310410,13,015,01,#,7.68,#,0.518
1310410028,2008,1310410,13,015,01,#,7.5,#,0.557
1310410029,2008,1310410,13,015,01,#,8.28,#,0.514
1310410030,2008,1310410,13,015,01,#,7.87,#,0.468
1310410031,2008,1310410,13,015,01,#,7.78,#,0.514
1310410032,2008,1310410,13,015,01,#,8.24,#,0.51
1310410033,2008,1310410,13,015,01,#,8.29,#,0.6
1310410034,2008,1310410,13,015,01,#,7.92,#,0.491
1310410035,2008,1310410,13,015,01,#,7.96,#,0.58
1310410036,2008,1310410,13,015,01,#,8.2,#,0.659
1310410037,2008,1310410,13,015,01,#,9.18,#,0.66
1310410038,2008,1310410,13,015,01,#,8.46,#,0.536
1310410039,2008,1310410,13,015,01,#,8.8,#,0.656
1310410040,2008,1310410,13,015,01,#,9.09,#,0.678
1310410041,2008,1310410,13,015,01,#,6.2,#,0.45
1310410042,2008,1310410,13,015,01,#,5.62,#,0.37
1310410043,2008,1310410,13,015,01,#,5.95,#,0.444
1310410044,2008,1310410,13,015,01,#,6.44,#,0.464
1310410045,2008,1310410,13,015,01,#,6.2,#,0.486
1310410046,2008,1310410,13,015,01,#,5.88,#,0.452
1310410047,2008,1310410,13,015,01,#,6.69,#,0.514
1310410048,2008,1310410,13,015,01,#,6.81,#,0.526
1310420001,2008,1310420,13,015,02,#,4.77,#,0.33
1310420002,2008,1310420,13,015,02,#,4.27,#,0.339
1310420003,2008,1310420,13,015,02,#,4.77,#,0.332
1310420004,2008,1310420,13,015,02,#,4.65,#,0.301
1310420005,2008,1310420,13,015,02,#,5.85,#,0.359
1310420006,2008,1310420,13,015,02,#,6.17,#,0.428
1310420007,2008,1310420,13,015,02,#,5.12,#,0.368
1310420008,2008,1310420,13,015,02,#,4.85,#,0.346
1310420009,2008,1310420,13,015,02,#,3.96,#,0.218
1310420010,2008,1310420,13,015,02,#,3.63,#,0.216
1310420011,2008,1310420,13,015,02,#,3.51,#,0.212
1310420012,2008,1310420,13,015,02,#,3.26,#,0.209
1310420013,2008,1310420,13,015,02,#,3.65,#,0.215
1310420014,2008,1310420,13,015,02,#,2.57,#,0.217
1310420015,2008,1310420,13,015,02,#,2.21,#,0.19
1310420016,2008,1310420,13,015,02,#,2.89,#,0.204
1310420017,2008,1310420,13,015,02,#,2.99,#,0.23
1310420018,2008,1310420,13,015,02,#,3.08,#,0.199
1310420019,2008,1310420,13,015,02,#,2.79,#,0.204
1310420020,2008,1310420,13,015,02,#,2.95,#,0.224
1310420021,2008,1310420,13,015,02,#,3.43,#,0.149
1310420022,2008,1310420,13,015,02,#,3.14,#,0.129
1310420023,2008,1310420,13,015,02,#,3.09,#,0.14
1310420024,2008,1310420,13,015,02,#,3.35,#,0.155
1310420025,2008,1310420,13,015,02,#,6.2,#,0.26
1310420026,2008,1310420,13,015,02,#,6.03,#,0.263
1310420027,2008,1310420,13,015,02,#,6.46,#,0.267
1310420028,2008,1310420,13,015,02,#,6.11,#,0.269
1310420029,2008,1310420,13,015,02,#,7.04,#,0.294
1310420030,2008,1310420,13,015,02,#,7,#,0.289
1310420031,2008,1310420,13,015,02,#,6.84,#,0.298
1310420032,2008,1310420,13,015,02,#,6.63,#,0.278
1310420033,2008,1310420,13,015,02,#,6.68,#,0.335
1310420034,2008,1310420,13,015,02,#,6.6,#,0.318
1310420035,2008,1310420,13,015,02,#,7.01,#,0.324
1310420036,2008,1310420,13,015,02,#,6.6,#,0.327
1310420037,2008,1310420,13,015,02,#,7.82,#,0.364
1310420038,2008,1310420,13,015,02,#,7.78,#,0.369
1310420039,2008,1310420,13,015,02,#,7.57,#,0.371
1310420040,2008,1310420,13,015,02,#,8.08,#,0.373
1310420041,2008,1310420,13,015,02,#,5.21,#,0.318
1310420042,2008,1310420,13,015,02,#,5.42,#,0.328
1310420043,2008,1310420,13,015,02,#,5.58,#,0.351
1310420044,2008,1310420,13,015,02,#,5.42,#,0.331
1310420045,2008,1310420,13,015,02,#,5.1,#,0.329
1310420046,2008,1310420,13,015,02,#,5.14,#,0.331
1310420047,2008,1310420,13,015,02,#,5.34,#,0.358
1310420048,2008,1310420,13,015,02,#,5.96,#,0.378
1310430001,2008,1310430,13,015,51,#,3.11,#,0.242
1310430005,2008,1310430,13,015,51,#,5.47,#,0.53
1310430009,2008,1310430,13,015,51,#,2.38,#,0.14
1310430013,2008,1310430,13,015,51,#,2.03,#,0.128
1310430017,2008,1310430,13,015,51,#,1.87,#,0.121
1310430021,2008,1310430,13,015,51,#,2.43,#,0.113
1310430025,2008,1310430,13,015,51,#,5.18,#,0.495
1310430029,2008,1310430,13,015,51,#,5.95,#,0.344
1310430033,2008,1310430,13,015,51,#,6.22,#,0.53
1310430037,2008,1310430,13,015,51,#,7.37,#,0.612
1310430041,2008,1310430,13,015,51,#,4.65,#,0.409
1310430045,2008,1310430,13,015,51,#,4.67,#,0.591
1310440001,2008,1310440,13,015,52,#,3.95,#,0.264
1310440005,2008,1310440,13,015,52,#,5.35,#,0.408
1310440009,2008,1310440,13,015,52,#,3.12,#,0.162
1310440013,2008,1310440,13,015,52,#,2.62,#,0.148
1310440017,2008,1310440,13,015,52,#,2.49,#,0.139
1310440021,2008,1310440,13,015,52,#,3.22,#,0.094
1310440025,2008,1310440,13,015,52,#,5.23,#,0.335
1310440029,2008,1310440,13,015,52,#,5.74,#,0.289
1310440033,2008,1310440,13,015,52,#,6.3,#,0.353
1310440037,2008,1310440,13,015,52,#,7.77,#,0.536
1310440041,2008,1310440,13,015,52,#,4.92,#,0.3
1310440045,2008,1310440,13,015,52,#,4.89,#,0.384
1310460001,2008,1310460,13,015,54,#,5.06,#,0.382
1310460005,2008,1310460,13,015,54,#,6.62,#,0.497
1310460009,2008,1310460,13,015,54,#,4.17,#,0.252
1310460013,2008,1310460,13,015,54,#,3.09,#,0.219
1310460017,2008,1310460,13,015,54,#,2.95,#,0.208
1310460021,2008,1310460,13,015,54,#,3.39,#,0.137
1310460025,2008,1310460,13,015,54,#,6.51,#,0.344
1310460029,2008,1310460,13,015,54,#,7.45,#,0.399
1310460033,2008,1310460,13,015,54,#,7.42,#,0.426
1310460037,2008,1310460,13,015,54,#,8.59,#,0.491
1310460041,2008,1310460,13,015,54,#,5.91,#,0.401
1310460045,2008,1310460,13,015,54,#,6,#,0.418
1310480001,2008,1310480,13,015,56,#,5.19,#,0.323
1310480005,2008,1310480,13,015,56,#,6.03,#,0.357
1310480009,2008,1310480,13,015,56,#,3.84,#,0.22
1310480013,2008,1310480,13,015,56,#,3.61,#,0.221
1310480017,2008,1310480,13,015,56,#,2.99,#,0.257
1310480021,2008,1310480,13,015,56,#,3.48,#,0.144
1310480025,2008,1310480,13,015,56,#,6.51,#,0.236
1310480029,2008,1310480,13,015,56,#,6.84,#,0.292
1310480033,2008,1310480,13,015,56,#,7.42,#,0.324
1310480037,2008,1310480,13,015,56,#,7.95,#,0.371
1310480041,2008,1310480,13,015,56,#,5.91,#,0.264
1310480045,2008,1310480,13,015,56,#,5.51,#,0.316
1310530001,2008,1310530,13,015,03,#,4.73,#,0.262
1310530002,2008,1310530,13,015,03,#,4.36,#,0.259
1310530003,2008,1310530,13,015,03,#,3.53,#,0.255
1310530004,2008,1310530,13,015,03,#,4.48,#,0.281
1310530005,2008,1310530,13,015,03,#,5.3,#,0.253
1310530006,2008,1310530,13,015,03,#,5.03,#,0.297
1310530007,2008,1310530,13,015,03,#,3.63,#,0.204
1310530008,2008,1310530,13,015,03,#,6.44,#,0.41
1310530009,2008,1310530,13,015,03,#,3.67,#,0.194
1310530010,2008,1310530,13,015,03,#,4.04,#,0.2
1310530011,2008,1310530,13,015,03,#,3.92,#,0.202
1310530012,2008,1310530,13,015,03,#,4.04,#,0.22
1310530013,2008,1310530,13,015,03,#,3.85,#,0.226
1310530014,2008,1310530,13,015,03,#,2.81,#,0.212
1310530015,2008,1310530,13,015,03,#,4.01,#,0.215
1310530016,2008,1310530,13,015,03,#,3.17,#,0.243
1310530017,2008,1310530,13,015,03,#,2.99,#,0.197
1310530018,2008,1310530,13,015,03,#,3.04,#,0.224
1310530019,2008,1310530,13,015,03,#,2.54,#,0.219
1310530020,2008,1310530,13,015,03,#,3.08,#,0.237
1310530021,2008,1310530,13,015,03,#,3.82,#,0.153
1310530022,2008,1310530,13,015,03,#,3.52,#,0.159
1310530023,2008,1310530,13,015,03,#,3.56,#,0.171
1310530024,2008,1310530,13,015,03,#,3.48,#,0.159
1310530025,2008,1310530,13,015,03,#,3.34,#,0.196
1310530026,2008,1310530,13,015,03,#,6.94,#,0.267
1310530027,2008,1310530,13,015,03,#,4.07,#,0.202
1310530028,2008,1310530,13,015,03,#,2.64,#,0.165
1310530029,2008,1310530,13,015,03,#,6.14,#,0.27
1310530030,2008,1310530,13,015,03,#,6.42,#,0.261
1310530031,2008,1310530,13,015,03,#,7.04,#,0.281
1310530032,2008,1310530,13,015,03,#,3,#,0.161
1310530033,2008,1310530,13,015,03,#,2.55,#,0.16
1310530034,2008,1310530,13,015,03,#,3.79,#,0.187
1310530035,2008,1310530,13,015,03,#,2.43,#,0.152
1310530036,2008,1310530,13,015,03,#,3.67,#,0.196
1310530037,2008,1310530,13,015,03,#,8.04,#,0.348
1310530038,2008,1310530,13,015,03,#,2.83,#,0.143
1310530039,2008,1310530,13,015,03,#,5.45,#,0.237
1310530040,2008,1310530,13,015,03,#,4.73,#,0.221
1310530041,2008,1310530,13,015,03,#,5.42,#,0.282
1310530042,2008,1310530,13,015,03,#,3.61,#,0.226
1310530043,2008,1310530,13,015,03,#,5.21,#,0.275
1310530044,2008,1310530,13,015,03,#,6.12,#,0.293
1310530045,2008,1310530,13,015,03,#,4.98,#,0.329
1310530046,2008,1310530,13,015,03,#,2.73,#,0.211
1310530047,2008,1310530,13,015,03,#,4.9,#,0.316
1310530048,2008,1310530,13,015,03,#,2.81,#,0.222
1310540001,2008,1310540,13,015,58,#,5.44,#,0.284
1310540005,2008,1310540,13,015,58,#,6.58,#,0.308
1310540009,2008,1310540,13,015,58,#,4.13,#,0.2
1310540013,2008,1310540,13,015,58,#,3.97,#,0.221
1310540017,2008,1310540,13,015,58,#,2.95,#,0.231
1310540021,2008,1310540,13,015,58,#,3.48,#,0.166
1310540025,2008,1310540,13,015,58,#,9.33,#,0.258
1310540029,2008,1310540,13,015,58,#,3.87,#,0.195
1310540033,2008,1310540,13,015,58,#,3.21,#,0.191
1310540037,2008,1310540,13,015,58,#,2.03,#,0.123
1310540041,2008,1310540,13,015,58,#,6.16,#,0.326
1310540045,2008,1310540,13,015,58,#,6.08,#,0.403
1310550001,2008,1310550,13,017,01,#,7.22,#,0.341
1310550003,2008,1310550,13,017,01,#,10.1,#,0.441
1310550005,2008,1310550,13,017,01,#,7.77,#,0.35
1310550007,2008,1310550,13,017,01,#,6.77,#,0.333
1310550009,2008,1310550,13,017,01,#,7.16,#,0.36
1310550011,2008,1310550,13,017,01,#,7.28,#,0.188
1310550013,2008,1310550,13,017,01,#,7.88,#,0.434
1310550015,2008,1310550,13,017,01,#,12.1,#,0.371
1310550017,2008,1310550,13,017,01,#,10.1,#,0.493
1310550019,2008,1310550,13,017,01,#,11.1,#,0.652
1310550021,2008,1310550,13,017,01,#,10.5,#,0.729
1310550023,2008,1310550,13,017,01,#,8.91,#,0.491
1310560001,2008,1310560,13,017,51,#,6.62,#,0.244
1310560003,2008,1310560,13,017,51,#,6.56,#,0.201
1310560005,2008,1310560,13,017,51,#,5.91,#,0.137
1310560007,2008,1310560,13,017,51,#,5.68,#,0.247
1310560009,2008,1310560,13,017,51,#,5.79,#,0.188
1310560011,2008,1310560,13,017,51,#,6.12,#,0.11
1310560013,2008,1310560,13,017,51,#,7.26,#,0.149
1310560015,2008,1310560,13,017,51,#,10.2,#,0.217
1310560017,2008,1310560,13,017,51,#,9.79,#,0.567
1310560019,2008,1310560,13,017,51,#,12.1,#,0.829
1310560021,2008,1310560,13,017,51,#,8.37,#,0.301
1310560023,2008,1310560,13,017,51,#,7.96,#,0.327
1310570001,2008,1310570,13,017,52,#,7.07,#,0.344
1310570003,2008,1310570,13,017,52,#,7.77,#,0.485
1310570005,2008,1310570,13,017,52,#,6.52,#,0.241
1310570007,2008,1310570,13,017,52,#,6.81,#,0.128
1310570009,2008,1310570,13,017,52,#,6.64,#,0.371
1310570011,2008,1310570,13,017,52,#,6.38,#,0.185
1310570013,2008,1310570,13,017,52,#,7.94,#,0.342
1310570015,2008,1310570,13,017,52,#,10.5,#,0.575
1310570017,2008,1310570,13,017,52,#,9.66,#,0.475
1310570019,2008,1310570,13,017,52,#,13.1,#,0.966
1310570021,2008,1310570,13,017,52,#,9.18,#,0.491
1310570023,2008,1310570,13,017,52,#,9.14,#,0.561
1310580001,2008,1310580,13,018,01,#,7.73,#,0.023
1310580003,2008,1310580,13,018,01,#,7.98,#,0.078
1310580005,2008,1310580,13,018,01,#,7.22,#,0.038
1310580007,2008,1310580,13,018,01,#,6.17,#,0.186
1310580009,2008,1310580,13,018,01,#,6.7,#,0.202
1310580011,2008,1310580,13,018,01,#,6.54,#,0.094
1310580013,2008,1310580,13,018,01,#,7.04,#,0.098
1310580015,2008,1310580,13,018,01,#,8.94,#,0.098
1310580017,2008,1310580,13,018,01,#,9.1,#,0.378
1310580019,2008,1310580,13,018,01,#,11.2,#,0.505
1310580021,2008,1310580,13,018,01,#,8.78,#,0.247
1310580023,2008,1310580,13,018,01,#,8.12,#,0.213
1310600001,2008,1310600,13,019,01,#,5.96,#,0.039
1310600003,2008,1310600,13,019,01,#,7.43,#,0.294
1310600005,2008,1310600,13,019,01,#,6.21,#,0.052
1310600007,2008,1310600,13,019,01,#,6.85,#,0.139
1310600009,2008,1310600,13,019,01,#,5.85,#,0.365
1310600011,2008,1310600,13,019,01,#,5.95,#,0.23
1310600013,2008,1310600,13,019,01,#,6.28,#,0.129
1310600015,2008,1310600,13,019,01,#,7.13,#,0.063
1310600017,2008,1310600,13,019,01,#,7.66,#,0.253
1310600019,2008,1310600,13,019,01,#,8.31,#,0.271
1310600021,2008,1310600,13,019,01,#,7.58,#,0.198
1310600023,2008,1310600,13,019,01,#,7.04,#,0.254
1310630001,2008,1310630,13,020,01,#,7.53,#,0.515
1310630003,2008,1310630,13,020,01,#,8.09,#,0.811
1310630005,2008,1310630,13,020,01,#,10,#,0.623
1310630007,2008,1310630,13,020,01,#,6.44,#,0.315
1310630009,2008,1310630,13,020,01,#,6.39,#,0.673
1310630011,2008,1310630,13,020,01,#,5.64,#,0.361
1310630013,2008,1310630,13,020,01,#,6.8,#,0.624
1310630015,2008,1310630,13,020,01,#,7.83,#,0.25
1310630017,2008,1310630,13,020,01,#,7.77,#,0.617
1310630019,2008,1310630,13,020,01,#,7.43,#,0.397
1310630021,2008,1310630,13,020,01,#,8.51,#,0.692
1310630023,2008,1310630,13,020,01,#,7.75,#,0.387
1310650001,2008,1310650,13,020,52,#,9.53,#,0.857
1310650003,2008,1310650,13,020,52,#,10.5,#,1.14
1310650005,2008,1310650,13,020,52,#,8.99,#,0.981
1310650007,2008,1310650,13,020,52,#,9.85,#,0.645
1310650009,2008,1310650,13,020,52,#,8.69,#,1.06
1310650011,2008,1310650,13,020,52,#,8.53,#,0.638
1310650013,2008,1310650,13,020,52,#,7.95,#,0.839
1310650015,2008,1310650,13,020,52,#,11.1,#,0.96
1310650017,2008,1310650,13,020,52,#,11.3,#,1.09
1310650019,2008,1310650,13,020,52,#,10.6,#,0.943
1310650021,2008,1310650,13,020,52,#,11.8,#,1.08
1310650023,2008,1310650,13,020,52,#,10.5,#,0.55
1310660001,2008,1310660,13,021,01,#,3.57,#,0.02
1310660003,2008,1310660,13,021,01,#,2.41,#,0.011
1310660005,2008,1310660,13,021,01,#,2.91,#,0.024
1310660007,2008,1310660,13,021,01,#,2.94,#,0.02
1310660009,2008,1310660,13,021,01,#,2.81,#,0.027
1310660011,2008,1310660,13,021,01,#,3.88,#,0.017
1310660013,2008,1310660,13,021,01,#,2.11,#,0.022
1310660015,2008,1310660,13,021,01,#,2.96,#,0.018
1310660017,2008,1310660,13,021,01,#,2.65,#,0.016
1310660019,2008,1310660,13,021,01,#,2.48,#,0.007
1310660021,2008,1310660,13,021,01,#,3.01,#,0.02
1310660023,2008,1310660,13,021,01,#,2.49,#,0.007
1310670001,2008,1310670,13,022,01,#,1.5,#,0.014
1310670002,2008,1310670,13,022,01,#,1.14,#,0.008
1310670003,2008,1310670,13,022,01,#,1.22,#,0.017
1310670004,2008,1310670,13,022,01,#,1.05,#,0.012
1310670005,2008,1310670,13,022,01,#,1.22,#,0.015
1310670006,2008,1310670,13,022,01,#,1.23,#,0.01
1310670007,2008,1310670,13,022,01,#,1.37,#,0.013
1310670008,2008,1310670,13,022,01,#,1.11,#,0.011
1310670009,2008,1310670,13,022,01,#,1.3,#,0.01
1310670010,2008,1310670,13,022,01,#,1.09,#,0.008
1310670011,2008,1310670,13,022,01,#,1.91,#,0.014
1310670012,2008,1310670,13,022,01,#,1.16,#,0.009
1310690002,2008,1310690,13,023,01,#,5.2,#,0.113
1310690004,2008,1310690,13,023,01,#,2.85,#,0.118
1310690005,2008,1310690,13,023,01,#,3.21,#,0.071
1310690008,2008,1310690,13,023,01,#,3.18,#,0.112
1310690010,2008,1310690,13,023,01,#,2.7,#,0.094
1310690012,2008,1310690,13,023,01,#,3.42,#,0.041
1310690014,2008,1310690,13,023,01,#,3.11,#,0.08
1310690015,2008,1310690,13,023,01,#,4.48,#,0.209
1310690018,2008,1310690,13,023,01,#,3.89,#,0.114
1310690020,2008,1310690,13,023,01,#,3.97,#,0.092
1310690022,2008,1310690,13,023,01,#,3.53,#,0.095
1310690024,2008,1310690,13,023,01,#,4.87,#,0.152
1310700001,2008,1310700,13,024,01,#,4.82,#,0.029
1310700003,2008,1310700,13,024,01,#,2.15,#,0.036
1310700005,2008,1310700,13,024,01,#,3.68,#,0.042
1310700007,2008,1310700,13,024,01,#,3.01,#,0.036
1310700009,2008,1310700,13,024,01,#,3.27,#,0.051
1310700011,2008,1310700,13,024,01,#,3.91,#,0.037
1310700013,2008,1310700,13,024,01,#,4.31,#,0.037
1310700015,2008,1310700,13,024,01,#,4.6,#,0.045
1310700017,2008,1310700,13,024,01,#,3.75,#,0.04
1310700019,2008,1310700,13,024,01,#,3.58,#,0.027
1310700021,2008,1310700,13,024,01,#,3.96,#,0.031
1310700023,2008,1310700,13,024,01,#,3.39,#,0.03
1310730002,2008,1310730,13,025,01,#,2.17,#,0.039
1310730004,2008,1310730,13,025,01,#,2.4,#,0.035
1310730005,2008,1310730,13,025,01,#,1.91,#,0.032
1310730008,2008,1310730,13,025,01,#,2,#,0.037
1310730010,2008,1310730,13,025,01,#,2.57,#,0.041
1310730012,2008,1310730,13,025,01,#,2.91,#,0.036
1310730014,2008,1310730,13,025,01,#,2.35,#,0.038
1310730015,2008,1310730,13,025,01,#,2.33,#,0.061
1310730018,2008,1310730,13,025,01,#,2.64,#,0.047
1310730020,2008,1310730,13,025,01,#,4.27,#,0.053
1310730022,2008,1310730,13,025,01,#,3.22,#,0.066
1310730024,2008,1310730,13,025,01,#,2.66,#,0.061
1310740001,2008,1310740,13,026,01,#,3.87,#,0.196
1310740002,2008,1310740,13,026,01,#,4.02,#,0.29
1310740003,2008,1310740,13,026,01,#,3.95,#,0.21
1310740004,2008,1310740,13,026,01,#,4.07,#,0.226
1310740005,2008,1310740,13,026,01,#,2.62,#,0.243
1310740006,2008,1310740,13,026,01,#,2.64,#,0.178
1310740007,2008,1310740,13,026,01,#,3.14,#,0.19
1310740008,2008,1310740,13,026,01,#,3.55,#,0.21
1310740009,2008,1310740,13,026,01,#,3.44,#,0.147
1310740010,2008,1310740,13,026,01,#,3.32,#,0.144
1310740011,2008,1310740,13,026,01,#,3.51,#,0.155
1310740012,2008,1310740,13,026,01,#,3.71,#,0.169
1310740013,2008,1310740,13,026,01,#,2.99,#,0.144
1310740014,2008,1310740,13,026,01,#,2.86,#,0.13
1310740015,2008,1310740,13,026,01,#,3.09,#,0.143
1310740016,2008,1310740,13,026,01,#,3.23,#,0.152
1310740017,2008,1310740,13,026,01,#,2.62,#,0.118
1310740018,2008,1310740,13,026,01,#,2.63,#,0.13
1310740019,2008,1310740,13,026,01,#,3.02,#,0.121
1310740020,2008,1310740,13,026,01,#,3.02,#,0.132
1310740021,2008,1310740,13,026,01,#,3.89,#,0.077
1310740022,2008,1310740,13,026,01,#,3.97,#,0.092
1310740023,2008,1310740,13,026,01,#,4.02,#,0.094
1310740024,2008,1310740,13,026,01,#,4.08,#,0.09
1310740025,2008,1310740,13,026,01,#,4.12,#,0.18
1310740026,2008,1310740,13,026,01,#,4.01,#,0.171
1310740027,2008,1310740,13,026,01,#,4.03,#,0.177
1310740028,2008,1310740,13,026,01,#,4.14,#,0.205
1310740029,2008,1310740,13,026,01,#,4.67,#,0.205
1310740030,2008,1310740,13,026,01,#,4.73,#,0.207
1310740031,2008,1310740,13,026,01,#,4.61,#,0.192
1310740032,2008,1310740,13,026,01,#,4.73,#,0.217
1310740033,2008,1310740,13,026,01,#,4.94,#,0.252
1310740034,2008,1310740,13,026,01,#,4.96,#,0.25
1310740035,2008,1310740,13,026,01,#,4.68,#,0.216
1310740036,2008,1310740,13,026,01,#,4.81,#,0.24
1310740037,2008,1310740,13,026,01,#,5.55,#,0.327
1310740038,2008,1310740,13,026,01,#,5.45,#,0.277
1310740039,2008,1310740,13,026,01,#,5.31,#,0.242
1310740040,2008,1310740,13,026,01,#,5.41,#,0.259
1310740041,2008,1310740,13,026,01,#,3.73,#,0.145
1310740042,2008,1310740,13,026,01,#,3.72,#,0.147
1310740043,2008,1310740,13,026,01,#,3.81,#,0.153
1310740044,2008,1310740,13,026,01,#,3.97,#,0.183
1310740045,2008,1310740,13,026,01,#,3.81,#,0.177
1310740046,2008,1310740,13,026,01,#,3.84,#,0.168
1310740047,2008,1310740,13,026,01,#,3.81,#,0.173
1310740048,2008,1310740,13,026,01,#,4.02,#,0.192
1310750002,2008,1310750,13,025,02,#,4.48,#,0.207
1310750004,2008,1310750,13,025,02,#,3.83,#,0.179
1310750005,2008,1310750,13,025,02,#,2.55,#,0.084
1310750008,2008,1310750,13,025,02,#,3.07,#,0.129
1310750010,2008,1310750,13,025,02,#,3.25,#,0.168
1310750012,2008,1310750,13,025,02,#,3.68,#,0.078
1310750014,2008,1310750,13,025,02,#,3.72,#,0.142
1310750015,2008,1310750,13,025,02,#,4.66,#,0.393
1310750018,2008,1310750,13,025,02,#,5.21,#,0.525
1310750020,2008,1310750,13,025,02,#,5.34,#,0.677
1310750022,2008,1310750,13,025,02,#,3.75,#,0.182
1310750024,2008,1310750,13,025,02,#,5.98,#,0.252
1310780002,2008,1310780,13,027,01,#,2.32,#,0.035
1310780004,2008,1310780,13,027,01,#,2.09,#,0.022
1310780005,2008,1310780,13,027,01,#,1.86,#,0.014
1310780008,2008,1310780,13,027,01,#,1.68,#,0.019
1310780010,2008,1310780,13,027,01,#,2.19,#,0.021
1310780012,2008,1310780,13,027,01,#,2.83,#,0.023
1310780014,2008,1310780,13,027,01,#,1.98,#,0.016
1310780015,2008,1310780,13,027,01,#,2.38,#,0.033
1310780018,2008,1310780,13,027,01,#,2.55,#,0.015
1310780020,2008,1310780,13,027,01,#,2.73,#,0.016
1310780022,2008,1310780,13,027,01,#,2.53,#,0.016
1310780024,2008,1310780,13,027,01,#,2.1,#,0.017
1310790001,2008,1310790,13,028,01,#,3.57,#,0.063
1310790003,2008,1310790,13,028,01,#,3.66,#,0.141
1310790005,2008,1310790,13,028,01,#,2.72,#,0.065
1310790007,2008,1310790,13,028,01,#,2.78,#,0.089
1310790009,2008,1310790,13,028,01,#,2.68,#,0.089
1310790011,2008,1310790,13,028,01,#,2.88,#,0.042
1310790013,2008,1310790,13,028,01,#,3.19,#,0.041
1310790015,2008,1310790,13,028,01,#,4.37,#,0.123
1310790017,2008,1310790,13,028,01,#,4.36,#,0.035
1310790019,2008,1310790,13,028,01,#,4.76,#,0.189
1310790021,2008,1310790,13,028,01,#,3.21,#,0.072
1310790023,2008,1310790,13,028,01,#,3.71,#,0.244
1310800001,2008,1310800,13,029,01,#,2.22,#,0.051
1310800003,2008,1310800,13,029,01,#,1.47,#,0.103
1310800005,2008,1310800,13,029,01,#,2.12,#,0.045
1310800007,2008,1310800,13,029,01,#,1.88,#,0.05
1310800009,2008,1310800,13,029,01,#,1.88,#,0.065
1310800011,2008,1310800,13,029,01,#,2.36,#,0.031
1310800013,2008,1310800,13,029,01,#,2.02,#,0.062
1310800015,2008,1310800,13,029,01,#,1.94,#,0.06
1310800017,2008,1310800,13,029,01,#,2.12,#,0.06
1310800019,2008,1310800,13,029,01,#,1.67,#,0.048
1310800021,2008,1310800,13,029,01,#,2.08,#,0.035
1310800023,2008,1310800,13,029,01,#,1.68,#,0.031
1310810001,2008,1310810,13,030,01,#,8.35,#,0.084
1310810002,2008,1310810,13,030,01,#,7.76,#,0.095
1310810003,2008,1310810,13,030,01,#,8.43,#,0.086
1310810004,2008,1310810,13,030,01,#,7.93,#,0.071
1310810005,2008,1310810,13,030,01,#,6.89,#,0.109
1310810006,2008,1310810,13,030,01,#,7.12,#,0.514
1310810007,2008,1310810,13,030,01,#,5.35,#,0.271
1310810008,2008,1310810,13,030,01,#,5.26,#,0.164
1310810009,2008,1310810,13,030,01,#,5.66,#,0.097
1310810010,2008,1310810,13,030,01,#,5.74,#,0.075
1310810011,2008,1310810,13,030,01,#,5.66,#,0.09
1310810012,2008,1310810,13,030,01,#,5.53,#,0.097
1310810013,2008,1310810,13,030,01,#,6.35,#,0.101
1310810014,2008,1310810,13,030,01,#,6.07,#,0.094
1310810015,2008,1310810,13,030,01,#,5.42,#,0.097
1310810016,2008,1310810,13,030,01,#,5.66,#,0.107
1310810017,2008,1310810,13,030,01,#,4.14,#,0.162
1310810018,2008,1310810,13,030,01,#,3.16,#,0.127
1310810019,2008,1310810,13,030,01,#,3.98,#,0.107
1310810020,2008,1310810,13,030,01,#,4.56,#,0.107
1310810021,2008,1310810,13,030,01,#,5.98,#,0.073
1310810022,2008,1310810,13,030,01,#,5.98,#,0.073
1310810023,2008,1310810,13,030,01,#,5.73,#,0.071
1310810024,2008,1310810,13,030,01,#,6.11,#,0.06
1310810025,2008,1310810,13,030,01,#,8.46,#,0.05
1310810026,2008,1310810,13,030,01,#,7.63,#,0.05
1310810027,2008,1310810,13,030,01,#,8.02,#,0.061
1310810028,2008,1310810,13,030,01,#,7.81,#,0.049
1310810029,2008,1310810,13,030,01,#,8.86,#,0.038
1310810030,2008,1310810,13,030,01,#,8.24,#,0.04
1310810031,2008,1310810,13,030,01,#,8.73,#,0.043
1310810032,2008,1310810,13,030,01,#,8.03,#,0.036
1310810033,2008,1310810,13,030,01,#,8.91,#,0.083
1310810034,2008,1310810,13,030,01,#,9.07,#,0.26
1310810035,2008,1310810,13,030,01,#,9.61,#,0.132
1310810036,2008,1310810,13,030,01,#,8.86,#,0.081
1310810037,2008,1310810,13,030,01,#,10.4,#,0.085
1310810038,2008,1310810,13,030,01,#,10.6,#,0.079
1310810039,2008,1310810,13,030,01,#,10.3,#,0.074
1310810040,2008,1310810,13,030,01,#,9.86,#,0.074
1310810041,2008,1310810,13,030,01,#,8.33,#,0.103
1310810042,2008,1310810,13,030,01,#,8.25,#,0.193
1310810043,2008,1310810,13,030,01,#,8.05,#,0.165
1310810044,2008,1310810,13,030,01,#,7.72,#,0.142
1310810045,2008,1310810,13,030,01,#,6.86,#,0.099
1310810046,2008,1310810,13,030,01,#,7.3,#,0.103
1310810047,2008,1310810,13,030,01,#,7.88,#,0.117
1310810048,2008,1310810,13,030,01,#,7.39,#,0.088
1310820001,2008,1310820,13,030,51,#,1.35,#,0.033
1310820002,2008,1310820,13,030,51,#,2.05,#,0.057
1310820003,2008,1310820,13,030,51,#,3.39,#,0.067
1310820004,2008,1310820,13,030,51,#,4.48,#,0.055
1310820005,2008,1310820,13,030,51,#,3.29,#,0.096
1310820006,2008,1310820,13,030,51,#,4.92,#,0.041
1310820007,2008,1310820,13,030,51,#,6.67,#,0.041
1310820008,2008,1310820,13,030,51,#,7.39,#,0.024
1310820009,2008,1310820,13,030,51,#,6.17,#,0.023
1310820010,2008,1310820,13,030,51,#,5.29,#,0.011
1310820011,2008,1310820,13,030,51,#,4.63,#,0.022
1310820012,2008,1310820,13,030,51,#,4.23,#,0.039
1310830002,2008,1310830,13,031,01,#,6.09,#,0.623
1310830004,2008,1310830,13,031,01,#,3.39,#,0.29
1310830006,2008,1310830,13,031,01,#,4.53,#,0.308
1310830009,2008,1310830,13,031,01,#,1.28,#,0.15
1310830011,2008,1310830,13,031,01,#,3.93,#,0.108
1310830013,2008,1310830,13,031,01,#,2.23,#,0.069
1310830015,2008,1310830,13,031,01,#,4.86,#,0.13
1310830017,2008,1310830,13,031,01,#,5.42,#,0.143
1310830019,2008,1310830,13,031,01,#,4.66,#,0.145
1310830021,2008,1310830,13,031,01,#,4.95,#,0.27
1310830023,2008,1310830,13,031,01,#,4.96,#,0.146
1310830025,2008,1310830,13,031,01,#,4.23,#,0.081
1310840001,2008,1310840,13,031,51,#,4.49,#,0.735
1310840004,2008,1310840,13,031,51,#,1.66,#,0.225
1310840007,2008,1310840,13,031,51,#,4.56,#,0.158
1310840010,2008,1310840,13,031,51,#,5.85,#,0.678
1310850001,2008,1310850,13,032,01,#,1.66,#,0.025
1310850002,2008,1310850,13,032,01,#,1.15,#,0.018
1310850003,2008,1310850,13,032,01,#,1.62,#,0.024
1310850004,2008,1310850,13,032,01,#,1.25,#,0.024
1310850005,2008,1310850,13,032,01,#,1.53,#,0.029
1310850006,2008,1310850,13,032,01,#,1.52,#,0.024
1310850007,2008,1310850,13,032,01,#,1.54,#,0.026
1310850008,2008,1310850,13,032,01,#,1.16,#,0.024
1310850009,2008,1310850,13,032,01,#,1.55,#,0.025
1310850010,2008,1310850,13,032,01,#,1.28,#,0.012
1310850011,2008,1310850,13,032,01,#,1.49,#,0.019
1310850012,2008,1310850,13,032,01,#,1.41,#,0.018
1310860001,2008,1310860,13,032,02,#,2.29,#,0.041
1310860002,2008,1310860,13,032,02,#,1.63,#,0.047
1310860003,2008,1310860,13,032,02,#,1.83,#,0.037
1310860004,2008,1310860,13,032,02,#,1.58,#,0.043
1310860005,2008,1310860,13,032,02,#,1.93,#,0.064
1310860006,2008,1310860,13,032,02,#,1.73,#,0.039
1310860007,2008,1310860,13,032,02,#,1.72,#,0.04
1310860008,2008,1310860,13,032,02,#,1.65,#,0.052
1310860009,2008,1310860,13,032,02,#,1.98,#,0.049
1310860010,2008,1310860,13,032,02,#,1.93,#,0.037
1310860011,2008,1310860,13,032,02,#,2.12,#,0.036
1310860012,2008,1310860,13,032,02,#,1.87,#,0.03
1310870001,2008,1310870,13,034,01,#,7.85,#,0.142
1310870003,2008,1310870,13,034,01,#,9.15,#,0.221
1310870005,2008,1310870,13,034,01,#,7.1,#,0.113
1310870007,2008,1310870,13,034,01,#,7.47,#,0.121
1310870009,2008,1310870,13,034,01,#,8.25,#,0.129
1310870011,2008,1310870,13,034,01,#,7.89,#,0.116
1310870013,2008,1310870,13,034,01,#,6.09,#,0.207
1310870015,2008,1310870,13,034,01,#,9.98,#,0.247
1310870017,2008,1310870,13,034,01,#,10,#,0.176
1310870019,2008,1310870,13,034,01,#,11.2,#,0.292
1310870021,2008,1310870,13,034,01,#,11,#,0.197
1310870023,2008,1310870,13,034,01,#,6.59,#,0.555
1310880001,2008,1310880,13,035,01,#,5.46,#,0.032
1310880003,2008,1310880,13,035,01,#,5.77,#,0.041
1310880005,2008,1310880,13,035,01,#,6.37,#,0.046
1310880007,2008,1310880,13,035,01,#,6.42,#,0.037
1310880009,2008,1310880,13,035,01,#,5.68,#,0.036
1310880011,2008,1310880,13,035,01,#,7,#,0.03
1310880013,2008,1310880,13,035,01,#,6.35,#,0.028
1310880015,2008,1310880,13,035,01,#,6.46,#,0.056
1310880017,2008,1310880,13,035,01,#,6.7,#,0.035
1310880019,2008,1310880,13,035,01,#,6.58,#,0.042
1310880021,2008,1310880,13,035,01,#,6.52,#,0.038
1310880023,2008,1310880,13,035,01,#,5.35,#,0.047
1310940002,2008,1310940,13,036,01,#,6.27,#,0.261
1310940004,2008,1310940,13,036,01,#,5.41,#,0.202
1310940006,2008,1310940,13,036,01,#,5.19,#,0.298
1310940008,2008,1310940,13,036,01,#,5.24,#,0.102
1310940010,2008,1310940,13,036,01,#,6.97,#,0.141
1310940012,2008,1310940,13,036,01,#,2.76,#,0.05
1310940014,2008,1310940,13,036,01,#,4.02,#,0.26
1310940016,2008,1310940,13,036,01,#,5.97,#,0.479
1310940018,2008,1310940,13,036,01,#,5.43,#,0.476
1310940020,2008,1310940,13,036,01,#,5.26,#,0.239
1310940022,2008,1310940,13,036,01,#,4.73,#,0.414
1310940024,2008,1310940,13,036,01,#,5.5,#,0.073
1310950001,2008,1310950,13,037,01,#,10.1,#,0.103
1310950003,2008,1310950,13,037,01,#,9.24,#,0.13
1310950005,2008,1310950,13,037,01,#,5.26,#,0.1
1310950007,2008,1310950,13,037,01,#,8.41,#,0.104
1310950009,2008,1310950,13,037,01,#,5.39,#,0.101
1310950011,2008,1310950,13,037,01,#,7.12,#,0.072
1310950013,2008,1310950,13,037,01,#,9.65,#,0.065
1310950015,2008,1310950,13,037,01,#,9.91,#,0.065
1310950017,2008,1310950,13,037,01,#,11.6,#,0.105
1310950019,2008,1310950,13,037,01,#,12.4,#,0.091
1310950021,2008,1310950,13,037,01,#,10.3,#,0.072
1310950023,2008,1310950,13,037,01,#,11.7,#,0.557
1310960001,2008,1310960,13,038,01,#,3.3,#,0.04
1310960003,2008,1310960,13,038,01,#,4.32,#,0.046
1310960005,2008,1310960,13,038,01,#,3.62,#,0.054
1310960007,2008,1310960,13,038,01,#,2.81,#,0.041
1310960009,2008,1310960,13,038,01,#,2.75,#,0.063
1310960011,2008,1310960,13,038,01,#,5.24,#,0.029
1310960013,2008,1310960,13,038,01,#,2.45,#,0.048
1310960015,2008,1310960,13,038,01,#,4.81,#,0.042
1310960017,2008,1310960,13,038,01,#,4.49,#,0.052
1310960019,2008,1310960,13,038,01,#,3.59,#,0.049
1310960021,2008,1310960,13,038,01,#,5.23,#,0.045
1310960023,2008,1310960,13,038,01,#,2.1,#,0.061
1310970004,2008,1310970,13,039,51,#,2.96,#,0.167
1310970010,2008,1310970,13,039,51,#,1.96,#,0.181
1310970016,2008,1310970,13,039,51,#,4.45,#,0.201
1310970022,2008,1310970,13,039,51,#,6.23,#,0.324
1310980001,2008,1310980,13,043,01,#,2.38,#,0.123
1310980003,2008,1310980,13,043,01,#,1.71,#,0.08
1310980005,2008,1310980,13,043,01,#,2.82,#,0.139
1310980007,2008,1310980,13,043,01,#,2.5,#,0.105
1310980009,2008,1310980,13,043,01,#,2.45,#,0.148
1310980011,2008,1310980,13,043,01,#,2.35,#,0.084
1310980013,2008,1310980,13,043,01,#,2.99,#,0.114
1310980015,2008,1310980,13,043,01,#,3.37,#,0.103
1310980017,2008,1310980,13,043,01,#,3.31,#,0.101
1310980019,2008,1310980,13,043,01,#,4.01,#,0.146
1310980021,2008,1310980,13,043,01,#,3.35,#,0.092
1310980023,2008,1310980,13,043,01,#,2.84,#,0.103
1310990001,2008,1310990,13,202,01,#,6.03,#,0.238
1310990003,2008,1310990,13,202,01,#,4.15,#,0.279
1310990005,2008,1310990,13,202,01,#,2.48,#,0.247
1310990007,2008,1310990,13,202,01,#,2.6,#,0.179
1310990009,2008,1310990,13,202,01,#,2.08,#,0.229
1310990011,2008,1310990,13,202,01,#,2.49,#,0.149
1310990013,2008,1310990,13,202,01,#,2.81,#,0.222
1310990015,2008,1310990,13,202,01,#,4.95,#,0.218
1310990017,2008,1310990,13,202,01,#,4.14,#,0.147
1310990020,2008,1310990,13,202,01,#,6.24,#,0.322
1310990021,2008,1310990,13,202,01,#,6.47,#,0.286
1310990023,2008,1310990,13,202,01,#,4.64,#,0.279
1311000001,2008,1311000,13,044,01,#,2.62,#,0.114
1311000003,2008,1311000,13,044,01,#,2.77,#,0.144
1311000005,2008,1311000,13,044,01,#,3.09,#,0.151
1311000007,2008,1311000,13,044,01,#,2.65,#,0.145
1311000009,2008,1311000,13,044,01,#,1.94,#,0.172
1311000011,2008,1311000,13,044,01,#,2.59,#,0.097
1311000013,2008,1311000,13,044,01,#,2.51,#,0.183
1311000015,2008,1311000,13,044,01,#,4.71,#,0.172
1311000018,2008,1311000,13,044,01,#,3.81,#,0.131
1311000020,2008,1311000,13,044,01,#,5.41,#,0.2
1311000021,2008,1311000,13,044,01,#,4.16,#,0.131
1311000023,2008,1311000,13,044,01,#,4.34,#,0.25
1311010001,2008,1311010,13,044,51,#,2.43,#,0.093
1311010003,2008,1311010,13,044,51,#,1.81,#,0.104
1311010005,2008,1311010,13,044,51,#,2.65,#,0.152
1311010007,2008,1311010,13,044,51,#,2.52,#,0.124
1311010009,2008,1311010,13,044,51,#,2.83,#,0.161
1311010011,2008,1311010,13,044,51,#,2.74,#,0.095
1311010013,2008,1311010,13,044,51,#,2.83,#,0.272
1311010015,2008,1311010,13,044,51,#,4.67,#,0.142
1311010018,2008,1311010,13,044,51,#,3.17,#,0.111
1311010019,2008,1311010,13,044,51,#,5.31,#,0.191
1311010021,2008,1311010,13,044,51,#,3.39,#,0.176
1311010023,2008,1311010,13,044,51,#,3.3,#,0.215
1311020001,2008,1311020,13,204,01,#,3.66,#,0.172
1311020002,2008,1311020,13,204,01,#,3.14,#,0.161
1311020003,2008,1311020,13,204,01,#,2.45,#,0.163
1311020004,2008,1311020,13,204,01,#,2.28,#,0.144
1311020005,2008,1311020,13,204,01,#,2.1,#,0.142
1311020006,2008,1311020,13,204,01,#,2.42,#,0.124
1311020007,2008,1311020,13,204,01,#,2.75,#,0.152
1311020008,2008,1311020,13,204,01,#,4.46,#,0.22
1311020009,2008,1311020,13,204,01,#,4.78,#,0.193
1311020010,2008,1311020,13,204,01,#,6.17,#,0.333
1311020011,2008,1311020,13,204,01,#,5.26,#,0.237
1311020012,2008,1311020,13,204,01,#,3.78,#,0.17
1311030001,2008,1311030,13,049,01,#,3.41,#,0.231
1311030003,2008,1311030,13,049,01,#,4.02,#,0.259
1311030005,2008,1311030,13,049,01,#,3.54,#,0.253
1311030007,2008,1311030,13,049,01,#,3.96,#,0.235
1311030009,2008,1311030,13,049,01,#,3.63,#,0.459
1311030011,2008,1311030,13,049,01,#,2.88,#,0.292
1311030013,2008,1311030,13,049,01,#,3.02,#,0.24
1311030015,2008,1311030,13,049,01,#,3.54,#,0.239
1311030017,2008,1311030,13,049,01,#,3.8,#,0.198
1311030019,2008,1311030,13,049,01,#,3.17,#,0.155
1311030021,2008,1311030,13,049,01,#,3.05,#,0.14
1311030023,2008,1311030,13,049,01,#,3.03,#,0.166
1311050001,2008,1311050,13,050,01,#,3.32,#,0.204
1311050003,2008,1311050,13,050,01,#,3.77,#,0.22
1311050005,2008,1311050,13,050,01,#,3.8,#,0.275
1311050007,2008,1311050,13,050,01,#,4.19,#,0.242
1311050009,2008,1311050,13,050,01,#,3.59,#,0.391
1311050011,2008,1311050,13,050,01,#,3.87,#,0.24
1311050013,2008,1311050,13,050,01,#,2.98,#,0.245
1311050015,2008,1311050,13,050,01,#,3.46,#,0.241
1311050017,2008,1311050,13,050,01,#,3.99,#,0.2
1311050019,2008,1311050,13,050,01,#,3.62,#,0.172
1311050021,2008,1311050,13,050,01,#,3.32,#,0.169
1311050023,2008,1311050,13,050,01,#,3.34,#,0.152
1311100002,2008,1311100,13,059,01,#,3.67,#,0.261
1311100004,2008,1311100,13,059,01,#,4.63,#,0.09
1311100006,2008,1311100,13,059,01,#,4.41,#,0.05
1311100008,2008,1311100,13,059,01,#,3.77,#,0.014
1311100010,2008,1311100,13,059,01,#,4.13,#,0.029
1311100012,2008,1311100,13,059,01,#,2.95,#,0.02
1311100014,2008,1311100,13,059,01,#,3.87,#,0.042
1311100016,2008,1311100,13,059,01,#,4.8,#,0.029
1311100018,2008,1311100,13,059,01,#,3.45,#,0.023
1311100020,2008,1311100,13,059,01,#,4.62,#,0.023
1311100022,2008,1311100,13,059,01,#,4.06,#,0.026
1311100024,2008,1311100,13,059,01,#,2.81,#,0.024
1311110001,2008,1311110,13,041,01,#,3.33,#,0.014
1311110003,2008,1311110,13,041,01,#,3.12,#,0.021
1311110005,2008,1311110,13,041,01,#,3.16,#,0.045
1311110007,2008,1311110,13,041,01,#,2.69,#,0.028
1311110009,2008,1311110,13,041,01,#,2.58,#,0.047
1311110011,2008,1311110,13,041,01,#,3.25,#,0.016
1311110013,2008,1311110,13,041,01,#,3.3,#,0.034
1311110015,2008,1311110,13,041,01,#,2.51,#,0.016
1311110017,2008,1311110,13,041,01,#,3.29,#,0.025
1311110019,2008,1311110,13,041,01,#,2.47,#,0.296
1311110021,2008,1311110,13,041,01,#,2.88,#,0.016
1311110023,2008,1311110,13,041,01,#,1.73,#,0.034
1311130001,2008,1311130,13,215,01,#,6.63,#,0.036
1311130003,2008,1311130,13,215,01,#,6.52,#,0.038
1311130005,2008,1311130,13,215,01,#,6.86,#,0.031
1311130007,2008,1311130,13,215,01,#,6.83,#,0.021
1311130009,2008,1311130,13,215,01,#,6.63,#,0.018
1311130011,2008,1311130,13,215,01,#,6.93,#,0.038
1311130013,2008,1311130,13,215,01,#,6.83,#,0.016
1311130015,2008,1311130,13,215,01,#,6.39,#,0.044
1311130017,2008,1311130,13,215,01,#,7.43,#,0.032
1311130019,2008,1311130,13,215,01,#,7.31,#,0.057
1311130021,2008,1311130,13,215,01,#,6.48,#,0.042
1311130023,2008,1311130,13,215,01,#,7.37,#,0.054
1311140001,2008,1311140,13,005,54,#,4.89,#,0.224
1311140003,2008,1311140,13,005,54,#,3.37,#,0.239
1311140005,2008,1311140,13,005,54,#,3.27,#,0.232
1311140008,2008,1311140,13,005,54,#,3.07,#,0.199
1311140009,2008,1311140,13,005,54,#,3.07,#,0.196
1311140011,2008,1311140,13,005,54,#,3.72,#,0.131
1311140013,2008,1311140,13,005,54,#,3.3,#,0.184
1311140015,2008,1311140,13,005,54,#,4.81,#,0.266
1311140017,2008,1311140,13,005,54,#,4.35,#,0.132
1311140020,2008,1311140,13,005,54,#,4.68,#,0.209
1311140021,2008,1311140,13,005,54,#,5.44,#,0.236
1311140023,2008,1311140,13,005,54,#,3.95,#,0.218
1311160001,2008,1311160,13,042,01,#,2.58,#,0.058
1311160003,2008,1311160,13,042,01,#,2.03,#,0.098
1311160005,2008,1311160,13,042,01,#,1.73,#,0.052
1311160007,2008,1311160,13,042,01,#,1.64,#,0.064
1311160009,2008,1311160,13,042,01,#,2.41,#,0.122
1311160011,2008,1311160,13,042,01,#,1.7,#,0.06
1311160013,2008,1311160,13,042,01,#,1.67,#,0.064
1311160015,2008,1311160,13,042,01,#,2.01,#,0.1
1311160017,2008,1311160,13,042,01,#,2.28,#,0.086
1311160019,2008,1311160,13,042,01,#,2.49,#,0.093
1311160021,2008,1311160,13,042,01,#,2.18,#,0.061
1311160023,2008,1311160,13,042,01,#,1.83,#,0.043
1311170001,2008,1311170,13,056,01,#,0.87,#,0.024
1311170002,2008,1311170,13,056,01,#,0.73,#,0.013
1311170003,2008,1311170,13,056,01,#,0.84,#,0.019
1311170004,2008,1311170,13,056,01,#,0.76,#,0.018
1311170005,2008,1311170,13,056,01,#,0.84,#,0.022
1311170006,2008,1311170,13,056,01,#,0.86,#,0.018
1311170007,2008,1311170,13,056,01,#,0.89,#,0.017
1311170008,2008,1311170,13,056,01,#,0.76,#,0.015
1311170009,2008,1311170,13,056,01,#,0.82,#,0.013
1311170010,2008,1311170,13,056,01,#,0.7,#,0.012
1311170011,2008,1311170,13,056,01,#,0.97,#,0.016
1311170012,2008,1311170,13,056,01,#,0.72,#,0.015
1311200001,2008,1311200,13,219,01,#,4.53,#,0.216
1311200003,2008,1311200,13,219,01,#,3.32,#,0.279
1311200005,2008,1311200,13,219,01,#,3.55,#,0.348
1311200007,2008,1311200,13,219,01,#,2.87,#,0.18
1311200009,2008,1311200,13,219,01,#,2.72,#,0.189
1311200011,2008,1311200,13,219,01,#,3.99,#,0.133
1311200013,2008,1311200,13,219,01,#,3.56,#,0.205
1311200015,2008,1311200,13,219,01,#,3.8,#,0.213
1311200018,2008,1311200,13,219,01,#,4.22,#,0.21
1311200020,2008,1311200,13,219,01,#,4.67,#,0.238
1311200021,2008,1311200,13,219,01,#,5.32,#,0.244
1311200023,2008,1311200,13,219,01,#,4.07,#,0.234
1311210002,2008,1311210,13,054,01,#,5.74,#,0.045
1311210004,2008,1311210,13,054,01,#,4.51,#,0.048
1311210005,2008,1311210,13,054,01,#,2.65,#,0.033
1311210008,2008,1311210,13,054,01,#,3.05,#,0.044
1311210010,2008,1311210,13,054,01,#,3.31,#,0.047
1311210012,2008,1311210,13,054,01,#,4.98,#,0.052
1311210014,2008,1311210,13,054,01,#,4.45,#,0.026
1311210015,2008,1311210,13,054,01,#,3.87,#,0.043
1311210018,2008,1311210,13,054,01,#,3.29,#,0.05
1311210020,2008,1311210,13,054,01,#,3.62,#,0.043
1311210022,2008,1311210,13,054,01,#,3.31,#,0.073
1311210024,2008,1311210,13,054,01,#,3.38,#,0.065
1311220002,2008,1311220,13,055,01,#,4.01,#,0.066
1311220004,2008,1311220,13,055,01,#,3.73,#,0.091
1311220005,2008,1311220,13,055,01,#,2.98,#,0.04
1311220008,2008,1311220,13,055,01,#,3.34,#,0.063
1311220010,2008,1311220,13,055,01,#,2.83,#,0.054
1311220012,2008,1311220,13,055,01,#,3.57,#,0.033
1311220014,2008,1311220,13,055,01,#,3.47,#,0.05
1311220015,2008,1311220,13,055,01,#,3.52,#,0.067
1311220019,2008,1311220,13,055,01,#,3.34,#,0.061
1311220021,2008,1311220,13,055,01,#,3.78,#,0.059
1311220023,2008,1311220,13,055,01,#,3.26,#,0.073
1311220025,2008,1311220,13,055,01,#,3.25,#,0.062
1311230001,2008,1311230,13,029,51,#,1.18,#,0.045
1311230002,2008,1311230,13,029,51,#,1.46,#,0.058
1311230003,2008,1311230,13,029,51,#,1.78,#,0.029
1311230004,2008,1311230,13,029,51,#,1.6,#,0.044
1311230005,2008,1311230,13,029,51,#,1.24,#,0.065
1311230006,2008,1311230,13,029,51,#,2.06,#,0.035
1311230007,2008,1311230,13,029,51,#,1.71,#,0.055
1311230008,2008,1311230,13,029,51,#,1.89,#,0.084
1311230009,2008,1311230,13,029,51,#,1.61,#,0.061
1311230010,2008,1311230,13,029,51,#,1.69,#,0.032
1311230011,2008,1311230,13,029,51,#,1.74,#,0.055
1311230012,2008,1311230,13,029,51,#,1.36,#,0.033
1311260001,2008,1311260,13,222,01,#,8.69,#,0.576
1311260003,2008,1311260,13,222,01,#,10.4,#,0.078
1311260005,2008,1311260,13,222,01,#,10,#,0.112
1311260007,2008,1311260,13,222,01,#,8.51,#,0.555
1311260009,2008,1311260,13,222,01,#,9.18,#,0.397
1311260011,2008,1311260,13,222,01,#,8.18,#,0.604
1311260013,2008,1311260,13,222,01,#,8.48,#,0.081
1311260015,2008,1311260,13,222,01,#,9.67,#,0.12
1311260017,2008,1311260,13,222,01,#,10.5,#,0.152
1311260019,2008,1311260,13,222,01,#,11,#,0.132
1311260021,2008,1311260,13,222,01,#,10.6,#,0.387
1311260023,2008,1311260,13,222,01,#,9.6,#,0.157
1311270001,2008,1311270,13,047,01,#,6.74,#,0.478
1311270003,2008,1311270,13,047,01,#,6.77,#,0.656
1311270005,2008,1311270,13,047,01,#,5.38,#,0.704
1311270007,2008,1311270,13,047,01,#,5.58,#,0.038
1311270009,2008,1311270,13,047,01,#,4.45,#,0.598
1311270011,2008,1311270,13,047,01,#,3.25,#,0.337
1311270013,2008,1311270,13,047,01,#,5.83,#,0.624
1311270015,2008,1311270,13,047,01,#,6.46,#,0.268
1311270017,2008,1311270,13,047,01,#,5,#,0.401
1311270019,2008,1311270,13,047,01,#,5.23,#,0.311
1311270021,2008,1311270,13,047,01,#,6.57,#,0.577
1311270023,2008,1311270,13,047,01,#,7.42,#,0.468
1311280001,2008,1311280,13,040,01,#,3.4,#,0.267
1311280003,2008,1311280,13,040,01,#,3.7,#,0.239
1311280005,2008,1311280,13,040,01,#,4.07,#,0.361
1311280007,2008,1311280,13,040,01,#,3.65,#,0.551
1311280009,2008,1311280,13,040,01,#,4.18,#,0.387
1311280011,2008,1311280,13,040,01,#,5.18,#,0.255
1311280013,2008,1311280,13,040,01,#,3.08,#,0.278
1311280015,2008,1311280,13,040,01,#,3.69,#,0.264
1311280017,2008,1311280,13,040,01,#,4.35,#,0.203
1311280019,2008,1311280,13,040,01,#,3.09,#,0.164
1311280021,2008,1311280,13,040,01,#,2.86,#,0.144
1311280023,2008,1311280,13,040,01,#,3.36,#,0.167
1311290001,2008,1311290,13,045,01,#,3.59,#,0.204
1311290003,2008,1311290,13,045,01,#,3.72,#,0.218
1311290005,2008,1311290,13,045,01,#,4.26,#,0.304
1311290007,2008,1311290,13,045,01,#,4.92,#,0.28
1311290009,2008,1311290,13,045,01,#,3.64,#,0.358
1311290011,2008,1311290,13,045,01,#,4.17,#,0.24
1311290013,2008,1311290,13,045,01,#,3.59,#,0.234
1311290015,2008,1311290,13,045,01,#,3.05,#,0.221
1311290017,2008,1311290,13,045,01,#,4.63,#,0.225
1311290019,2008,1311290,13,045,01,#,4.73,#,0.202
1311290021,2008,1311290,13,045,01,#,3.31,#,0.16
1311290023,2008,1311290,13,045,01,#,3.23,#,0.162
1311300001,2008,1311300,13,048,01,#,4.2,#,0.245
1311300003,2008,1311300,13,048,01,#,3.02,#,0.338
1311300005,2008,1311300,13,048,01,#,4.7,#,0.287
1311300007,2008,1311300,13,048,01,#,3.28,#,0.226
1311300009,2008,1311300,13,048,01,#,3.93,#,0.349
1311300011,2008,1311300,13,048,01,#,4.05,#,0.242
1311300013,2008,1311300,13,048,01,#,3.06,#,0.262
1311300015,2008,1311300,13,048,01,#,2.63,#,0.265
1311300017,2008,1311300,13,048,01,#,4.27,#,0.22
1311300019,2008,1311300,13,048,01,#,3.06,#,0.143
1311300021,2008,1311300,13,048,01,#,3.21,#,0.153
1311300023,2008,1311300,13,048,01,#,3.27,#,0.176
1311310001,2008,1311310,13,046,01,#,3.41,#,0.188
1311310003,2008,1311310,13,046,01,#,4.12,#,0.224
1311310005,2008,1311310,13,046,01,#,4.48,#,0.315
1311310007,2008,1311310,13,046,01,#,4.94,#,0.384
1311310009,2008,1311310,13,046,01,#,3.71,#,0.378
1311310011,2008,1311310,13,046,01,#,3.85,#,0.24
1311310013,2008,1311310,13,046,01,#,3.42,#,0.257
1311310015,2008,1311310,13,046,01,#,4.66,#,0.271
1311310017,2008,1311310,13,046,01,#,4.27,#,0.2
1311310019,2008,1311310,13,046,01,#,3.95,#,0.174
1311310021,2008,1311310,13,046,01,#,3.72,#,0.174
1311310023,2008,1311310,13,046,01,#,3.4,#,0.151
1311320001,2008,1311320,13,057,01,#,1.16,#,0.015
1311320002,2008,1311320,13,057,01,#,0.92,#,0.011
1311320003,2008,1311320,13,057,01,#,1.09,#,0.017
1311320004,2008,1311320,13,057,01,#,0.94,#,0.016
1311320005,2008,1311320,13,057,01,#,1.11,#,0.019
1311320006,2008,1311320,13,057,01,#,1.06,#,0.018
1311320007,2008,1311320,13,057,01,#,1.27,#,0.015
1311320008,2008,1311320,13,057,01,#,0.9,#,0.014
1311320009,2008,1311320,13,057,01,#,1.16,#,0.015
1311320010,2008,1311320,13,057,01,#,0.94,#,0.013
1311320011,2008,1311320,13,057,01,#,1.36,#,0.014
1311320012,2008,1311320,13,057,01,#,1.04,#,0.013
1311330001,2008,1311330,13,058,01,#,1.27,#,0.017
1311330002,2008,1311330,13,058,01,#,1.11,#,0.013
1311330003,2008,1311330,13,058,01,#,1.16,#,0.022
1311330004,2008,1311330,13,058,01,#,1.04,#,0.021
1311330005,2008,1311330,13,058,01,#,1.27,#,0.027
1311330006,2008,1311330,13,058,01,#,1.27,#,0.023
1311330007,2008,1311330,13,058,01,#,1.41,#,0.02
1311330008,2008,1311330,13,058,01,#,1.1,#,0.019
1311330009,2008,1311330,13,058,01,#,1.24,#,0.017
1311330010,2008,1311330,13,058,01,#,1.15,#,0.014
1311330011,2008,1311330,13,058,01,#,1.43,#,0.015
1311330012,2008,1311330,13,058,01,#,1.04,#,0.013
1311340002,2008,1311340,13,053,01,#,4.93,#,0.131
1311340004,2008,1311340,13,053,01,#,4.05,#,0.243
1311340005,2008,1311340,13,053,01,#,2.84,#,0.062
1311340008,2008,1311340,13,053,01,#,2.79,#,0.087
1311340010,2008,1311340,13,053,01,#,3.26,#,0.069
1311340012,2008,1311340,13,053,01,#,5.12,#,0.038
1311340014,2008,1311340,13,053,01,#,3.33,#,0.071
1311340015,2008,1311340,13,053,01,#,4.1,#,0.062
1311340018,2008,1311340,13,053,01,#,3.64,#,0.076
1311340020,2008,1311340,13,053,01,#,4.47,#,0.126
1311340022,2008,1311340,13,053,01,#,3.45,#,0.105
1311340024,2008,1311340,13,053,01,#,3.24,#,0.102
1311350002,2008,1311350,13,051,01,#,1.86,#,0.03
1311350004,2008,1311350,13,051,01,#,1.42,#,0.027
1311350005,2008,1311350,13,051,01,#,1.63,#,0.013
1311350008,2008,1311350,13,051,01,#,1.46,#,0.049
1311350010,2008,1311350,13,051,01,#,1.8,#,0.042
1311350012,2008,1311350,13,051,01,#,1.55,#,0.03
1311350014,2008,1311350,13,051,01,#,1.6,#,0.017
1311350015,2008,1311350,13,051,01,#,1.78,#,0.017
1311350018,2008,1311350,13,051,01,#,2.04,#,0.029
1311350020,2008,1311350,13,051,01,#,2.28,#,0.018
1311350022,2008,1311350,13,051,01,#,2.16,#,0.028
1311350024,2008,1311350,13,051,01,#,2.07,#,0.024
1311360001,2008,1311360,13,052,01,#,2.83,#,0.125
1311360003,2008,1311360,13,052,01,#,2.71,#,0.163
1311360005,2008,1311360,13,052,01,#,3.39,#,0.068
1311360007,2008,1311360,13,052,01,#,2.69,#,0.1
1311360009,2008,1311360,13,052,01,#,2.14,#,0.135
1311360011,2008,1311360,13,052,01,#,3.14,#,0.063
1311360013,2008,1311360,13,052,01,#,2.75,#,0.092
1311360015,2008,1311360,13,052,01,#,3.36,#,0.12
1311360017,2008,1311360,13,052,01,#,2.56,#,0.102
1311360019,2008,1311360,13,052,01,#,2.67,#,0.1
1311360021,2008,1311360,13,052,01,#,2.85,#,0.066
1311360023,2008,1311360,13,052,01,#,2.41,#,0.091
1320010001,2008,1320010,13,501,51,#,0.57,#,0.014
1320010002,2008,1320010,13,501,51,#,0.55,#,0.019
1320010003,2008,1320010,13,501,51,#,0.45,#,0.009
1320010004,2008,1320010,13,501,51,#,0.52,#,0.012
1320010005,2008,1320010,13,501,51,#,0.35,#,0.01
1320010006,2008,1320010,13,501,51,#,0.51,#,0.018
1320010007,2008,1320010,13,501,51,#,0.4,#,0.008
1320010008,2008,1320010,13,501,51,#,0.54,#,0.01
1320010009,2008,1320010,13,501,51,#,0.35,#,0.009
1320010010,2008,1320010,13,501,51,#,0.53,#,0.009
1320010011,2008,1320010,13,501,51,#,0.35,#,0.012
1320010012,2008,1320010,13,501,51,#,0.49,#,0.009
1320010013,2008,1320010,13,501,51,#,0.48,#,0.011
1320010014,2008,1320010,13,501,51,#,0.51,#,0.007
1320010015,2008,1320010,13,501,51,#,0.51,#,0.01
1320010016,2008,1320010,13,501,51,#,0.6,#,0.009
1320010017,2008,1320010,13,501,51,#,0.43,#,0.006
1320010018,2008,1320010,13,501,51,#,0.52,#,0.007
1320010019,2008,1320010,13,501,51,#,0.48,#,0.003
1320010020,2008,1320010,13,501,51,#,0.49,#,0.014
1320010021,2008,1320010,13,501,51,#,0.45,#,0.007
1320010022,2008,1320010,13,501,51,#,0.59,#,0.017
1320010023,2008,1320010,13,501,51,#,0.62,#,0.007
1320010024,2008,1320010,13,501,51,#,0.56,#,0.01
1320020001,2008,1320020,13,501,01,#,0.55,#,0.009
1320020002,2008,1320020,13,501,01,#,0.51,#,0.01
1320020003,2008,1320020,13,501,01,#,0.68,#,0.052
1320020004,2008,1320020,13,501,01,#,0.44,#,0.008
1320020005,2008,1320020,13,501,01,#,0.55,#,0.005
1320020006,2008,1320020,13,501,01,#,0.53,#,0.012
1320020007,2008,1320020,13,501,01,#,0.39,#,0.006
1320020008,2008,1320020,13,501,01,#,0.53,#,0.005
1320020009,2008,1320020,13,501,01,#,0.51,#,0.011
1320020010,2008,1320020,13,501,01,#,0.43,#,0.006
1320020011,2008,1320020,13,501,01,#,0.5,#,0.006
1320020012,2008,1320020,13,501,01,#,0.55,#,0.011
1320020013,2008,1320020,13,501,01,#,0.37,#,0.005
1320020014,2008,1320020,13,501,01,#,0.49,#,0.006
1320020015,2008,1320020,13,501,01,#,0.56,#,0.01
1320020016,2008,1320020,13,501,01,#,0.36,#,0.007
1320020017,2008,1320020,13,501,01,#,0.48,#,0.004
1320020018,2008,1320020,13,501,01,#,0.52,#,0.008
1320020019,2008,1320020,13,501,01,#,0.48,#,0.006
1320020020,2008,1320020,13,501,01,#,0.5,#,0.005
1320020021,2008,1320020,13,501,01,#,0.52,#,0.008
1320020022,2008,1320020,13,501,01,#,0.47,#,0.006
1320020023,2008,1320020,13,501,01,#,0.46,#,0.004
1320020024,2008,1320020,13,501,01,#,0.52,#,0.005
1320020025,2008,1320020,13,501,01,#,0.54,#,0.005
1320020026,2008,1320020,13,501,01,#,0.52,#,0.005
1320020027,2008,1320020,13,501,01,#,0.52,#,0.005
1320020028,2008,1320020,13,501,01,#,0.46,#,0.007
1320020029,2008,1320020,13,501,01,#,0.54,#,0.006
1320020030,2008,1320020,13,501,01,#,0.5,#,0.006
1320020031,2008,1320020,13,501,01,#,0.49,#,0.006
1320020032,2008,1320020,13,501,01,#,0.49,#,0.006
1320020033,2008,1320020,13,501,01,#,0.42,#,0.008
1320020034,2008,1320020,13,501,01,#,0.53,#,0.005
1320020035,2008,1320020,13,501,01,#,0.59,#,0.005
1320020036,2008,1320020,13,501,01,#,0.46,#,0.006
1330010001,2008,1330010,13,601,01,#,2.41,#,0.2
1330010002,2008,1330010,13,601,01,#,0.68,#,0.103
1330010003,2008,1330010,13,601,01,#,2.21,#,0.174
1330010004,2008,1330010,13,601,01,#,0.82,#,0.119
1330010005,2008,1330010,13,601,01,#,2.3,#,0.175
1330010006,2008,1330010,13,601,01,#,1.04,#,0.11
1330010007,2008,1330010,13,601,01,#,3.54,#,0.255
1330010008,2008,1330010,13,601,01,#,0.79,#,0.16
1330010009,2008,1330010,13,601,01,#,2.75,#,0.322
1330010010,2008,1330010,13,601,01,#,0.94,#,0.183
1330010012,2008,1330010,13,601,01,#,2.56,#,0.178
1330010013,2008,1330010,13,601,01,#,1.1,#,0.168
1330010014,2008,1330010,13,601,01,#,2.06,#,0.183
1330010015,2008,1330010,13,601,01,#,0.84,#,0.124
1330010016,2008,1330010,13,601,01,#,2.11,#,0.163
1330010017,2008,1330010,13,601,01,#,0.89,#,0.101
1330010018,2008,1330010,13,601,01,#,2.11,#,0.122
1330010019,2008,1330010,13,601,01,#,1.02,#,0.072
1330010020,2008,1330010,13,601,01,#,1.76,#,0.121
1330010021,2008,1330010,13,601,01,#,0.85,#,0.062
1330010022,2008,1330010,13,601,01,#,1.41,#,0.098
1330010023,2008,1330010,13,601,01,#,0.78,#,0.071
1330010025,2008,1330010,13,601,01,#,2.24,#,0.131
1330010026,2008,1330010,13,601,01,#,0.85,#,0.067
1330020001,2008,1330020,13,601,02,#,1.82,#,0.166
1330020002,2008,1330020,13,601,02,#,0.57,#,0.091
1330020003,2008,1330020,13,601,02,#,1.96,#,0.153
1330020004,2008,1330020,13,601,02,#,0.88,#,0.112
1330020005,2008,1330020,13,601,02,#,1.76,#,0.133
1330020006,2008,1330020,13,601,02,#,0.72,#,0.109
1330020007,2008,1330020,13,601,02,#,2.17,#,0.197
1330020008,2008,1330020,13,601,02,#,0.75,#,0.171
1330020009,2008,1330020,13,601,02,#,1.7,#,0.191
1330020010,2008,1330020,13,601,02,#,0.75,#,0.16
1330020012,2008,1330020,13,601,02,#,1.48,#,0.116
1330020013,2008,1330020,13,601,02,#,0.93,#,0.172
1330020014,2008,1330020,13,601,02,#,1.34,#,0.126
1330020015,2008,1330020,13,601,02,#,0.65,#,0.118
1330020016,2008,1330020,13,601,02,#,1.57,#,0.123
1330020017,2008,1330020,13,601,02,#,0.65,#,0.088
1330020018,2008,1330020,13,601,02,#,1.61,#,0.104
1330020019,2008,1330020,13,601,02,#,0.89,#,0.064
1330020020,2008,1330020,13,601,02,#,1.19,#,0.075
1330020021,2008,1330020,13,601,02,#,0.72,#,0.055
1330020022,2008,1330020,13,601,02,#,1.04,#,0.077
1330020023,2008,1330020,13,601,02,#,0.65,#,0.061
1330020025,2008,1330020,13,601,02,#,1.58,#,0.093
1330020026,2008,1330020,13,601,02,#,0.64,#,0.054
1330030001,2008,1330030,13,601,03,#,2.93,#,0.319
1330030002,2008,1330030,13,601,03,#,0.53,#,0.078
1330030003,2008,1330030,13,601,03,#,2.69,#,0.201
1330030004,2008,1330030,13,601,03,#,0.9,#,0.121
1330030005,2008,1330030,13,601,03,#,2.46,#,0.208
1330030006,2008,1330030,13,601,03,#,0.7,#,0.115
1330030007,2008,1330030,13,601,03,#,3.63,#,0.281
1330030008,2008,1330030,13,601,03,#,0.58,#,0.116
1330030009,2008,1330030,13,601,03,#,1.84,#,0.21
1330030010,2008,1330030,13,601,03,#,0.51,#,0.138
1330030012,2008,1330030,13,601,03,#,2.46,#,0.18
1330030013,2008,1330030,13,601,03,#,0.75,#,0.155
1330030014,2008,1330030,13,601,03,#,1.82,#,0.176
1330030015,2008,1330030,13,601,03,#,0.62,#,0.114
1330030016,2008,1330030,13,601,03,#,1.61,#,0.135
1330030017,2008,1330030,13,601,03,#,0.56,#,0.085
1330030018,2008,1330030,13,601,03,#,1.97,#,0.119
1330030019,2008,1330030,13,601,03,#,0.75,#,0.056
1330030020,2008,1330030,13,601,03,#,1.87,#,0.109
1330030021,2008,1330030,13,601,03,#,0.7,#,0.054
1330030022,2008,1330030,13,601,03,#,1.33,#,0.101
1330030023,2008,1330030,13,601,03,#,0.62,#,0.063
1330030025,2008,1330030,13,601,03,#,1.94,#,0.119
1330030026,2008,1330030,13,601,03,#,0.63,#,0.056
1330040001,2008,1330040,13,601,04,#,2.82,#,0.412
1330040002,2008,1330040,13,601,04,#,1.3,#,0.152
1330040003,2008,1330040,13,601,04,#,2.84,#,0.295
1330040004,2008,1330040,13,601,04,#,1.57,#,0.16
1330040005,2008,1330040,13,601,04,#,4.61,#,0.459
1330040006,2008,1330040,13,601,04,#,2.51,#,0.268
1330040007,2008,1330040,13,601,04,#,3.13,#,0.321
1330040008,2008,1330040,13,601,04,#,1.97,#,0.248
1330040009,2008,1330040,13,601,04,#,5.35,#,0.734
1330040010,2008,1330040,13,601,04,#,1.38,#,0.197
1330040012,2008,1330040,13,601,04,#,5.48,#,0.523
1330040013,2008,1330040,13,601,04,#,1.72,#,0.198
1330040014,2008,1330040,13,601,04,#,3.05,#,0.268
1330040015,2008,1330040,13,601,04,#,1.75,#,0.147
1330040016,2008,1330040,13,601,04,#,2.69,#,0.227
1330040017,2008,1330040,13,601,04,#,1.37,#,0.128
1330040018,2008,1330040,13,601,04,#,5.34,#,0.478
1330040019,2008,1330040,13,601,04,#,1.98,#,0.15
1330040020,2008,1330040,13,601,04,#,2.73,#,0.237
1330040021,2008,1330040,13,601,04,#,1.34,#,0.093
1330040022,2008,1330040,13,601,04,#,3.63,#,0.357
1330040023,2008,1330040,13,601,04,#,1.26,#,0.091
1330040025,2008,1330040,13,601,04,#,2.4,#,0.246
1330040026,2008,1330040,13,601,04,#,1.61,#,0.148
1330050001,2008,1330050,13,601,51,#,1.74,#,0.154
1330050002,2008,1330050,13,601,51,#,1.74,#,0.21
1330050003,2008,1330050,13,601,51,#,4.51,#,0.201
1330050004,2008,1330050,13,601,51,#,1.44,#,0.103
1330060001,2008,1330060,13,601,52,#,3.79,#,0.273
1330060002,2008,1330060,13,601,52,#,0.84,#,0.203
1330060003,2008,1330060,13,601,52,#,2.52,#,0.135
1330060004,2008,1330060,13,601,52,#,0.85,#,0.067
1330070001,2008,1330070,13,601,53,#,2.79,#,0.27
1330070002,2008,1330070,13,601,53,#,1.6,#,0.216
1330070003,2008,1330070,13,601,53,#,1.04,#,0.076
1330070004,2008,1330070,13,601,53,#,1,#,0.072
1330080001,2008,1330080,13,601,54,#,1.74,#,0.148
1330080002,2008,1330080,13,601,54,#,1.07,#,0.142
1330080003,2008,1330080,13,601,54,#,2.52,#,0.133
1330080004,2008,1330080,13,601,54,#,0.93,#,0.068
1330090001,2008,1330090,13,601,55,#,1.89,#,0.168
1330090002,2008,1330090,13,601,55,#,0.66,#,0.165
1330090003,2008,1330090,13,601,55,#,1.13,#,0.072
1330090004,2008,1330090,13,601,55,#,0.67,#,0.055
1330110001,2008,1330110,13,601,57,#,3.94,#,0.222
1330110002,2008,1330110,13,601,57,#,1.26,#,0.114
1330110003,2008,1330110,13,601,57,#,4.48,#,0.269
1330110004,2008,1330110,13,601,57,#,1.67,#,0.115
1330120001,2008,1330120,13,601,58,#,4.02,#,0.224
1330120003,2008,1330120,13,601,58,#,4.35,#,0.433
1330130001,2008,1330130,13,601,59,#,4.01,#,0.497
1330130003,2008,1330130,13,601,59,#,4.36,#,0.395
1330130005,2008,1330130,13,601,59,#,5.77,#,0.286
1330130007,2008,1330130,13,601,59,#,5.48,#,0.212
1330130009,2008,1330130,13,601,59,#,5.84,#,0.421
1330130011,2008,1330130,13,601,59,#,4.8,#,0.24
1330130013,2008,1330130,13,601,59,#,5.21,#,0.201
1330130015,2008,1330130,13,601,59,#,4.05,#,0.23
1330130017,2008,1330130,13,601,59,#,4.63,#,0.408
1330130019,2008,1330130,13,601,59,#,5.73,#,0.543
1330130021,2008,1330130,13,601,59,#,5.38,#,0.385
1330130023,2008,1330130,13,601,59,#,5.42,#,0.424
1330150001,2008,1330150,13,601,61,#,3.49,#,0.425
1330150003,2008,1330150,13,601,61,#,4.17,#,0.366
1330150005,2008,1330150,13,601,61,#,3.48,#,0.191
1330150007,2008,1330150,13,601,61,#,3.67,#,0.197
1330150009,2008,1330150,13,601,61,#,3.64,#,0.334
1330150011,2008,1330150,13,601,61,#,4.02,#,0.246
1330150013,2008,1330150,13,601,61,#,2.92,#,0.18
1330150015,2008,1330150,13,601,61,#,2.92,#,0.199
1330150017,2008,1330150,13,601,61,#,4.59,#,0.414
1330150019,2008,1330150,13,601,61,#,3.07,#,0.208
1330150021,2008,1330150,13,601,61,#,3.88,#,0.28
1330150023,2008,1330150,13,601,61,#,4.7,#,0.343
1330170001,2008,1330170,13,601,63,#,3.74,#,0.25
1330170003,2008,1330170,13,601,63,#,2.35,#,0.136
1330180001,2008,1330180,13,601,64,#,3.37,#,0.354
1330180003,2008,1330180,13,601,64,#,3.78,#,0.315
1330180005,2008,1330180,13,601,64,#,3.82,#,0.229
1330180007,2008,1330180,13,601,64,#,4.41,#,0.23
1330180009,2008,1330180,13,601,64,#,4.28,#,0.368
1330180011,2008,1330180,13,601,64,#,3.25,#,0.216
1330180013,2008,1330180,13,601,64,#,2.11,#,0.176
1330180015,2008,1330180,13,601,64,#,2.26,#,0.184
1330180017,2008,1330180,13,601,64,#,3.21,#,0.198
1330180019,2008,1330180,13,601,64,#,1.67,#,0.111
1330180021,2008,1330180,13,601,64,#,2.15,#,0.162
1330180023,2008,1330180,13,601,64,#,2.58,#,0.138
1330190001,2008,1330190,13,601,65,#,3.75,#,0.25
1330190003,2008,1330190,13,601,65,#,2.02,#,0.118
1330210001,2008,1330210,13,601,67,#,3.5,#,0.229
1330210003,2008,1330210,13,601,67,#,1.63,#,0.097
1330220001,2008,1330220,13,601,68,#,3.57,#,0.232
1330220003,2008,1330220,13,601,68,#,1.51,#,0.105
1330230001,2008,1330230,13,601,69,#,3.06,#,0.236
1330230003,2008,1330230,13,601,69,#,3.78,#,0.249
1330230005,2008,1330230,13,601,69,#,3.56,#,0.254
1330230007,2008,1330230,13,601,69,#,3.56,#,0.228
1330230009,2008,1330230,13,601,69,#,3.32,#,0.31
1330230011,2008,1330230,13,601,69,#,2.8,#,0.204
1330230013,2008,1330230,13,601,69,#,2.43,#,0.169
1330230015,2008,1330230,13,601,69,#,1.27,#,0.133
1330230017,2008,1330230,13,601,69,#,3.01,#,0.164
1330230019,2008,1330230,13,601,69,#,1.9,#,0.109
1330230021,2008,1330230,13,601,69,#,1.99,#,0.117
1330230023,2008,1330230,13,601,69,#,1.94,#,0.119
1330240001,2008,1330240,13,601,70,#,2.95,#,0.293
1330240003,2008,1330240,13,601,70,#,3.5,#,0.258
1330240005,2008,1330240,13,601,70,#,3.32,#,0.213
1330240007,2008,1330240,13,601,70,#,3.47,#,0.21
1330240009,2008,1330240,13,601,70,#,4.01,#,0.349
1330240011,2008,1330240,13,601,70,#,3.34,#,0.224
1330240013,2008,1330240,13,601,70,#,1.69,#,0.15
1330240015,2008,1330240,13,601,70,#,1.69,#,0.147
1330240017,2008,1330240,13,601,70,#,2.34,#,0.161
1330240019,2008,1330240,13,601,70,#,1.56,#,0.086
1330240021,2008,1330240,13,601,70,#,2.43,#,0.177
1330240023,2008,1330240,13,601,70,#,2.28,#,0.133
1330250001,2008,1330250,13,601,71,#,3.49,#,0.191
1330250003,2008,1330250,13,601,71,#,1.61,#,0.108
1330260001,2008,1330260,13,601,72,#,2.2,#,0.208
1330260003,2008,1330260,13,601,72,#,2.65,#,0.208
1330260005,2008,1330260,13,601,72,#,2.87,#,0.2
1330260007,2008,1330260,13,601,72,#,4.23,#,0.389
1330260009,2008,1330260,13,601,72,#,2.56,#,0.294
1330260011,2008,1330260,13,601,72,#,2.78,#,0.192
1330260013,2008,1330260,13,601,72,#,1.84,#,0.148
1330260015,2008,1330260,13,601,72,#,1.43,#,0.121
1330260017,2008,1330260,13,601,72,#,1.95,#,0.124
1330260019,2008,1330260,13,601,72,#,1.84,#,0.106
1330260021,2008,1330260,13,601,72,#,1.45,#,0.096
1330260023,2008,1330260,13,601,72,#,1.28,#,0.096
1330280001,2008,1330280,13,601,74,#,12.9,#,0.981
1330280003,2008,1330280,13,601,74,#,13.5,#,0.928
1330280005,2008,1330280,13,601,74,#,12.3,#,0.523
1330280007,2008,1330280,13,601,74,#,12.9,#,0.671
1330280009,2008,1330280,13,601,74,#,9.92,#,0.836
1330280011,2008,1330280,13,601,74,#,9.2,#,0.385
1330280013,2008,1330280,13,601,74,#,12.7,#,0.721
1330280015,2008,1330280,13,601,74,#,14.1,#,0.707
1330280017,2008,1330280,13,601,74,#,11.5,#,0.682
1330280019,2008,1330280,13,601,74,#,11.4,#,0.632
1330280021,2008,1330280,13,601,74,#,10.7,#,0.598
1330280023,2008,1330280,13,601,74,#,12.7,#,0.473
1330290001,2008,1330290,13,601,75,#,8.69,#,1.04
1330290003,2008,1330290,13,601,75,#,7.45,#,0.622
1330290005,2008,1330290,13,601,75,#,7.78,#,0.434
1330290007,2008,1330290,13,601,75,#,6.82,#,0.36
1330290009,2008,1330290,13,601,75,#,5.88,#,0.686
1330290011,2008,1330290,13,601,75,#,5.89,#,0.326
1330290013,2008,1330290,13,601,75,#,6.34,#,0.461
1330290015,2008,1330290,13,601,75,#,4.66,#,0.295
1330290017,2008,1330290,13,601,75,#,5.32,#,0.346
1330290019,2008,1330290,13,601,75,#,5.85,#,0.291
1330290021,2008,1330290,13,601,75,#,6.42,#,0.544
1330290023,2008,1330290,13,601,75,#,4.64,#,0.206
1330300001,2008,1330300,13,601,76,#,13.3,#,1.45
1330300003,2008,1330300,13,601,76,#,14,#,1.22
1330300005,2008,1330300,13,601,76,#,15.8,#,0.889
1330300007,2008,1330300,13,601,76,#,16.2,#,0.781
1330300009,2008,1330300,13,601,76,#,11.5,#,0.767
1330300011,2008,1330300,13,601,76,#,13.3,#,0.809
1330300013,2008,1330300,13,601,76,#,13.2,#,0.712
1330300015,2008,1330300,13,601,76,#,14.5,#,0.958
1330300017,2008,1330300,13,601,76,#,16.5,#,0.874
1330300019,2008,1330300,13,601,76,#,11.6,#,0.663
1330300021,2008,1330300,13,601,76,#,17.4,#,0.57
1330300023,2008,1330300,13,601,76,#,15.6,#,0.675
1330320001,2008,1330320,13,601,78,#,5.11,#,0.655
1330320003,2008,1330320,13,601,78,#,3.46,#,0.378
1330320005,2008,1330320,13,601,78,#,3.14,#,0.286
1330320007,2008,1330320,13,601,78,#,4.07,#,0.392
1330320009,2008,1330320,13,601,78,#,2.87,#,0.377
1330320011,2008,1330320,13,601,78,#,4.5,#,0.444
1330320013,2008,1330320,13,601,78,#,2.51,#,0.297
1330320015,2008,1330320,13,601,78,#,1.38,#,0.146
1330320017,2008,1330320,13,601,78,#,2.22,#,0.174
1330320019,2008,1330320,13,601,78,#,1.6,#,0.12
1330320021,2008,1330320,13,601,78,#,2.83,#,0.277
1330320023,2008,1330320,13,601,78,#,1.87,#,0.14
1330330001,2008,1330330,13,601,79,#,2.47,#,0.38
1330330003,2008,1330330,13,601,79,#,1.62,#,0.122
1330340001,2008,1330340,13,601,80,#,6.7,#,1.08
1330340003,2008,1330340,13,601,80,#,4.65,#,0.488
1330340005,2008,1330340,13,601,80,#,7.32,#,1
1330340007,2008,1330340,13,601,80,#,7.31,#,0.863
1330340009,2008,1330340,13,601,80,#,5.38,#,0.892
1330340011,2008,1330340,13,601,80,#,7.11,#,0.628
1330340013,2008,1330340,13,601,80,#,4.82,#,0.343
1330340015,2008,1330340,13,601,80,#,5.27,#,0.535
1330340017,2008,1330340,13,601,80,#,4.61,#,0.453
1330340019,2008,1330340,13,601,80,#,5.67,#,0.614
1330340021,2008,1330340,13,601,80,#,6.34,#,0.703
1330340023,2008,1330340,13,601,80,#,1.4,#,0.121
1330350001,2008,1330350,13,601,81,#,5.27,#,0.513
1330350003,2008,1330350,13,601,81,#,4.87,#,0.488
1330350005,2008,1330350,13,601,81,#,4.88,#,0.344
1330350007,2008,1330350,13,601,81,#,4.85,#,0.422
1330350009,2008,1330350,13,601,81,#,4.4,#,0.501
1330350011,2008,1330350,13,601,81,#,6.04,#,0.38
1330350013,2008,1330350,13,601,81,#,7.75,#,0.637
1330350015,2008,1330350,13,601,81,#,8.9,#,0.812
1330350017,2008,1330350,13,601,81,#,8.17,#,0.685
1330350019,2008,1330350,13,601,81,#,7.27,#,0.782
1330350021,2008,1330350,13,601,81,#,6.37,#,0.592
1330350023,2008,1330350,13,601,81,#,4.57,#,0.308
1330370001,2008,1330370,13,602,01,#,2.22,#,0.117
1330370002,2008,1330370,13,602,01,#,0.73,#,0.091
1330370003,2008,1330370,13,602,01,#,3.62,#,0.188
1330370004,2008,1330370,13,602,01,#,0.74,#,0.052
1330370005,2008,1330370,13,602,01,#,2.83,#,0.134
1330370006,2008,1330370,13,602,01,#,0.94,#,0.058
1330370007,2008,1330370,13,602,01,#,3.03,#,0.171
1330370008,2008,1330370,13,602,01,#,1.52,#,0.145
1330370009,2008,1330370,13,602,01,#,2.81,#,0.294
1330370010,2008,1330370,13,602,01,#,1.26,#,0.157
1330370012,2008,1330370,13,602,01,#,2.87,#,0.179
1330370013,2008,1330370,13,602,01,#,1.07,#,0.109
1330370014,2008,1330370,13,602,01,#,1.35,#,0.1
1330370015,2008,1330370,13,602,01,#,1.01,#,0.095
1330370016,2008,1330370,13,602,01,#,2.36,#,0.132
1330370017,2008,1330370,13,602,01,#,0.82,#,0.074
1330370018,2008,1330370,13,602,01,#,1.29,#,0.088
1330370019,2008,1330370,13,602,01,#,1.06,#,0.071
1330370020,2008,1330370,13,602,01,#,1.97,#,0.102
1330370021,2008,1330370,13,602,01,#,0.85,#,0.059
1330370022,2008,1330370,13,602,01,#,1.14,#,0.113
1330370023,2008,1330370,13,602,01,#,0.98,#,0.124
1330370025,2008,1330370,13,602,01,#,2.16,#,0.123
1330370026,2008,1330370,13,602,01,#,0.79,#,0.063
1330380001,2008,1330380,13,602,51,#,1.51,#,0.146
1330380002,2008,1330380,13,602,51,#,0.79,#,0.07
1330380003,2008,1330380,13,602,51,#,1.22,#,0.074
1330380004,2008,1330380,13,602,51,#,0.81,#,0.055
1330390001,2008,1330390,13,602,52,#,1.15,#,0.114
1330390002,2008,1330390,13,602,52,#,0.71,#,0.209
1330390003,2008,1330390,13,602,52,#,0.94,#,0.064
1330390004,2008,1330390,13,602,52,#,0.78,#,0.059
1330400001,2008,1330400,13,602,53,#,1.75,#,0.163
1330400002,2008,1330400,13,602,53,#,1.44,#,0.141
1330400003,2008,1330400,13,602,53,#,2.13,#,0.112
1330400004,2008,1330400,13,602,53,#,1.06,#,0.076
1330410001,2008,1330410,13,602,55,#,2.81,#,0.23
1330410002,2008,1330410,13,602,55,#,0.55,#,0.113
1330410003,2008,1330410,13,602,55,#,1.39,#,0.099
1330410004,2008,1330410,13,602,55,#,0.87,#,0.061
1330420001,2008,1330420,13,602,56,#,3.59,#,0.241
1330420002,2008,1330420,13,602,56,#,0.58,#,0.076
1330420003,2008,1330420,13,602,56,#,1.66,#,0.114
1330420004,2008,1330420,13,602,56,#,0.59,#,0.051
1330440001,2008,1330440,13,603,01,#,1.35,#,0.113
1330440002,2008,1330440,13,603,01,#,0.57,#,0.052
1330440003,2008,1330440,13,603,01,#,0.5,#,0.037
1330440004,2008,1330440,13,603,01,#,0.68,#,0.07
1330440005,2008,1330440,13,603,01,#,3.26,#,0.296
1330440006,2008,1330440,13,603,01,#,0.58,#,0.116
1330440007,2008,1330440,13,603,01,#,1.57,#,0.145
1330440008,2008,1330440,13,603,01,#,0.57,#,0.118
1330440009,2008,1330440,13,603,01,#,0.87,#,0.093
1330440010,2008,1330440,13,603,01,#,0.48,#,0.096
1330440012,2008,1330440,13,603,01,#,1.53,#,0.07
1330440013,2008,1330440,13,603,01,#,0.65,#,0.122
1330440014,2008,1330440,13,603,01,#,0.93,#,0.09
1330440015,2008,1330440,13,603,01,#,0.48,#,0.082
1330440016,2008,1330440,13,603,01,#,0.98,#,0.076
1330440017,2008,1330440,13,603,01,#,0.49,#,0.063
1330440018,2008,1330440,13,603,01,#,1.07,#,0.078
1330440019,2008,1330440,13,603,01,#,0.68,#,0.051
1330440020,2008,1330440,13,603,01,#,1.1,#,0.077
1330440021,2008,1330440,13,603,01,#,0.72,#,0.053
1330440022,2008,1330440,13,603,01,#,0.77,#,0.043
1330440023,2008,1330440,13,603,01,#,0.59,#,0.053
1330440025,2008,1330440,13,603,01,#,0.7,#,0.037
1330440026,2008,1330440,13,603,01,#,0.53,#,0.05
1330450001,2008,1330450,13,603,02,#,2.21,#,0.145
1330450002,2008,1330450,13,603,02,#,0.48,#,0.061
1330450003,2008,1330450,13,603,02,#,2.59,#,0.157
1330450004,2008,1330450,13,603,02,#,0.51,#,0.07
1330450005,2008,1330450,13,603,02,#,1.96,#,0.135
1330450006,2008,1330450,13,603,02,#,0.52,#,0.066
1330450007,2008,1330450,13,603,02,#,2.22,#,0.163
1330450008,2008,1330450,13,603,02,#,0.52,#,0.117
1330450009,2008,1330450,13,603,02,#,2.14,#,0.198
1330450010,2008,1330450,13,603,02,#,0.51,#,0.131
1330450012,2008,1330450,13,603,02,#,1.96,#,0.129
1330450013,2008,1330450,13,603,02,#,0.51,#,0.125
1330450014,2008,1330450,13,603,02,#,1.58,#,0.162
1330450015,2008,1330450,13,603,02,#,0.45,#,0.087
1330450016,2008,1330450,13,603,02,#,1.84,#,0.115
1330450017,2008,1330450,13,603,02,#,0.53,#,0.072
1330450018,2008,1330450,13,603,02,#,1.81,#,0.119
1330450019,2008,1330450,13,603,02,#,0.6,#,0.055
1330450020,2008,1330450,13,603,02,#,1.35,#,0.103
1330450021,2008,1330450,13,603,02,#,0.5,#,0.046
1330450022,2008,1330450,13,603,02,#,1.16,#,0.082
1330450023,2008,1330450,13,603,02,#,0.39,#,0.045
1330450025,2008,1330450,13,603,02,#,0.88,#,0.05
1330450026,2008,1330450,13,603,02,#,0.52,#,0.047
1330460001,2008,1330460,13,603,51,#,2.38,#,0.159
1330460002,2008,1330460,13,603,51,#,0.64,#,0.099
1330460003,2008,1330460,13,603,51,#,1.11,#,0.071
1330460004,2008,1330460,13,603,51,#,0.65,#,0.049
1330470001,2008,1330470,13,603,52,#,1.6,#,0.156
1330470002,2008,1330470,13,603,52,#,0.66,#,0.148
1330470003,2008,1330470,13,603,52,#,1.12,#,0.076
1330470004,2008,1330470,13,603,52,#,0.71,#,0.054
1330480001,2008,1330480,13,603,53,#,1.54,#,0.139
1330480002,2008,1330480,13,603,53,#,0.78,#,0.192
1330480003,2008,1330480,13,603,53,#,1.15,#,0.071
1330480004,2008,1330480,13,603,53,#,0.75,#,0.055
1330500001,2008,1330500,13,603,55,#,1.79,#,0.15
1330500002,2008,1330500,13,603,55,#,0.55,#,0.118
1330500003,2008,1330500,13,603,55,#,1.22,#,0.085
1330500004,2008,1330500,13,603,55,#,0.52,#,0.042
1330510001,2008,1330510,13,603,56,#,1.57,#,0.117
1330510002,2008,1330510,13,603,56,#,0.51,#,0.146
1330510003,2008,1330510,13,603,56,#,1.03,#,0.07
1330510004,2008,1330510,13,603,56,#,0.67,#,0.056
1330520001,2008,1330520,13,603,57,#,2.9,#,0.247
1330520002,2008,1330520,13,603,57,#,0.65,#,0.1
1330520003,2008,1330520,13,603,57,#,2.51,#,0.24
1330520004,2008,1330520,13,603,57,#,0.88,#,0.058
1330530001,2008,1330530,13,603,58,#,1.8,#,0.14
1330530002,2008,1330530,13,603,58,#,0.52,#,0.107
1330530003,2008,1330530,13,603,58,#,1.39,#,0.112
1330530004,2008,1330530,13,603,58,#,0.48,#,0.042
1330540001,2008,1330540,13,603,59,#,1.71,#,0.108
1330540002,2008,1330540,13,603,59,#,0.54,#,0.065
1330540003,2008,1330540,13,603,59,#,0.89,#,0.099
1330540004,2008,1330540,13,603,59,#,0.68,#,0.051
1330560001,2008,1330560,13,603,61,#,1.47,#,0.12
1330560002,2008,1330560,13,603,61,#,0.48,#,0.089
1330560003,2008,1330560,13,603,61,#,1.45,#,0.109
1330560004,2008,1330560,13,603,61,#,0.62,#,0.045
1330570001,2008,1330570,13,603,62,#,1.69,#,0.144
1330570002,2008,1330570,13,603,62,#,0.54,#,0.108
1330570003,2008,1330570,13,603,62,#,0.91,#,0.072
1330570004,2008,1330570,13,603,62,#,0.57,#,0.04
1330580001,2008,1330580,13,603,63,#,2.07,#,0.172
1330580002,2008,1330580,13,603,63,#,0.52,#,0.099
1330580003,2008,1330580,13,603,63,#,1.15,#,0.09
1330580004,2008,1330580,13,603,63,#,0.41,#,0.041
1330590001,2008,1330590,13,603,64,#,2,#,0.156
1330590002,2008,1330590,13,603,64,#,0.48,#,0.081
1330590003,2008,1330590,13,603,64,#,1.06,#,0.087
1330590004,2008,1330590,13,603,64,#,0.39,#,0.037
1330600001,2008,1330600,13,604,01,#,0.81,#,0.054
1330600002,2008,1330600,13,604,01,#,0.41,#,0.056
1330600003,2008,1330600,13,604,01,#,1.11,#,0.085
1330600004,2008,1330600,13,604,01,#,0.27,#,0.034
1330600005,2008,1330600,13,604,01,#,1.33,#,0.113
1330600006,2008,1330600,13,604,01,#,0.38,#,0.054
1330600007,2008,1330600,13,604,01,#,1.24,#,0.088
1330600008,2008,1330600,13,604,01,#,0.48,#,0.07
1330600009,2008,1330600,13,604,01,#,0.89,#,0.077
1330600010,2008,1330600,13,604,01,#,0.35,#,0.089
1330600012,2008,1330600,13,604,01,#,0.52,#,0.043
1330600013,2008,1330600,13,604,01,#,0.39,#,0.091
1330600014,2008,1330600,13,604,01,#,0.75,#,0.066
1330600015,2008,1330600,13,604,01,#,0.33,#,0.057
1330600016,2008,1330600,13,604,01,#,0.84,#,0.077
1330600017,2008,1330600,13,604,01,#,0.43,#,0.052
1330600018,2008,1330600,13,604,01,#,1.14,#,0.08
1330600019,2008,1330600,13,604,01,#,0.49,#,0.042
1330600020,2008,1330600,13,604,01,#,0.87,#,0.083
1330600021,2008,1330600,13,604,01,#,0.42,#,0.035
1330600022,2008,1330600,13,604,01,#,0.78,#,0.041
1330600023,2008,1330600,13,604,01,#,0.34,#,0.038
1330600025,2008,1330600,13,604,01,#,0.79,#,0.037
1330600026,2008,1330600,13,604,01,#,0.47,#,0.044
