レコードID,測定年度,絶対番号,都道府県コード,水域コード,地点コード,全窒素_C,全窒素(mg/l),全燐_C,全燐(mg/l)
1310010001,2009,1310010,13,001,01,#,2.06,#,0.207
1310010005,2009,1310010,13,001,01,#,1.45,#,0.067
1310010009,2009,1310010,13,001,01,#,1.95,#,0.098
1310010013,2009,1310010,13,001,01,#,2.5,#,0.106
1310010026,2009,1310010,13,001,01,#,2.16,#,0.14
1310010030,2009,1310010,13,001,01,#,2.05,#,0.1
1310010034,2009,1310010,13,001,01,#,3,#,0.082
1310010038,2009,1310010,13,001,01,#,2.71,#,0.111
1310010042,2009,1310010,13,001,01,#,3.04,#,0.083
1310010055,2009,1310010,13,001,01,#,3.01,#,0.069
1310010059,2009,1310010,13,001,01,#,2.86,#,0.117
1310010063,2009,1310010,13,001,01,#,2.19,#,0.083
1310030001,2009,1310030,13,002,01,#,2.24,#,0.196
1310030003,2009,1310030,13,002,01,#,1.7,#,0.078
1310030005,2009,1310030,13,002,01,#,1.83,#,0.082
1310030007,2009,1310030,13,002,01,#,2.38,#,0.105
1310030014,2009,1310030,13,002,01,#,1.99,#,0.102
1310030016,2009,1310030,13,002,01,#,1.89,#,0.094
1310030018,2009,1310030,13,002,01,#,2.8,#,0.084
1310030020,2009,1310030,13,002,01,#,2.4,#,0.103
1310030022,2009,1310030,13,002,01,#,2.85,#,0.082
1310030029,2009,1310030,13,002,01,#,3.03,#,0.072
1310030031,2009,1310030,13,002,01,#,2.91,#,0.106
1310030033,2009,1310030,13,002,01,#,2,#,0.098
1310040001,2009,1310040,13,002,51,#,1.77,#,0.155
1310040003,2009,1310040,13,002,51,#,1.55,#,0.079
1310040005,2009,1310040,13,002,51,#,2.09,#,0.094
1310040007,2009,1310040,13,002,51,#,2.53,#,0.108
1310040009,2009,1310040,13,002,51,#,2.17,#,0.134
1310040011,2009,1310040,13,002,51,#,2.42,#,0.107
1310040013,2009,1310040,13,002,51,#,2.81,#,0.081
1310040015,2009,1310040,13,002,51,#,2.89,#,0.09
1310040017,2009,1310040,13,002,51,#,3.19,#,0.082
1310040019,2009,1310040,13,002,51,#,3,#,0.075
1310040021,2009,1310040,13,002,51,#,3.2,#,0.127
1310040023,2009,1310040,13,002,51,#,2.01,#,0.088
1310060001,2009,1310060,13,003,01,#,1.58,#,0.146
1310060003,2009,1310060,13,003,01,#,2.18,#,0.122
1310060005,2009,1310060,13,003,01,#,2.79,#,0.109
1310060007,2009,1310060,13,003,01,#,2.81,#,0.155
1310060009,2009,1310060,13,003,01,#,2.77,#,0.16
1310060011,2009,1310060,13,003,01,#,2.91,#,0.104
1310060013,2009,1310060,13,003,01,#,3.65,#,0.133
1310060015,2009,1310060,13,003,01,#,4.29,#,0.182
1310060017,2009,1310060,13,003,01,#,3.65,#,0.132
1310060019,2009,1310060,13,003,01,#,3.67,#,0.118
1310060021,2009,1310060,13,003,01,#,3.87,#,0.175
1310060023,2009,1310060,13,003,01,#,2.95,#,0.183
1310070001,2009,1310070,13,003,51,#,2.13,#,0.185
1310070002,2009,1310070,13,003,51,#,2.09,#,0.095
1310070003,2009,1310070,13,003,51,#,3.29,#,0.084
1310070004,2009,1310070,13,003,51,#,2.84,#,0.115
1310070005,2009,1310070,13,003,51,#,4.47,#,0.133
1310070006,2009,1310070,13,003,51,#,3.54,#,0.103
1310070007,2009,1310070,13,003,51,#,5.23,#,0.168
1310070008,2009,1310070,13,003,51,#,5.24,#,0.226
1310070009,2009,1310070,13,003,51,#,4.1,#,0.165
1310070010,2009,1310070,13,003,51,#,4.85,#,0.167
1310070011,2009,1310070,13,003,51,#,4.65,#,0.238
1310070012,2009,1310070,13,003,51,#,4.04,#,0.234
1310090002,2009,1310090,13,004,01,#,4.1,#,0.191
1310090004,2009,1310090,13,004,01,#,3.27,#,0.176
1310090006,2009,1310090,13,004,01,#,2.36,#,0.161
1310090008,2009,1310090,13,004,01,#,2.84,#,0.196
1310090015,2009,1310090,13,004,01,#,2.63,#,0.188
1310090017,2009,1310090,13,004,01,#,3.29,#,0.235
1310090019,2009,1310090,13,004,01,#,3.94,#,0.246
1310090021,2009,1310090,13,004,01,#,5.03,#,0.289
1310090023,2009,1310090,13,004,01,#,5.13,#,0.261
1310090025,2009,1310090,13,004,01,#,8.71,#,0.277
1310090032,2009,1310090,13,004,01,#,7.41,#,0.677
1310090034,2009,1310090,13,004,01,#,6,#,0.395
1310100001,2009,1310100,13,004,02,#,5.97,#,0.331
1310100003,2009,1310100,13,004,02,#,2.55,#,0.181
1310100005,2009,1310100,13,004,02,#,2.7,#,0.182
1310100007,2009,1310100,13,004,02,#,3.53,#,0.297
1310100009,2009,1310100,13,004,02,#,2.86,#,0.186
1310100011,2009,1310100,13,004,02,#,2.39,#,0.169
1310100013,2009,1310100,13,004,02,#,4.05,#,0.178
1310100015,2009,1310100,13,004,02,#,3.62,#,0.182
1310100017,2009,1310100,13,004,02,#,3.81,#,0.16
1310100019,2009,1310100,13,004,02,#,4.17,#,0.24
1310100021,2009,1310100,13,004,02,#,5.12,#,0.245
1310100023,2009,1310100,13,004,02,#,4.99,#,0.408
1310110004,2009,1310110,13,004,51,#,3.25,#,0.222
1310110010,2009,1310110,13,004,51,#,2.95,#,0.23
1310110016,2009,1310110,13,004,51,#,5.06,#,0.368
1310110022,2009,1310110,13,004,51,#,7.65,#,0.676
1310140002,2009,1310140,13,005,01,#,3.81,#,0.293
1310140004,2009,1310140,13,005,01,#,2.62,#,0.194
1310140006,2009,1310140,13,005,01,#,2.66,#,0.175
1310140008,2009,1310140,13,005,01,#,3.35,#,0.278
1310140015,2009,1310140,13,005,01,#,2.56,#,0.239
1310140017,2009,1310140,13,005,01,#,2.8,#,0.174
1310140019,2009,1310140,13,005,01,#,3.22,#,0.183
1310140021,2009,1310140,13,005,01,#,3.21,#,0.292
1310140023,2009,1310140,13,005,01,#,4.2,#,0.214
1310140025,2009,1310140,13,005,01,#,6.93,#,0.277
1310140032,2009,1310140,13,005,01,#,5.73,#,0.436
1310140034,2009,1310140,13,005,01,#,4.46,#,0.296
1310160001,2009,1310160,13,005,52,#,4.5,#,0.339
1310160003,2009,1310160,13,005,52,#,3.53,#,0.218
1310160005,2009,1310160,13,005,52,#,4.13,#,0.229
1310160007,2009,1310160,13,005,52,#,4.19,#,0.224
1310160009,2009,1310160,13,005,52,#,2.61,#,0.341
1310160012,2009,1310160,13,005,52,#,4.15,#,0.239
1310160013,2009,1310160,13,005,52,#,5.24,#,0.232
1310160016,2009,1310160,13,005,52,#,4.98,#,0.276
1310160017,2009,1310160,13,005,52,#,5.46,#,0.224
1310160019,2009,1310160,13,005,52,#,5.36,#,0.229
1310160022,2009,1310160,13,005,52,#,7.84,#,0.509
1310160023,2009,1310160,13,005,52,#,5.75,#,0.301
1310180001,2009,1310180,13,006,01,#,7.75,#,0.45
1310180004,2009,1310180,13,006,01,#,4.09,#,0.304
1310180006,2009,1310180,13,006,01,#,3.3,#,0.217
1310180009,2009,1310180,13,006,01,#,4.48,#,0.225
1310180011,2009,1310180,13,006,01,#,4.18,#,0.225
1310180019,2009,1310180,13,006,01,#,2.8,#,0.229
1310180021,2009,1310180,13,006,01,#,4.83,#,0.258
1310180024,2009,1310180,13,006,01,#,4.78,#,0.34
1310180026,2009,1310180,13,006,01,#,5.7,#,0.231
1310180029,2009,1310180,13,006,01,#,7.33,#,0.23
1310180031,2009,1310180,13,006,01,#,8.24,#,0.326
1310180039,2009,1310180,13,006,01,#,8.41,#,0.291
1310190001,2009,1310190,13,006,02,#,6.21,#,0.315
1310190004,2009,1310190,13,006,02,#,2.85,#,0.226
1310190006,2009,1310190,13,006,02,#,3.02,#,0.23
1310190009,2009,1310190,13,006,02,#,3.81,#,0.233
1310190011,2009,1310190,13,006,02,#,3.68,#,0.207
1310190019,2009,1310190,13,006,02,#,2.06,#,0.209
1310190021,2009,1310190,13,006,02,#,3.16,#,0.214
1310190024,2009,1310190,13,006,02,#,2.46,#,0.179
1310190026,2009,1310190,13,006,02,#,1.34,#,0.122
1310190029,2009,1310190,13,006,02,#,1.27,#,0.107
1310190031,2009,1310190,13,006,02,#,2.04,#,0.117
1310190039,2009,1310190,13,006,02,#,3.26,#,0.38
1310200001,2009,1310200,13,006,51,#,8.27,#,0.548
1310200003,2009,1310200,13,006,51,#,4.72,#,0.208
1310200005,2009,1310200,13,006,51,#,3.09,#,0.172
1310200007,2009,1310200,13,006,51,#,4.69,#,0.202
1310200009,2009,1310200,13,006,51,#,4.26,#,0.193
1310200011,2009,1310200,13,006,51,#,3.01,#,0.2
1310200013,2009,1310200,13,006,51,#,4.05,#,0.184
1310200015,2009,1310200,13,006,51,#,4.5,#,0.223
1310200017,2009,1310200,13,006,51,#,7.4,#,0.283
1310200019,2009,1310200,13,006,51,#,10.4,#,0.388
1310200021,2009,1310200,13,006,51,#,10.2,#,0.516
1310200023,2009,1310200,13,006,51,#,8.5,#,0.194
1310210001,2009,1310210,13,006,52,#,7.99,#,0.555
1310210003,2009,1310210,13,006,52,#,3.42,#,0.21
1310210005,2009,1310210,13,006,52,#,4.59,#,0.321
1310210007,2009,1310210,13,006,52,#,4.05,#,0.218
1310210009,2009,1310210,13,006,52,#,7.16,#,0.281
1310210011,2009,1310210,13,006,52,#,10.6,#,0.566
1310220001,2009,1310220,13,006,53,#,6.2,#,0.342
1310220003,2009,1310220,13,006,53,#,3.44,#,0.217
1310220005,2009,1310220,13,006,53,#,3.36,#,0.245
1310220007,2009,1310220,13,006,53,#,4.07,#,0.225
1310220009,2009,1310220,13,006,53,#,3.47,#,0.241
1310220011,2009,1310220,13,006,53,#,2.58,#,0.182
1310220013,2009,1310220,13,006,53,#,4.03,#,0.204
1310220015,2009,1310220,13,006,53,#,4.58,#,0.239
1310220017,2009,1310220,13,006,53,#,4.49,#,0.197
1310220019,2009,1310220,13,006,53,#,5.74,#,0.198
1310220021,2009,1310220,13,006,53,#,7.05,#,0.29
1310220023,2009,1310220,13,006,53,#,6.97,#,0.371
1310230001,2009,1310230,13,007,01,#,6.35,#,0.228
1310230003,2009,1310230,13,007,01,#,4.11,#,0.317
1310230005,2009,1310230,13,007,01,#,5.05,#,0.33
1310230007,2009,1310230,13,007,01,#,6.09,#,0.326
1310230009,2009,1310230,13,007,01,#,5.96,#,0.343
1310230011,2009,1310230,13,007,01,#,3.32,#,0.248
1310230013,2009,1310230,13,007,01,#,4.95,#,0.227
1310230015,2009,1310230,13,007,01,#,4.66,#,0.45
1310230017,2009,1310230,13,007,01,#,5.77,#,0.32
1310230019,2009,1310230,13,007,01,#,6.4,#,0.474
1310230021,2009,1310230,13,007,01,#,5.72,#,0.266
1310230023,2009,1310230,13,007,01,#,6.97,#,0.264
1310240001,2009,1310240,13,007,02,#,10.6,#,0.413
1310240003,2009,1310240,13,007,02,#,6.06,#,0.337
1310240005,2009,1310240,13,007,02,#,7.38,#,0.431
1310240007,2009,1310240,13,007,02,#,7.35,#,0.376
1310240009,2009,1310240,13,007,02,#,8.01,#,0.292
1310240011,2009,1310240,13,007,02,#,7.16,#,0.386
1310240013,2009,1310240,13,007,02,#,7.94,#,0.452
1310240015,2009,1310240,13,007,02,#,7.15,#,0.331
1310240017,2009,1310240,13,007,02,#,8.18,#,0.413
1310240019,2009,1310240,13,007,02,#,9.72,#,0.528
1310240021,2009,1310240,13,007,02,#,10.9,#,0.638
1310240023,2009,1310240,13,007,02,#,8.45,#,0.476
1310250001,2009,1310250,13,007,51,#,7.91,#,0.49
1310250003,2009,1310250,13,007,51,#,5.98,#,0.228
1310250005,2009,1310250,13,007,51,#,4.75,#,0.292
1310250007,2009,1310250,13,007,51,#,5.88,#,0.269
1310250009,2009,1310250,13,007,51,#,5.52,#,0.301
1310250011,2009,1310250,13,007,51,#,4.84,#,0.418
1310250013,2009,1310250,13,007,51,#,6.06,#,0.308
1310250015,2009,1310250,13,007,51,#,6.81,#,0.329
1310250017,2009,1310250,13,007,51,#,7.52,#,0.292
1310250019,2009,1310250,13,007,51,#,12.2,#,0.546
1310250021,2009,1310250,13,007,51,#,11.6,#,0.655
1310250023,2009,1310250,13,007,51,#,8.76,#,0.364
1310260001,2009,1310260,13,007,53,#,8.28,#,0.292
1310260003,2009,1310260,13,007,53,#,5.19,#,0.347
1310260005,2009,1310260,13,007,53,#,5.5,#,0.312
1310260007,2009,1310260,13,007,53,#,7.82,#,0.377
1310260009,2009,1310260,13,007,53,#,6.62,#,0.326
1310260011,2009,1310260,13,007,53,#,4.86,#,0.283
1310260013,2009,1310260,13,007,53,#,6.32,#,0.26
1310260015,2009,1310260,13,007,53,#,6.31,#,0.286
1310260017,2009,1310260,13,007,53,#,6.8,#,0.294
1310260019,2009,1310260,13,007,53,#,6.85,#,0.272
1310260021,2009,1310260,13,007,53,#,8.3,#,0.357
1310260023,2009,1310260,13,007,53,#,8.98,#,0.334
1310290001,2009,1310290,13,008,01,#,6.46,#,0.833
1310290003,2009,1310290,13,008,01,#,8.69,#,0.98
1310290005,2009,1310290,13,008,01,#,8.41,#,0.935
1310290007,2009,1310290,13,008,01,#,6.02,#,0.613
1310290009,2009,1310290,13,008,01,#,7.74,#,0.898
1310290011,2009,1310290,13,008,01,#,5.87,#,0.445
1310290013,2009,1310290,13,008,01,#,3.65,#,0.406
1310290015,2009,1310290,13,008,01,#,4.08,#,0.302
1310290017,2009,1310290,13,008,01,#,9,#,0.81
1310290019,2009,1310290,13,008,01,#,9.11,#,0.963
1310290021,2009,1310290,13,008,01,#,6.47,#,0.585
1310290023,2009,1310290,13,008,01,#,7.43,#,0.698
1310300001,2009,1310300,13,009,01,#,11.7,#,1.16
1310300003,2009,1310300,13,009,01,#,12.4,#,1.34
1310300005,2009,1310300,13,009,01,#,11.6,#,1.32
1310300007,2009,1310300,13,009,01,#,9.65,#,0.794
1310300009,2009,1310300,13,009,01,#,10.9,#,1.28
1310300011,2009,1310300,13,009,01,#,10.1,#,1.23
1310300013,2009,1310300,13,009,01,#,10.7,#,1.24
1310300015,2009,1310300,13,009,01,#,12.1,#,1.05
1310300017,2009,1310300,13,009,01,#,11.3,#,1.03
1310300019,2009,1310300,13,009,01,#,12.6,#,1.38
1310300021,2009,1310300,13,009,01,#,12.6,#,0.798
1310300023,2009,1310300,13,009,01,#,12.2,#,1.29
1310310001,2009,1310310,13,010,01,#,3.93,#,0.067
1310310003,2009,1310310,13,010,01,#,3.63,#,0.034
1310310005,2009,1310310,13,010,01,#,4.04,#,0.032
1310310007,2009,1310310,13,010,01,#,4.32,#,0.037
1310310009,2009,1310310,13,010,01,#,3.99,#,0.22
1310310011,2009,1310310,13,010,01,#,3.43,#,0.043
1310310013,2009,1310310,13,010,01,#,3.2,#,0.037
1310310015,2009,1310310,13,010,01,#,3.26,#,0.028
1310310017,2009,1310310,13,010,01,#,3.27,#,0.051
1310310019,2009,1310310,13,010,01,#,3.56,#,0.041
1310310021,2009,1310310,13,010,01,#,3.3,#,0.032
1310310023,2009,1310310,13,010,01,#,3.69,#,0.051
1310320001,2009,1310320,13,011,01,#,3.49,#,0.421
1310320003,2009,1310320,13,011,01,#,2.7,#,0.452
1310320005,2009,1310320,13,011,01,#,3.22,#,0.498
1310320007,2009,1310320,13,011,01,#,3.01,#,0.428
1310320009,2009,1310320,13,011,01,#,5.1,#,0.596
1310320011,2009,1310320,13,011,01,#,3.95,#,0.586
1310320013,2009,1310320,13,011,01,#,4.31,#,0.5
1310320015,2009,1310320,13,011,01,#,4.18,#,0.417
1310320017,2009,1310320,13,011,01,#,5.4,#,0.435
1310320019,2009,1310320,13,011,01,#,5.35,#,0.524
1310320021,2009,1310320,13,011,01,#,6.8,#,0.708
1310320023,2009,1310320,13,011,01,#,3.92,#,0.372
1310330001,2009,1310330,13,012,01,#,8.41,#,1.11
1310330003,2009,1310330,13,012,01,#,10.2,#,1.22
1310330005,2009,1310330,13,012,01,#,9.13,#,1.19
1310330007,2009,1310330,13,012,01,#,8.5,#,0.963
1310330009,2009,1310330,13,012,01,#,6.98,#,1.07
1310330011,2009,1310330,13,012,01,#,6.19,#,1.09
1310330013,2009,1310330,13,012,01,#,9.72,#,1.2
1310330015,2009,1310330,13,012,01,#,10.2,#,0.991
1310330017,2009,1310330,13,012,01,#,9.12,#,1.02
1310330019,2009,1310330,13,012,01,#,12.9,#,1.56
1310330021,2009,1310330,13,012,01,#,10.7,#,0.838
1310330023,2009,1310330,13,012,01,#,11.2,#,1.3
1310340001,2009,1310340,13,013,01,#,0.61,#,0.007
1310340003,2009,1310340,13,013,01,#,1.15,#,0.012
1310340005,2009,1310340,13,013,01,#,0.81,#,0.013
1310340007,2009,1310340,13,013,01,#,0.74,#,0.011
1310340009,2009,1310340,13,013,01,#,1,#,0.014
1310340011,2009,1310340,13,013,01,#,0.81,#,0.014
1310340013,2009,1310340,13,013,01,#,0.83,#,0.011
1310340015,2009,1310340,13,013,01,#,0.78,#,0.007
1310340017,2009,1310340,13,013,01,#,0.76,#,0.008
1310340019,2009,1310340,13,013,01,#,0.73,#,0.006
1310340021,2009,1310340,13,013,01,#,0.66,#,0.016
1310340023,2009,1310340,13,013,01,#,0.71,#,0.006
1310370001,2009,1310370,13,014,01,#,1.13,#,0.016
1310370003,2009,1310370,13,014,01,#,1.37,#,0.016
1310370005,2009,1310370,13,014,01,#,1.33,#,0.021
1310370007,2009,1310370,13,014,01,#,1.06,#,0.019
1310370009,2009,1310370,13,014,01,#,1.38,#,0.014
1310370011,2009,1310370,13,014,01,#,1.4,#,0.033
1310370013,2009,1310370,13,014,01,#,1.64,#,0.029
1310370015,2009,1310370,13,014,01,#,1.03,#,0.023
1310370017,2009,1310370,13,014,01,#,1.18,#,0.014
1310370019,2009,1310370,13,014,01,#,1.01,#,0.008
1310370021,2009,1310370,13,014,01,#,0.97,#,0.015
1310370023,2009,1310370,13,014,01,#,1.24,#,0.014
1310380001,2009,1310380,13,014,51,#,0.6,#,0.013
1310380003,2009,1310380,13,014,51,#,0.83,#,0.018
1310380005,2009,1310380,13,014,51,#,0.8,#,0.021
1310380007,2009,1310380,13,014,51,#,0.75,#,0.018
1310380009,2009,1310380,13,014,51,#,0.77,#,0.019
1310380011,2009,1310380,13,014,51,#,0.67,#,0.027
1310380013,2009,1310380,13,014,51,#,0.84,#,0.033
1310380015,2009,1310380,13,014,51,#,0.61,#,0.029
1310380017,2009,1310380,13,014,51,#,0.65,#,0.012
1310380019,2009,1310380,13,014,51,#,0.63,#,0.009
1310380021,2009,1310380,13,014,51,#,0.59,#,0.017
1310380023,2009,1310380,13,014,51,#,0.63,#,0.012
1310390001,2009,1310390,13,014,52,#,0.68,#,0.01
1310390002,2009,1310390,13,014,52,#,0.88,#,0.011
1310390003,2009,1310390,13,014,52,#,0.84,#,0.014
1310390004,2009,1310390,13,014,52,#,0.78,#,0.014
1310390005,2009,1310390,13,014,52,#,1.12,#,0.017
1310390006,2009,1310390,13,014,52,#,0.89,#,0.015
1310390007,2009,1310390,13,014,52,#,0.83,#,0.013
1310390008,2009,1310390,13,014,52,#,0.78,#,0.006
1310390009,2009,1310390,13,014,52,#,0.74,#,0.008
1310390010,2009,1310390,13,014,52,#,0.72,#,0.005
1310390011,2009,1310390,13,014,52,#,0.75,#,0.012
1310390012,2009,1310390,13,014,52,#,0.76,#,0.007
1310400001,2009,1310400,13,014,53,#,0.77,#,0.006
1310400002,2009,1310400,13,014,53,#,2.16,#,0.013
1310400003,2009,1310400,13,014,53,#,1.38,#,0.015
1310400004,2009,1310400,13,014,53,#,1.1,#,0.017
1310400005,2009,1310400,13,014,53,#,1.63,#,0.02
1310400006,2009,1310400,13,014,53,#,1.34,#,0.016
1310400007,2009,1310400,13,014,53,#,1.09,#,0.045
1310400008,2009,1310400,13,014,53,#,1.28,#,0.01
1310400009,2009,1310400,13,014,53,#,1.19,#,0.009
1310400010,2009,1310400,13,014,53,#,0.99,#,0.005
1310400011,2009,1310400,13,014,53,#,1.18,#,0.022
1310400012,2009,1310400,13,014,53,#,1.16,#,0.013
1310410001,2009,1310410,13,015,01,#,6.45,#,0.472
1310410002,2009,1310410,13,015,01,#,6.04,#,0.479
1310410003,2009,1310410,13,015,01,#,6.33,#,0.476
1310410004,2009,1310410,13,015,01,#,7.7,#,0.566
1310410005,2009,1310410,13,015,01,#,6.52,#,0.326
1310410006,2009,1310410,13,015,01,#,5.53,#,0.308
1310410007,2009,1310410,13,015,01,#,6.79,#,0.368
1310410008,2009,1310410,13,015,01,#,7.11,#,0.394
1310410009,2009,1310410,13,015,01,#,5.45,#,0.332
1310410010,2009,1310410,13,015,01,#,5.08,#,0.346
1310410011,2009,1310410,13,015,01,#,5.66,#,0.363
1310410012,2009,1310410,13,015,01,#,6.44,#,0.368
1310410013,2009,1310410,13,015,01,#,6.21,#,0.429
1310410014,2009,1310410,13,015,01,#,5.84,#,0.445
1310410015,2009,1310410,13,015,01,#,6.01,#,0.429
1310410016,2009,1310410,13,015,01,#,7.17,#,0.546
1310410017,2009,1310410,13,015,01,#,5.04,#,0.306
1310410018,2009,1310410,13,015,01,#,4.66,#,0.317
1310410019,2009,1310410,13,015,01,#,4.99,#,0.323
1310410020,2009,1310410,13,015,01,#,5.82,#,0.344
1310410021,2009,1310410,13,015,01,#,6.02,#,0.272
1310410022,2009,1310410,13,015,01,#,5.49,#,0.287
1310410023,2009,1310410,13,015,01,#,7.12,#,0.406
1310410024,2009,1310410,13,015,01,#,6.35,#,0.398
1310410025,2009,1310410,13,015,01,#,4.98,#,0.276
1310410026,2009,1310410,13,015,01,#,4.65,#,0.278
1310410027,2009,1310410,13,015,01,#,5.65,#,0.335
1310410028,2009,1310410,13,015,01,#,6.04,#,0.294
1310410029,2009,1310410,13,015,01,#,6.12,#,0.245
1310410030,2009,1310410,13,015,01,#,7.46,#,0.289
1310410031,2009,1310410,13,015,01,#,6.65,#,0.259
1310410032,2009,1310410,13,015,01,#,6.88,#,0.451
1310410033,2009,1310410,13,015,01,#,6.31,#,0.445
1310410034,2009,1310410,13,015,01,#,6.75,#,0.482
1310410035,2009,1310410,13,015,01,#,7.4,#,0.465
1310410036,2009,1310410,13,015,01,#,6.89,#,0.527
1310410037,2009,1310410,13,015,01,#,6.89,#,0.511
1310410038,2009,1310410,13,015,01,#,6.62,#,0.472
1310410039,2009,1310410,13,015,01,#,7.15,#,0.532
1310410040,2009,1310410,13,015,01,#,8.14,#,0.464
1310410041,2009,1310410,13,015,01,#,7.1,#,0.446
1310410042,2009,1310410,13,015,01,#,7.37,#,0.496
1310410043,2009,1310410,13,015,01,#,8.01,#,0.503
1310410044,2009,1310410,13,015,01,#,6.28,#,0.446
1310410045,2009,1310410,13,015,01,#,6.32,#,0.373
1310410046,2009,1310410,13,015,01,#,6.28,#,0.36
1310410047,2009,1310410,13,015,01,#,6.58,#,0.413
1310420001,2009,1310420,13,015,02,#,4.86,#,0.336
1310420002,2009,1310420,13,015,02,#,4.78,#,0.343
1310420003,2009,1310420,13,015,02,#,5.35,#,0.364
1310420004,2009,1310420,13,015,02,#,5.43,#,0.362
1310420005,2009,1310420,13,015,02,#,4.99,#,0.239
1310420006,2009,1310420,13,015,02,#,5.13,#,0.253
1310420007,2009,1310420,13,015,02,#,5.13,#,0.266
1310420008,2009,1310420,13,015,02,#,5.53,#,0.257
1310420009,2009,1310420,13,015,02,#,4.87,#,0.283
1310420010,2009,1310420,13,015,02,#,4.87,#,0.285
1310420011,2009,1310420,13,015,02,#,4.87,#,0.283
1310420012,2009,1310420,13,015,02,#,4.99,#,0.281
1310420013,2009,1310420,13,015,02,#,5.34,#,0.28
1310420014,2009,1310420,13,015,02,#,5.14,#,0.285
1310420015,2009,1310420,13,015,02,#,5.26,#,0.313
1310420016,2009,1310420,13,015,02,#,5.38,#,0.314
1310420017,2009,1310420,13,015,02,#,4.21,#,0.218
1310420018,2009,1310420,13,015,02,#,4.04,#,0.234
1310420019,2009,1310420,13,015,02,#,4.21,#,0.241
1310420020,2009,1310420,13,015,02,#,4.21,#,0.238
1310420021,2009,1310420,13,015,02,#,4.96,#,0.216
1310420022,2009,1310420,13,015,02,#,4.96,#,0.218
1310420023,2009,1310420,13,015,02,#,5.12,#,0.227
1310420024,2009,1310420,13,015,02,#,5.12,#,0.232
1310420025,2009,1310420,13,015,02,#,3.72,#,0.258
1310420026,2009,1310420,13,015,02,#,3.46,#,0.258
1310420027,2009,1310420,13,015,02,#,4.98,#,0.261
1310420028,2009,1310420,13,015,02,#,3.87,#,0.234
1310420029,2009,1310420,13,015,02,#,5.15,#,0.289
1310420030,2009,1310420,13,015,02,#,6.04,#,0.318
1310420031,2009,1310420,13,015,02,#,5.02,#,0.309
1310420032,2009,1310420,13,015,02,#,5.55,#,0.25
1310420033,2009,1310420,13,015,02,#,6.07,#,0.297
1310420034,2009,1310420,13,015,02,#,6.03,#,0.308
1310420035,2009,1310420,13,015,02,#,6.55,#,0.315
1310420036,2009,1310420,13,015,02,#,6.47,#,0.237
1310420037,2009,1310420,13,015,02,#,6.58,#,0.354
1310420038,2009,1310420,13,015,02,#,6.53,#,0.354
1310420039,2009,1310420,13,015,02,#,6.4,#,0.356
1310420040,2009,1310420,13,015,02,#,6.4,#,0.228
1310420041,2009,1310420,13,015,02,#,5.78,#,0.283
1310420042,2009,1310420,13,015,02,#,6.1,#,0.281
1310420043,2009,1310420,13,015,02,#,5.96,#,0.294
1310420044,2009,1310420,13,015,02,#,7.6,#,0.308
1310420045,2009,1310420,13,015,02,#,6.54,#,0.527
1310420046,2009,1310420,13,015,02,#,6.01,#,0.496
1310420047,2009,1310420,13,015,02,#,6.49,#,0.345
1310420048,2009,1310420,13,015,02,#,6.36,#,0.237
1310430001,2009,1310430,13,015,51,#,5.51,#,0.64
1310430006,2009,1310430,13,015,51,#,4.01,#,0.356
1310430009,2009,1310430,13,015,51,#,3.44,#,0.344
1310430013,2009,1310430,13,015,51,#,3.93,#,0.393
1310430017,2009,1310430,13,015,51,#,3.45,#,0.298
1310430021,2009,1310430,13,015,51,#,4.18,#,0.269
1310430025,2009,1310430,13,015,51,#,3.36,#,0.222
1310430029,2009,1310430,13,015,51,#,2.34,#,0.204
1310430033,2009,1310430,13,015,51,#,4.46,#,0.568
1310430037,2009,1310430,13,015,51,#,6.46,#,0.694
1310430041,2009,1310430,13,015,51,#,5.66,#,0.6
1310430045,2009,1310430,13,015,51,#,4.64,#,0.537
1310440001,2009,1310440,13,015,52,#,5.38,#,0.441
1310440006,2009,1310440,13,015,52,#,4.19,#,0.249
1310440009,2009,1310440,13,015,52,#,3.91,#,0.291
1310440013,2009,1310440,13,015,52,#,4.72,#,0.326
1310440017,2009,1310440,13,015,52,#,4,#,0.265
1310440021,2009,1310440,13,015,52,#,4.42,#,0.225
1310440025,2009,1310440,13,015,52,#,4.01,#,0.24
1310440029,2009,1310440,13,015,52,#,4.01,#,0.256
1310440033,2009,1310440,13,015,52,#,5.51,#,0.452
1310440037,2009,1310440,13,015,52,#,6.73,#,0.496
1310440041,2009,1310440,13,015,52,#,6.15,#,0.403
1310440045,2009,1310440,13,015,52,#,5.5,#,0.484
1310460001,2009,1310460,13,015,54,#,6.16,#,0.454
1310460005,2009,1310460,13,015,54,#,5.85,#,0.293
1310460009,2009,1310460,13,015,54,#,5.7,#,0.323
1310460013,2009,1310460,13,015,54,#,5.84,#,0.398
1310460017,2009,1310460,13,015,54,#,4.87,#,0.29
1310460021,2009,1310460,13,015,54,#,5.41,#,0.261
1310460025,2009,1310460,13,015,54,#,5.28,#,0.287
1310460029,2009,1310460,13,015,54,#,5.23,#,0.36
1310460033,2009,1310460,13,015,54,#,6.47,#,0.407
1310460037,2009,1310460,13,015,54,#,7.02,#,0.432
1310460041,2009,1310460,13,015,54,#,6.92,#,0.375
1310460045,2009,1310460,13,015,54,#,6.19,#,0.539
1310480001,2009,1310480,13,015,56,#,5.39,#,0.294
1310480005,2009,1310480,13,015,56,#,5.53,#,0.228
1310480009,2009,1310480,13,015,56,#,4.87,#,0.266
1310480013,2009,1310480,13,015,56,#,5.59,#,0.262
1310480017,2009,1310480,13,015,56,#,4.75,#,0.196
1310480021,2009,1310480,13,015,56,#,5.08,#,0.196
1310480025,2009,1310480,13,015,56,#,3.98,#,0.243
1310480029,2009,1310480,13,015,56,#,6.97,#,0.31
1310480033,2009,1310480,13,015,56,#,6.31,#,0.303
1310480037,2009,1310480,13,015,56,#,6.67,#,0.346
1310480041,2009,1310480,13,015,56,#,6.32,#,0.276
1310480045,2009,1310480,13,015,56,#,5.93,#,0.545
1310530001,2009,1310530,13,015,03,#,4.54,#,0.336
1310530002,2009,1310530,13,015,03,#,2.75,#,0.235
1310530003,2009,1310530,13,015,03,#,4.95,#,0.332
1310530004,2009,1310530,13,015,03,#,3.32,#,0.257
1310530005,2009,1310530,13,015,03,#,3.64,#,0.262
1310530006,2009,1310530,13,015,03,#,3.37,#,0.271
1310530007,2009,1310530,13,015,03,#,4.27,#,0.268
1310530008,2009,1310530,13,015,03,#,3.78,#,0.277
1310530009,2009,1310530,13,015,03,#,4.37,#,0.312
1310530010,2009,1310530,13,015,03,#,4.21,#,0.296
1310530011,2009,1310530,13,015,03,#,4.25,#,0.299
1310530012,2009,1310530,13,015,03,#,3.05,#,0.281
1310530013,2009,1310530,13,015,03,#,4.85,#,0.34
1310530014,2009,1310530,13,015,03,#,2.65,#,0.258
1310530015,2009,1310530,13,015,03,#,1.69,#,0.212
1310530016,2009,1310530,13,015,03,#,3.31,#,0.278
1310530017,2009,1310530,13,015,03,#,3.92,#,0.258
1310530018,2009,1310530,13,015,03,#,2.68,#,0.254
1310530019,2009,1310530,13,015,03,#,3.59,#,0.252
1310530020,2009,1310530,13,015,03,#,3.3,#,0.231
1310530021,2009,1310530,13,015,03,#,4.39,#,0.281
1310530022,2009,1310530,13,015,03,#,4.03,#,0.263
1310530023,2009,1310530,13,015,03,#,3.86,#,0.252
1310530024,2009,1310530,13,015,03,#,3.21,#,0.223
1310530025,2009,1310530,13,015,03,#,3.64,#,0.281
1310530026,2009,1310530,13,015,03,#,3.9,#,0.254
1310530027,2009,1310530,13,015,03,#,3.53,#,0.243
1310530028,2009,1310530,13,015,03,#,1.34,#,0.198
1310530029,2009,1310530,13,015,03,#,4.17,#,0.201
1310530030,2009,1310530,13,015,03,#,3.65,#,0.197
1310530031,2009,1310530,13,015,03,#,3.16,#,0.171
1310530032,2009,1310530,13,015,03,#,2.43,#,0.206
1310530033,2009,1310530,13,015,03,#,4.65,#,0.211
1310530034,2009,1310530,13,015,03,#,5.38,#,0.239
1310530035,2009,1310530,13,015,03,#,4.97,#,0.23
1310530036,2009,1310530,13,015,03,#,3.27,#,0.158
1310530037,2009,1310530,13,015,03,#,3.66,#,0.203
1310530038,2009,1310530,13,015,03,#,4.02,#,0.216
1310530039,2009,1310530,13,015,03,#,1.65,#,0.126
1310530040,2009,1310530,13,015,03,#,3.88,#,0.209
1310530041,2009,1310530,13,015,03,#,5.69,#,0.292
1310530042,2009,1310530,13,015,03,#,4.32,#,0.25
1310530043,2009,1310530,13,015,03,#,3.5,#,0.211
1310530044,2009,1310530,13,015,03,#,4.46,#,0.236
1310530045,2009,1310530,13,015,03,#,5.1,#,0.409
1310530046,2009,1310530,13,015,03,#,3.62,#,0.356
1310530047,2009,1310530,13,015,03,#,6.32,#,0.259
1310530048,2009,1310530,13,015,03,#,6.28,#,0.225
1310540001,2009,1310540,13,015,58,#,5.43,#,0.373
1310540005,2009,1310540,13,015,58,#,5.89,#,0.303
1310540009,2009,1310540,13,015,58,#,2.8,#,0.323
1310540013,2009,1310540,13,015,58,#,6.17,#,0.374
1310540017,2009,1310540,13,015,58,#,5.12,#,0.265
1310540021,2009,1310540,13,015,58,#,5.57,#,0.292
1310540025,2009,1310540,13,015,58,#,4.76,#,0.256
1310540029,2009,1310540,13,015,58,#,6.16,#,0.27
1310540033,2009,1310540,13,015,58,#,7.16,#,0.286
1310540037,2009,1310540,13,015,58,#,5.91,#,0.281
1310540041,2009,1310540,13,015,58,#,7.01,#,0.373
1310540045,2009,1310540,13,015,58,#,6.54,#,0.274
1310550001,2009,1310550,13,017,01,#,13.8,#,0.671
1310550003,2009,1310550,13,017,01,#,5.65,#,0.185
1310550005,2009,1310550,13,017,01,#,8.56,#,0.286
1310550007,2009,1310550,13,017,01,#,7.51,#,0.331
1310550009,2009,1310550,13,017,01,#,9.38,#,0.289
1310550011,2009,1310550,13,017,01,#,7.78,#,0.41
1310550013,2009,1310550,13,017,01,#,8.33,#,0.45
1310550015,2009,1310550,13,017,01,#,7.74,#,0.262
1310550017,2009,1310550,13,017,01,#,7.28,#,0.273
1310550019,2009,1310550,13,017,01,#,13.2,#,0.609
1310550021,2009,1310550,13,017,01,#,9.89,#,0.575
1310550023,2009,1310550,13,017,01,#,10.3,#,0.429
1310560001,2009,1310560,13,017,51,#,13.2,#,0.389
1310560003,2009,1310560,13,017,51,#,4.06,#,0.156
1310560005,2009,1310560,13,017,51,#,7.21,#,0.186
1310560007,2009,1310560,13,017,51,#,7.81,#,0.204
1310560009,2009,1310560,13,017,51,#,8.17,#,0.142
1310560011,2009,1310560,13,017,51,#,7.45,#,0.163
1310560013,2009,1310560,13,017,51,#,7.51,#,0.213
1310560015,2009,1310560,13,017,51,#,6.14,#,0.223
1310560017,2009,1310560,13,017,51,#,6.08,#,0.23
1310560019,2009,1310560,13,017,51,#,10.7,#,0.337
1310560021,2009,1310560,13,017,51,#,11.2,#,0.495
1310560023,2009,1310560,13,017,51,#,8.24,#,0.363
1310570001,2009,1310570,13,017,52,#,13.7,#,0.513
1310570003,2009,1310570,13,017,52,#,5.06,#,0.182
1310570005,2009,1310570,13,017,52,#,7.48,#,0.323
1310570007,2009,1310570,13,017,52,#,7.54,#,0.256
1310570009,2009,1310570,13,017,52,#,9.22,#,0.267
1310570011,2009,1310570,13,017,52,#,9.67,#,0.885
1310570013,2009,1310570,13,017,52,#,9.23,#,0.481
1310570015,2009,1310570,13,017,52,#,6.4,#,0.253
1310570017,2009,1310570,13,017,52,#,6.26,#,0.408
1310570019,2009,1310570,13,017,52,#,14.6,#,1.15
1310570021,2009,1310570,13,017,52,#,11.3,#,0.703
1310570023,2009,1310570,13,017,52,#,10.7,#,0.679
1310580001,2009,1310580,13,018,01,#,12,#,0.318
1310580003,2009,1310580,13,018,01,#,6.65,#,0.072
1310580005,2009,1310580,13,018,01,#,7.55,#,0.139
1310580007,2009,1310580,13,018,01,#,7.61,#,0.09
1310580009,2009,1310580,13,018,01,#,7.33,#,0.033
1310580011,2009,1310580,13,018,01,#,7.72,#,0.144
1310580013,2009,1310580,13,018,01,#,7.95,#,0.253
1310580015,2009,1310580,13,018,01,#,7.22,#,0.198
1310580017,2009,1310580,13,018,01,#,7.36,#,0.156
1310580019,2009,1310580,13,018,01,#,12.3,#,0.382
1310580021,2009,1310580,13,018,01,#,10.9,#,0.398
1310580023,2009,1310580,13,018,01,#,9.66,#,0.331
1310600001,2009,1310600,13,019,01,#,6.76,#,0.056
1310600003,2009,1310600,13,019,01,#,6.07,#,0.065
1310600005,2009,1310600,13,019,01,#,7.01,#,0.293
1310600007,2009,1310600,13,019,01,#,7.63,#,0.313
1310600009,2009,1310600,13,019,01,#,7.65,#,0.232
1310600011,2009,1310600,13,019,01,#,7.25,#,0.386
1310600013,2009,1310600,13,019,01,#,7.95,#,0.393
1310600015,2009,1310600,13,019,01,#,6.92,#,0.318
1310600017,2009,1310600,13,019,01,#,6.32,#,0.055
1310600019,2009,1310600,13,019,01,#,7.08,#,0.102
1310600021,2009,1310600,13,019,01,#,5.85,#,0.074
1310600023,2009,1310600,13,019,01,#,7.88,#,0.251
1310630001,2009,1310630,13,020,01,#,8.77,#,0.778
1310630003,2009,1310630,13,020,01,#,7.34,#,0.639
1310630005,2009,1310630,13,020,01,#,7.47,#,0.561
1310630007,2009,1310630,13,020,01,#,9.47,#,0.755
1310630009,2009,1310630,13,020,01,#,5.75,#,0.336
1310630011,2009,1310630,13,020,01,#,5.79,#,0.554
1310630013,2009,1310630,13,020,01,#,6.16,#,0.572
1310630015,2009,1310630,13,020,01,#,6.62,#,0.218
1310630017,2009,1310630,13,020,01,#,7.72,#,0.62
1310630019,2009,1310630,13,020,01,#,9.11,#,0.77
1310630021,2009,1310630,13,020,01,#,8.06,#,0.548
1310630023,2009,1310630,13,020,01,#,8.16,#,0.5
1310650001,2009,1310650,13,020,52,#,11.4,#,1.15
1310650003,2009,1310650,13,020,52,#,10.4,#,1.01
1310650005,2009,1310650,13,020,52,#,10.9,#,0.971
1310650007,2009,1310650,13,020,52,#,9.89,#,0.521
1310650009,2009,1310650,13,020,52,#,10.2,#,1
1310650011,2009,1310650,13,020,52,#,9.22,#,0.89
1310650013,2009,1310650,13,020,52,#,9.64,#,0.956
1310650015,2009,1310650,13,020,52,#,10.2,#,1.11
1310650017,2009,1310650,13,020,52,#,9.79,#,0.55
1310650019,2009,1310650,13,020,52,#,10.8,#,0.959
1310650021,2009,1310650,13,020,52,#,10.1,#,0.787
1310650023,2009,1310650,13,020,52,#,10.4,#,0.913
1310660001,2009,1310660,13,021,01,#,2.12,#,0.009
1310660003,2009,1310660,13,021,01,#,2.9,#,0.014
1310660005,2009,1310660,13,021,01,#,2.51,#,0.026
1310660007,2009,1310660,13,021,01,#,1.87,#,0.027
1310660009,2009,1310660,13,021,01,#,2.13,#,0.024
1310660011,2009,1310660,13,021,01,#,2.73,#,0.023
1310660013,2009,1310660,13,021,01,#,2.09,#,0.038
1310660015,2009,1310660,13,021,01,#,3.09,#,0.011
1310660017,2009,1310660,13,021,01,#,2.9,#,0.016
1310660019,2009,1310660,13,021,01,#,2.52,#,0.009
1310660021,2009,1310660,13,021,01,#,2.03,#,0.016
1310660023,2009,1310660,13,021,01,#,2.3,#,0.015
1310670001,2009,1310670,13,022,01,#,0.93,#,0.011
1310670002,2009,1310670,13,022,01,#,1.05,#,0.013
1310670003,2009,1310670,13,022,01,#,1.25,#,0.015
1310670004,2009,1310670,13,022,01,#,1.04,#,0.016
1310670005,2009,1310670,13,022,01,#,1.48,#,0.017
1310670006,2009,1310670,13,022,01,#,1.34,#,0.013
1310670007,2009,1310670,13,022,01,#,1.25,#,0.014
1310670008,2009,1310670,13,022,01,#,1.13,#,0.006
1310670009,2009,1310670,13,022,01,#,1.15,#,0.007
1310670010,2009,1310670,13,022,01,#,1.13,#,0.005
1310670011,2009,1310670,13,022,01,#,1.29,#,0.009
1310670012,2009,1310670,13,022,01,#,1.61,#,0.013
1310690002,2009,1310690,13,023,01,#,5.61,#,0.199
1310690004,2009,1310690,13,023,01,#,2.78,#,0.074
1310690005,2009,1310690,13,023,01,#,2.61,#,0.053
1310690008,2009,1310690,13,023,01,#,2.69,#,0.103
1310690010,2009,1310690,13,023,01,#,2.05,#,0.068
1310690012,2009,1310690,13,023,01,#,2.55,#,0.16
1310690014,2009,1310690,13,023,01,#,3.62,#,0.062
1310690015,2009,1310690,13,023,01,#,4.03,#,0.138
1310690018,2009,1310690,13,023,01,#,3.81,#,0.127
1310690020,2009,1310690,13,023,01,#,5.61,#,0.118
1310690022,2009,1310690,13,023,01,#,3.41,#,0.096
1310690024,2009,1310690,13,023,01,#,2.94,#,0.097
1310700001,2009,1310700,13,024,01,#,5.6,#,0.036
1310700003,2009,1310700,13,024,01,#,2.34,#,0.033
1310700005,2009,1310700,13,024,01,#,2.22,#,0.038
1310700007,2009,1310700,13,024,01,#,2.1,#,0.037
1310700009,2009,1310700,13,024,01,#,2.06,#,0.041
1310700011,2009,1310700,13,024,01,#,2.33,#,0.036
1310700013,2009,1310700,13,024,01,#,3.45,#,0.177
1310700015,2009,1310700,13,024,01,#,3.38,#,0.046
1310700017,2009,1310700,13,024,01,#,3.89,#,0.031
1310700019,2009,1310700,13,024,01,#,2.61,#,0.022
1310700021,2009,1310700,13,024,01,#,2.14,#,0.019
1310700023,2009,1310700,13,024,01,#,2.78,#,0.025
1310730002,2009,1310730,13,025,01,#,2.28,#,0.039
1310730004,2009,1310730,13,025,01,#,2.15,#,0.037
1310730005,2009,1310730,13,025,01,#,2.55,#,0.053
1310730008,2009,1310730,13,025,01,#,2.22,#,0.038
1310730010,2009,1310730,13,025,01,#,2.13,#,0.031
1310730012,2009,1310730,13,025,01,#,2.06,#,0.054
1310730014,2009,1310730,13,025,01,#,2.77,#,0.041
1310730015,2009,1310730,13,025,01,#,2.32,#,0.026
1310730018,2009,1310730,13,025,01,#,2.24,#,0.035
1310730020,2009,1310730,13,025,01,#,2.42,#,0.048
1310730022,2009,1310730,13,025,01,#,2.47,#,0.047
1310730024,2009,1310730,13,025,01,#,2.33,#,0.037
1310740001,2009,1310740,13,026,01,#,3.88,#,0.215
1310740002,2009,1310740,13,026,01,#,4.08,#,0.218
1310740003,2009,1310740,13,026,01,#,4.09,#,0.223
1310740004,2009,1310740,13,026,01,#,4.37,#,0.293
1310740005,2009,1310740,13,026,01,#,3.41,#,0.2
1310740006,2009,1310740,13,026,01,#,3.31,#,0.178
1310740007,2009,1310740,13,026,01,#,3.1,#,0.153
1310740008,2009,1310740,13,026,01,#,3.22,#,0.163
1310740009,2009,1310740,13,026,01,#,3.17,#,0.187
1310740010,2009,1310740,13,026,01,#,2.92,#,0.159
1310740011,2009,1310740,13,026,01,#,3.11,#,0.164
1310740012,2009,1310740,13,026,01,#,3.42,#,0.194
1310740013,2009,1310740,13,026,01,#,3.74,#,0.24
1310740014,2009,1310740,13,026,01,#,3.58,#,0.24
1310740015,2009,1310740,13,026,01,#,3.48,#,0.195
1310740016,2009,1310740,13,026,01,#,3.78,#,0.258
1310740017,2009,1310740,13,026,01,#,3.14,#,0.197
1310740018,2009,1310740,13,026,01,#,3.02,#,0.166
1310740019,2009,1310740,13,026,01,#,3.15,#,0.164
1310740020,2009,1310740,13,026,01,#,3.3,#,0.166
1310740021,2009,1310740,13,026,01,#,3.6,#,0.194
1310740022,2009,1310740,13,026,01,#,3.66,#,0.185
1310740023,2009,1310740,13,026,01,#,3.59,#,0.169
1310740024,2009,1310740,13,026,01,#,3.72,#,0.185
1310740025,2009,1310740,13,026,01,#,3.82,#,0.191
1310740026,2009,1310740,13,026,01,#,3.7,#,0.172
1310740027,2009,1310740,13,026,01,#,3.83,#,0.186
1310740028,2009,1310740,13,026,01,#,3.82,#,0.183
1310740029,2009,1310740,13,026,01,#,3.96,#,0.237
1310740030,2009,1310740,13,026,01,#,3.72,#,0.2
1310740031,2009,1310740,13,026,01,#,4.27,#,0.262
1310740032,2009,1310740,13,026,01,#,4.24,#,0.256
1310740033,2009,1310740,13,026,01,#,4.38,#,0.302
1310740034,2009,1310740,13,026,01,#,4.22,#,0.284
1310740035,2009,1310740,13,026,01,#,4.69,#,0.348
1310740036,2009,1310740,13,026,01,#,4.52,#,0.315
1310740037,2009,1310740,13,026,01,#,5.36,#,0.436
1310740038,2009,1310740,13,026,01,#,4.8,#,0.298
1310740039,2009,1310740,13,026,01,#,5.52,#,0.424
1310740040,2009,1310740,13,026,01,#,5.59,#,0.402
1310740041,2009,1310740,13,026,01,#,4.62,#,0.279
1310740042,2009,1310740,13,026,01,#,4.61,#,0.289
1310740043,2009,1310740,13,026,01,#,4.61,#,0.281
1310740044,2009,1310740,13,026,01,#,6.31,#,0.291
1310740045,2009,1310740,13,026,01,#,4.4,#,0.291
1310740046,2009,1310740,13,026,01,#,4.36,#,0.315
1310740047,2009,1310740,13,026,01,#,4.23,#,0.281
1310740048,2009,1310740,13,026,01,#,4.59,#,0.342
1310750002,2009,1310750,13,025,02,#,5.4,#,0.347
1310750004,2009,1310750,13,025,02,#,3.3,#,0.141
1310750005,2009,1310750,13,025,02,#,3.61,#,0.189
1310750008,2009,1310750,13,025,02,#,4.3,#,0.273
1310750010,2009,1310750,13,025,02,#,3,#,0.106
1310750012,2009,1310750,13,025,02,#,3.58,#,0.177
1310750014,2009,1310750,13,025,02,#,3.82,#,0.17
1310750015,2009,1310750,13,025,02,#,4.63,#,0.278
1310750018,2009,1310750,13,025,02,#,3.95,#,0.194
1310750020,2009,1310750,13,025,02,#,4.18,#,0.215
1310750022,2009,1310750,13,025,02,#,4.56,#,0.402
1310750024,2009,1310750,13,025,02,#,4.22,#,0.294
1310780002,2009,1310780,13,027,01,#,1.94,#,0.028
1310780004,2009,1310780,13,027,01,#,1.73,#,0.018
1310780005,2009,1310780,13,027,01,#,1.85,#,0.021
1310780008,2009,1310780,13,027,01,#,2.11,#,0.026
1310780010,2009,1310780,13,027,01,#,2.14,#,0.016
1310780012,2009,1310780,13,027,01,#,1.97,#,0.023
1310780014,2009,1310780,13,027,01,#,2.16,#,0.021
1310780015,2009,1310780,13,027,01,#,2.12,#,0.015
1310780018,2009,1310780,13,027,01,#,1.91,#,0.019
1310780020,2009,1310780,13,027,01,#,2.23,#,0.022
1310780022,2009,1310780,13,027,01,#,2.07,#,0.02
1310780024,2009,1310780,13,027,01,#,2.02,#,0.016
1310790001,2009,1310790,13,028,01,#,6.24,#,0.175
1310790003,2009,1310790,13,028,01,#,1.93,#,0.075
1310790005,2009,1310790,13,028,01,#,2.93,#,0.126
1310790007,2009,1310790,13,028,01,#,3.07,#,0.161
1310790009,2009,1310790,13,028,01,#,2.59,#,0.075
1310790011,2009,1310790,13,028,01,#,2.58,#,0.053
1310790013,2009,1310790,13,028,01,#,2.91,#,0.147
1310790015,2009,1310790,13,028,01,#,2.86,#,0.069
1310790017,2009,1310790,13,028,01,#,3.62,#,0.055
1310790019,2009,1310790,13,028,01,#,4.15,#,0.13
1310790021,2009,1310790,13,028,01,#,4.07,#,0.147
1310790023,2009,1310790,13,028,01,#,4.18,#,0.193
1310800001,2009,1310800,13,029,01,#,1.47,#,0.035
1310800003,2009,1310800,13,029,01,#,1.75,#,0.05
1310800005,2009,1310800,13,029,01,#,1.75,#,0.05
1310800007,2009,1310800,13,029,01,#,1.52,#,0.034
1310800009,2009,1310800,13,029,01,#,1.13,#,0.017
1310800011,2009,1310800,13,029,01,#,1.38,#,0.031
1310800013,2009,1310800,13,029,01,#,2.09,#,0.038
1310800015,2009,1310800,13,029,01,#,1.83,#,0.031
1310800017,2009,1310800,13,029,01,#,1.72,#,0.029
1310800019,2009,1310800,13,029,01,#,1.67,#,0.035
1310800021,2009,1310800,13,029,01,#,1.75,#,0.067
1310800023,2009,1310800,13,029,01,#,1.64,#,0.045
1310810001,2009,1310810,13,030,01,#,7.02,#,0.102
1310810002,2009,1310810,13,030,01,#,7.7,#,0.156
1310810003,2009,1310810,13,030,01,#,7.5,#,0.119
1310810004,2009,1310810,13,030,01,#,7.62,#,0.121
1310810005,2009,1310810,13,030,01,#,8.64,#,0.133
1310810006,2009,1310810,13,030,01,#,8.28,#,0.146
1310810007,2009,1310810,13,030,01,#,8.1,#,0.146
1310810008,2009,1310810,13,030,01,#,8.14,#,0.125
1310810009,2009,1310810,13,030,01,#,7.27,#,0.127
1310810010,2009,1310810,13,030,01,#,6.85,#,0.177
1310810011,2009,1310810,13,030,01,#,7.23,#,0.152
1310810012,2009,1310810,13,030,01,#,6.77,#,0.132
1310810013,2009,1310810,13,030,01,#,7.83,#,0.1
1310810014,2009,1310810,13,030,01,#,7.83,#,0.325
1310810015,2009,1310810,13,030,01,#,7.66,#,0.216
1310810016,2009,1310810,13,030,01,#,7.04,#,0.125
1310810017,2009,1310810,13,030,01,#,7.35,#,0.05
1310810018,2009,1310810,13,030,01,#,6.89,#,0.059
1310810019,2009,1310810,13,030,01,#,8.55,#,0.068
1310810020,2009,1310810,13,030,01,#,7.56,#,0.081
1310810021,2009,1310810,13,030,01,#,7.97,#,0.055
1310810022,2009,1310810,13,030,01,#,7.49,#,0.064
1310810023,2009,1310810,13,030,01,#,7.49,#,0.059
1310810024,2009,1310810,13,030,01,#,9.15,#,0.059
1310810025,2009,1310810,13,030,01,#,6.32,#,0.11
1310810026,2009,1310810,13,030,01,#,5.95,#,0.095
1310810027,2009,1310810,13,030,01,#,7.96,#,0.092
1310810028,2009,1310810,13,030,01,#,6.51,#,0.164
1310810029,2009,1310810,13,030,01,#,10.4,#,0.096
1310810030,2009,1310810,13,030,01,#,7.9,#,0.111
1310810031,2009,1310810,13,030,01,#,9,#,0.124
1310810032,2009,1310810,13,030,01,#,7.82,#,0.091
1310810033,2009,1310810,13,030,01,#,9.75,#,0.094
1310810034,2009,1310810,13,030,01,#,9.55,#,0.087
1310810035,2009,1310810,13,030,01,#,11.7,#,0.089
1310810036,2009,1310810,13,030,01,#,8.98,#,0.094
1310810037,2009,1310810,13,030,01,#,9.58,#,0.079
1310810038,2009,1310810,13,030,01,#,9.54,#,0.105
1310810039,2009,1310810,13,030,01,#,9.8,#,0.2
1310810040,2009,1310810,13,030,01,#,8.26,#,0.089
1310810041,2009,1310810,13,030,01,#,8.14,#,0.225
1310810042,2009,1310810,13,030,01,#,7.46,#,0.182
1310810043,2009,1310810,13,030,01,#,7.23,#,0.164
1310810044,2009,1310810,13,030,01,#,7.42,#,0.128
1310810045,2009,1310810,13,030,01,#,9.33,#,0.091
1310810046,2009,1310810,13,030,01,#,8.41,#,0.098
1310810047,2009,1310810,13,030,01,#,9.2,#,0.129
1310810048,2009,1310810,13,030,01,#,8.94,#,0.107
1310820001,2009,1310820,13,030,51,#,3.92,#,0.063
1310820002,2009,1310820,13,030,51,#,2.05,#,0.072
1310820003,2009,1310820,13,030,51,#,2.97,#,0.059
1310820004,2009,1310820,13,030,51,#,3.23,#,0.062
1310820005,2009,1310820,13,030,51,#,2.46,#,0.053
1310820006,2009,1310820,13,030,51,#,2.52,#,0.046
1310820007,2009,1310820,13,030,51,#,3.01,#,0.097
1310820008,2009,1310820,13,030,51,#,4.22,#,0.06
1310820009,2009,1310820,13,030,51,#,5.02,#,0.027
1310820010,2009,1310820,13,030,51,#,4.54,#,0.017
1310820011,2009,1310820,13,030,51,#,4.52,#,0.056
1310820012,2009,1310820,13,030,51,#,4.42,#,0.034
1310830001,2009,1310830,13,031,01,#,6.65,#,0.118
1310830003,2009,1310830,13,031,01,#,6.86,#,0.142
1310830005,2009,1310830,13,031,01,#,4.75,#,0.142
1310830007,2009,1310830,13,031,01,#,4.92,#,0.152
1310830009,2009,1310830,13,031,01,#,3.54,#,0.134
1310830010,2009,1310830,13,031,01,#,4.14,#,0.11
1310830013,2009,1310830,13,031,01,#,4.42,#,0.103
1310830015,2009,1310830,13,031,01,#,4.36,#,0.098
1310830017,2009,1310830,13,031,01,#,4.43,#,0.125
1310830019,2009,1310830,13,031,01,#,5.65,#,0.148
1310830021,2009,1310830,13,031,01,#,4.35,#,0.152
1310840004,2009,1310840,13,031,51,#,4.27,#,0.279
1310850001,2009,1310850,13,032,01,#,1.34,#,0.016
1310850002,2009,1310850,13,032,01,#,0.97,#,0.023
1310850003,2009,1310850,13,032,01,#,1.29,#,0.021
1310850004,2009,1310850,13,032,01,#,1.38,#,0.029
1310850005,2009,1310850,13,032,01,#,1.65,#,0.02
1310850006,2009,1310850,13,032,01,#,1.76,#,0.02
1310850007,2009,1310850,13,032,01,#,1.69,#,0.027
1310850008,2009,1310850,13,032,01,#,1.65,#,0.016
1310850009,2009,1310850,13,032,01,#,1.49,#,0.016
1310850010,2009,1310850,13,032,01,#,1.58,#,0.009
1310850011,2009,1310850,13,032,01,#,1.48,#,0.013
1310850012,2009,1310850,13,032,01,#,1.66,#,0.021
1310860001,2009,1310860,13,032,02,#,1.58,#,0.045
1310860002,2009,1310860,13,032,02,#,1.87,#,0.049
1310860003,2009,1310860,13,032,02,#,1.68,#,0.043
1310860004,2009,1310860,13,032,02,#,1.71,#,0.052
1310860005,2009,1310860,13,032,02,#,1.86,#,0.033
1310860006,2009,1310860,13,032,02,#,1.99,#,0.04
1310860007,2009,1310860,13,032,02,#,2.22,#,0.041
1310860008,2009,1310860,13,032,02,#,1.72,#,0.025
1310860009,2009,1310860,13,032,02,#,1.96,#,0.029
1310860010,2009,1310860,13,032,02,#,2.13,#,0.023
1310860011,2009,1310860,13,032,02,#,2.5,#,0.053
1310860012,2009,1310860,13,032,02,#,2.22,#,0.048
1310870001,2009,1310870,13,034,01,#,12.8,#,0.382
1310870003,2009,1310870,13,034,01,#,4.74,#,0.239
1310870005,2009,1310870,13,034,01,#,9.55,#,0.266
1310870007,2009,1310870,13,034,01,#,9.36,#,0.298
1310870009,2009,1310870,13,034,01,#,8.96,#,0.273
1310870011,2009,1310870,13,034,01,#,8.96,#,0.199
1310870013,2009,1310870,13,034,01,#,7.33,#,0.39
1310870015,2009,1310870,13,034,01,#,7.94,#,0.111
1310870017,2009,1310870,13,034,01,#,10.6,#,0.166
1310870019,2009,1310870,13,034,01,#,10.6,#,0.11
1310870021,2009,1310870,13,034,01,#,12.7,#,0.206
1310870023,2009,1310870,13,034,01,#,10,#,0.17
1310880001,2009,1310880,13,035,01,#,6.24,#,0.034
1310880003,2009,1310880,13,035,01,#,6,#,0.024
1310880005,2009,1310880,13,035,01,#,5.35,#,0.023
1310880007,2009,1310880,13,035,01,#,6.25,#,0.034
1310880009,2009,1310880,13,035,01,#,4.93,#,0.022
1310880011,2009,1310880,13,035,01,#,4.75,#,0.027
1310880013,2009,1310880,13,035,01,#,6.7,#,0.019
1310880015,2009,1310880,13,035,01,#,5.8,#,0.018
1310880017,2009,1310880,13,035,01,#,5.42,#,0.032
1310880019,2009,1310880,13,035,01,#,5.87,#,0.016
1310880021,2009,1310880,13,035,01,#,6.09,#,0.021
1310880023,2009,1310880,13,035,01,#,5.63,#,0.022
1310940001,2009,1310940,13,036,01,#,6.51,#,0.151
1310940003,2009,1310940,13,036,01,#,6.88,#,0.148
1310940005,2009,1310940,13,036,01,#,5.4,#,0.175
1310940007,2009,1310940,13,036,01,#,5.1,#,0.202
1310940009,2009,1310940,13,036,01,#,5.01,#,0.151
1310940011,2009,1310940,13,036,01,#,4.54,#,0.126
1310940013,2009,1310940,13,036,01,#,6.32,#,0.258
1310940015,2009,1310940,13,036,01,#,2.38,#,0.052
1310940017,2009,1310940,13,036,01,#,5.38,#,0.294
1310940019,2009,1310940,13,036,01,#,7.62,#,0.469
1310940021,2009,1310940,13,036,01,#,5.47,#,0.331
1310940023,2009,1310940,13,036,01,#,5.04,#,0.405
1310950001,2009,1310950,13,037,01,#,14.2,#,0.101
1310950003,2009,1310950,13,037,01,#,9.23,#,0.102
1310950005,2009,1310950,13,037,01,#,9.11,#,0.11
1310950007,2009,1310950,13,037,01,#,8.45,#,0.05
1310950009,2009,1310950,13,037,01,#,9.47,#,0.08
1310950011,2009,1310950,13,037,01,#,7.98,#,0.064
1310950013,2009,1310950,13,037,01,#,8.18,#,0.34
1310950015,2009,1310950,13,037,01,#,6.89,#,0.164
1310950017,2009,1310950,13,037,01,#,10.9,#,0.105
1310950019,2009,1310950,13,037,01,#,12.4,#,0.096
1310950021,2009,1310950,13,037,01,#,8.51,#,0.131
1310950023,2009,1310950,13,037,01,#,11.8,#,0.125
1310960001,2009,1310960,13,038,01,#,3.3,#,0.11
1310960003,2009,1310960,13,038,01,#,3.62,#,0.065
1310960005,2009,1310960,13,038,01,#,3.62,#,0.026
1310960007,2009,1310960,13,038,01,#,3.64,#,0.04
1310960009,2009,1310960,13,038,01,#,2.28,#,0.038
1310960011,2009,1310960,13,038,01,#,3.86,#,0.027
1310960013,2009,1310960,13,038,01,#,3.35,#,0.043
1310960015,2009,1310960,13,038,01,#,3.51,#,0.027
1310960017,2009,1310960,13,038,01,#,4.56,#,0.038
1310960019,2009,1310960,13,038,01,#,4.51,#,0.075
1310960021,2009,1310960,13,038,01,#,3.71,#,0.075
1310960023,2009,1310960,13,038,01,#,3.08,#,0.071
1310970004,2009,1310970,13,039,51,#,3.44,#,0.172
1310970010,2009,1310970,13,039,51,#,2.17,#,0.166
1310970016,2009,1310970,13,039,51,#,5.35,#,0.44
1310970022,2009,1310970,13,039,51,#,6.19,#,0.475
1310980001,2009,1310980,13,043,01,#,1.68,#,0.105
1310980003,2009,1310980,13,043,01,#,1.78,#,0.11
1310980005,2009,1310980,13,043,01,#,2.29,#,0.085
1310980007,2009,1310980,13,043,01,#,3.08,#,0.144
1310980009,2009,1310980,13,043,01,#,2.24,#,0.095
1310980011,2009,1310980,13,043,01,#,2.22,#,0.1
1310980013,2009,1310980,13,043,01,#,3.17,#,0.118
1310980015,2009,1310980,13,043,01,#,2.81,#,0.117
1310980017,2009,1310980,13,043,01,#,3.26,#,0.1
1310980019,2009,1310980,13,043,01,#,3.55,#,0.133
1310980021,2009,1310980,13,043,01,#,3.5,#,0.122
1310980023,2009,1310980,13,043,01,#,3.7,#,0.178
1310990001,2009,1310990,13,202,01,#,4.94,#,0.264
1310990003,2009,1310990,13,202,01,#,2.45,#,0.244
1310990005,2009,1310990,13,202,01,#,2.18,#,0.174
1310990007,2009,1310990,13,202,01,#,2.76,#,0.224
1310990009,2009,1310990,13,202,01,#,2.32,#,0.273
1310990011,2009,1310990,13,202,01,#,2.49,#,0.141
1310990013,2009,1310990,13,202,01,#,3.7,#,0.193
1310990015,2009,1310990,13,202,01,#,3.9,#,0.164
1310990017,2009,1310990,13,202,01,#,4.53,#,0.18
1310990019,2009,1310990,13,202,01,#,7.51,#,0.296
1310990021,2009,1310990,13,202,01,#,6.41,#,0.342
1310990023,2009,1310990,13,202,01,#,4.68,#,0.22
1311000001,2009,1311000,13,044,01,#,2.88,#,0.152
1311000003,2009,1311000,13,044,01,#,2.41,#,0.159
1311000005,2009,1311000,13,044,01,#,2.53,#,0.139
1311000007,2009,1311000,13,044,01,#,3.1,#,0.162
1311000009,2009,1311000,13,044,01,#,2.99,#,0.178
1311000012,2009,1311000,13,044,01,#,2.61,#,0.151
1311000013,2009,1311000,13,044,01,#,3.59,#,0.146
1311000015,2009,1311000,13,044,01,#,3.13,#,0.138
1311000017,2009,1311000,13,044,01,#,3.96,#,0.125
1311000019,2009,1311000,13,044,01,#,4.75,#,0.153
1311000021,2009,1311000,13,044,01,#,4.73,#,0.196
1311000023,2009,1311000,13,044,01,#,3.55,#,0.174
1311010001,2009,1311010,13,044,51,#,1.7,#,0.111
1311010003,2009,1311010,13,044,51,#,2,#,0.138
1311010005,2009,1311010,13,044,51,#,2.35,#,0.123
1311010007,2009,1311010,13,044,51,#,2.88,#,0.165
1311010009,2009,1311010,13,044,51,#,2.97,#,0.261
1311010011,2009,1311010,13,044,51,#,3.24,#,0.12
1311010013,2009,1311010,13,044,51,#,3.22,#,0.141
1311010015,2009,1311010,13,044,51,#,4.06,#,0.178
1311010017,2009,1311010,13,044,51,#,3.45,#,0.115
1311010019,2009,1311010,13,044,51,#,3.43,#,0.131
1311010021,2009,1311010,13,044,51,#,3.53,#,0.186
1311010023,2009,1311010,13,044,51,#,3.12,#,0.169
1311020001,2009,1311020,13,204,01,#,3.57,#,0.181
1311020002,2009,1311020,13,204,01,#,2.18,#,0.107
1311020003,2009,1311020,13,204,01,#,1.9,#,0.13
1311020004,2009,1311020,13,204,01,#,2.82,#,0.135
1311020005,2009,1311020,13,204,01,#,2.01,#,0.124
1311020006,2009,1311020,13,204,01,#,2.18,#,0.133
1311020007,2009,1311020,13,204,01,#,3.57,#,0.218
1311020008,2009,1311020,13,204,01,#,3.6,#,0.186
1311020009,2009,1311020,13,204,01,#,4.07,#,0.199
1311020010,2009,1311020,13,204,01,#,7.18,#,0.278
1311020011,2009,1311020,13,204,01,#,5.83,#,0.312
1311020012,2009,1311020,13,204,01,#,4.63,#,0.185
1311030001,2009,1311030,13,049,01,#,4.19,#,0.175
1311030003,2009,1311030,13,049,01,#,3.36,#,0.29
1311030005,2009,1311030,13,049,01,#,3.35,#,0.324
1311030007,2009,1311030,13,049,01,#,4.65,#,0.318
1311030009,2009,1311030,13,049,01,#,3.22,#,0.313
1311030011,2009,1311030,13,049,01,#,2.09,#,0.309
1311030013,2009,1311030,13,049,01,#,2.96,#,0.225
1311030015,2009,1311030,13,049,01,#,2.74,#,0.186
1311030017,2009,1311030,13,049,01,#,3.34,#,0.193
1311030019,2009,1311030,13,049,01,#,4.78,#,0.181
1311030021,2009,1311030,13,049,01,#,3.83,#,0.176
1311030023,2009,1311030,13,049,01,#,4.98,#,0.21
1311050001,2009,1311050,13,050,01,#,4.18,#,0.183
1311050003,2009,1311050,13,050,01,#,3.38,#,0.266
1311050005,2009,1311050,13,050,01,#,3.64,#,0.305
1311050007,2009,1311050,13,050,01,#,4.8,#,0.317
1311050009,2009,1311050,13,050,01,#,2.82,#,0.309
1311050011,2009,1311050,13,050,01,#,2.63,#,0.263
1311050013,2009,1311050,13,050,01,#,3.47,#,0.19
1311050015,2009,1311050,13,050,01,#,3.59,#,0.206
1311050017,2009,1311050,13,050,01,#,3.59,#,0.204
1311050019,2009,1311050,13,050,01,#,4.3,#,0.205
1311050021,2009,1311050,13,050,01,#,4.54,#,0.21
1311050024,2009,1311050,13,050,01,#,4.46,#,0.196
1311100001,2009,1311100,13,059,01,#,3.64,#,0.025
1311100003,2009,1311100,13,059,01,#,4.38,#,0.036
1311100005,2009,1311100,13,059,01,#,3.95,#,0.032
1311100007,2009,1311100,13,059,01,#,3.88,#,0.03
1311100009,2009,1311100,13,059,01,#,3.4,#,0.04
1311100011,2009,1311100,13,059,01,#,4.07,#,0.029
1311100013,2009,1311100,13,059,01,#,3.55,#,0.026
1311100015,2009,1311100,13,059,01,#,3.89,#,0.014
1311100017,2009,1311100,13,059,01,#,4.13,#,0.021
1311100019,2009,1311100,13,059,01,#,4.11,#,0.034
1311100021,2009,1311100,13,059,01,#,4.26,#,0.036
1311100023,2009,1311100,13,059,01,#,3.48,#,0.025
1311110001,2009,1311110,13,041,01,#,2.04,#,0.077
1311110003,2009,1311110,13,041,01,#,2.42,#,0.023
1311110005,2009,1311110,13,041,01,#,3.2,#,0.04
1311110007,2009,1311110,13,041,01,#,2.16,#,0.028
1311110009,2009,1311110,13,041,01,#,2.4,#,0.016
1311110011,2009,1311110,13,041,01,#,2.68,#,0.023
1311110013,2009,1311110,13,041,01,#,3.36,#,0.02
1311110015,2009,1311110,13,041,01,#,3.23,#,0.006
1311110017,2009,1311110,13,041,01,#,3.14,#,0.009
1311110019,2009,1311110,13,041,01,#,2.25,#,0.015
1311110021,2009,1311110,13,041,01,#,1.82,#,0.018
1311110023,2009,1311110,13,041,01,#,2.24,#,0.012
1311130001,2009,1311130,13,215,01,#,7.23,#,0.034
1311130003,2009,1311130,13,215,01,#,4.51,#,0.027
1311130005,2009,1311130,13,215,01,#,5.85,#,0.033
1311130007,2009,1311130,13,215,01,#,6.82,#,0.03
1311130009,2009,1311130,13,215,01,#,6.65,#,0.024
1311130011,2009,1311130,13,215,01,#,6.35,#,0.029
1311130013,2009,1311130,13,215,01,#,7.03,#,0.021
1311130015,2009,1311130,13,215,01,#,6.03,#,0.048
1311130017,2009,1311130,13,215,01,#,6.59,#,0.033
1311130019,2009,1311130,13,215,01,#,6.74,#,0.02
1311130021,2009,1311130,13,215,01,#,6.83,#,0.029
1311130023,2009,1311130,13,215,01,#,6.28,#,0.023
1311140001,2009,1311140,13,005,54,#,4.2,#,0.266
1311140003,2009,1311140,13,005,54,#,2.54,#,0.21
1311140005,2009,1311140,13,005,54,#,2.6,#,0.181
1311140007,2009,1311140,13,005,54,#,3.35,#,0.214
1311140009,2009,1311140,13,005,54,#,2.58,#,0.199
1311140012,2009,1311140,13,005,54,#,2.78,#,0.179
1311140014,2009,1311140,13,005,54,#,3.81,#,0.194
1311140015,2009,1311140,13,005,54,#,4.05,#,0.19
1311140017,2009,1311140,13,005,54,#,4.16,#,0.182
1311140019,2009,1311140,13,005,54,#,7.25,#,0.265
1311140022,2009,1311140,13,005,54,#,4.43,#,0.303
1311140023,2009,1311140,13,005,54,#,3.92,#,0.209
1311160001,2009,1311160,13,042,01,#,2.35,#,0.085
1311160003,2009,1311160,13,042,01,#,1.29,#,0.072
1311160005,2009,1311160,13,042,01,#,1.8,#,0.08
1311160007,2009,1311160,13,042,01,#,1.61,#,0.081
1311160009,2009,1311160,13,042,01,#,2.04,#,0.049
1311160011,2009,1311160,13,042,01,#,2.18,#,0.059
1311160013,2009,1311160,13,042,01,#,2.16,#,0.065
1311160015,2009,1311160,13,042,01,#,1.72,#,0.033
1311160017,2009,1311160,13,042,01,#,1.89,#,0.046
1311160019,2009,1311160,13,042,01,#,2.08,#,0.055
1311160021,2009,1311160,13,042,01,#,2.41,#,0.079
1311160023,2009,1311160,13,042,01,#,2.12,#,0.07
1311170001,2009,1311170,13,056,01,#,0.92,#,0.008
1311170002,2009,1311170,13,056,01,#,0.73,#,0.016
1311170003,2009,1311170,13,056,01,#,0.81,#,0.017
1311170004,2009,1311170,13,056,01,#,0.87,#,0.017
1311170005,2009,1311170,13,056,01,#,1.06,#,0.018
1311170006,2009,1311170,13,056,01,#,0.89,#,0.017
1311170007,2009,1311170,13,056,01,#,0.95,#,0.019
1311170008,2009,1311170,13,056,01,#,0.76,#,0.013
1311170009,2009,1311170,13,056,01,#,0.83,#,0.011
1311170010,2009,1311170,13,056,01,#,0.87,#,0.012
1311170011,2009,1311170,13,056,01,#,0.91,#,0.018
1311170012,2009,1311170,13,056,01,#,0.98,#,0.016
1311200001,2009,1311200,13,219,01,#,2.86,#,0.29
1311200003,2009,1311200,13,219,01,#,2.72,#,0.221
1311200005,2009,1311200,13,219,01,#,2.71,#,0.231
1311200007,2009,1311200,13,219,01,#,3.32,#,0.286
1311200009,2009,1311200,13,219,01,#,3.26,#,0.294
1311200012,2009,1311200,13,219,01,#,2.93,#,0.186
1311200013,2009,1311200,13,219,01,#,3.64,#,0.167
1311200015,2009,1311200,13,219,01,#,4.05,#,0.154
1311200017,2009,1311200,13,219,01,#,3.93,#,0.159
1311200019,2009,1311200,13,219,01,#,6.99,#,0.325
1311200021,2009,1311200,13,219,01,#,4.45,#,0.265
1311200023,2009,1311200,13,219,01,#,4,#,0.219
1311210002,2009,1311210,13,054,01,#,2.95,#,0.038
1311210004,2009,1311210,13,054,01,#,3.36,#,0.039
1311210005,2009,1311210,13,054,01,#,3.04,#,0.031
1311210008,2009,1311210,13,054,01,#,3.24,#,0.038
1311210010,2009,1311210,13,054,01,#,2.98,#,0.026
1311210012,2009,1311210,13,054,01,#,3.21,#,0.024
1311210014,2009,1311210,13,054,01,#,1.78,#,0.023
1311210015,2009,1311210,13,054,01,#,3.79,#,0.022
1311210018,2009,1311210,13,054,01,#,3.6,#,0.033
1311210020,2009,1311210,13,054,01,#,3.34,#,0.034
1311210022,2009,1311210,13,054,01,#,3.21,#,0.053
1311210024,2009,1311210,13,054,01,#,3.12,#,0.037
1311220002,2009,1311220,13,055,01,#,3.22,#,0.067
1311220004,2009,1311220,13,055,01,#,2.88,#,0.05
1311220005,2009,1311220,13,055,01,#,3.07,#,0.05
1311220008,2009,1311220,13,055,01,#,3.28,#,0.066
1311220010,2009,1311220,13,055,01,#,3.05,#,0.047
1311220012,2009,1311220,13,055,01,#,3.6,#,0.048
1311220014,2009,1311220,13,055,01,#,3.43,#,0.039
1311220015,2009,1311220,13,055,01,#,3.39,#,0.053
1311220018,2009,1311220,13,055,01,#,3.05,#,0.049
1311220020,2009,1311220,13,055,01,#,3.49,#,0.052
1311220022,2009,1311220,13,055,01,#,3.61,#,0.063
1311220024,2009,1311220,13,055,01,#,3.33,#,0.07
1311230001,2009,1311230,13,029,51,#,2.24,#,0.064
1311230002,2009,1311230,13,029,51,#,1.55,#,0.042
1311230003,2009,1311230,13,029,51,#,1.93,#,0.044
1311230004,2009,1311230,13,029,51,#,1.29,#,0.057
1311230005,2009,1311230,13,029,51,#,1.13,#,0.042
1311230006,2009,1311230,13,029,51,#,1.25,#,0.04
1311230007,2009,1311230,13,029,51,#,1.75,#,0.033
1311230008,2009,1311230,13,029,51,#,1.42,#,0.023
1311230009,2009,1311230,13,029,51,#,1.45,#,0.037
1311230010,2009,1311230,13,029,51,#,1.57,#,0.03
1311230011,2009,1311230,13,029,51,#,1.16,#,0.024
1311230012,2009,1311230,13,029,51,#,1.17,#,0.031
1311260001,2009,1311260,13,222,01,#,10.2,#,0.066
1311260003,2009,1311260,13,222,01,#,9.88,#,0.351
1311260005,2009,1311260,13,222,01,#,8.77,#,0.094
1311260007,2009,1311260,13,222,01,#,10.1,#,0.082
1311260009,2009,1311260,13,222,01,#,9.77,#,0.048
1311260011,2009,1311260,13,222,01,#,8.65,#,0.064
1311260013,2009,1311260,13,222,01,#,8.54,#,0.066
1311260015,2009,1311260,13,222,01,#,8.87,#,0.447
1311260017,2009,1311260,13,222,01,#,8.16,#,0.061
1311260019,2009,1311260,13,222,01,#,10.6,#,0.058
1311260021,2009,1311260,13,222,01,#,8.29,#,0.079
1311260023,2009,1311260,13,222,01,#,8.97,#,0.119
1311270001,2009,1311270,13,047,01,#,6.98,#,0.611
1311270003,2009,1311270,13,047,01,#,5.74,#,0.553
1311270005,2009,1311270,13,047,01,#,5.81,#,0.523
1311270007,2009,1311270,13,047,01,#,7.4,#,0.657
1311270009,2009,1311270,13,047,01,#,5.85,#,0.562
1311270011,2009,1311270,13,047,01,#,4.36,#,0.529
1311270013,2009,1311270,13,047,01,#,5.56,#,0.561
1311270015,2009,1311270,13,047,01,#,4.86,#,0.071
1311270017,2009,1311270,13,047,01,#,5.66,#,0.543
1311270019,2009,1311270,13,047,01,#,7.35,#,0.606
1311270021,2009,1311270,13,047,01,#,6.55,#,0.491
1311270023,2009,1311270,13,047,01,#,7.11,#,0.433
1311280001,2009,1311280,13,040,01,#,3.84,#,0.222
1311280003,2009,1311280,13,040,01,#,3.4,#,0.29
1311280005,2009,1311280,13,040,01,#,3.51,#,0.359
1311280007,2009,1311280,13,040,01,#,4.58,#,0.314
1311280009,2009,1311280,13,040,01,#,3.33,#,0.371
1311280011,2009,1311280,13,040,01,#,2.19,#,0.285
1311280013,2009,1311280,13,040,01,#,3.48,#,0.191
1311280015,2009,1311280,13,040,01,#,3.01,#,0.204
1311280017,2009,1311280,13,040,01,#,3.57,#,0.192
1311280019,2009,1311280,13,040,01,#,4.92,#,0.205
1311280021,2009,1311280,13,040,01,#,3.97,#,0.165
1311280023,2009,1311280,13,040,01,#,4.99,#,0.203
1311290001,2009,1311290,13,045,01,#,4.63,#,0.187
1311290003,2009,1311290,13,045,01,#,3.25,#,0.275
1311290005,2009,1311290,13,045,01,#,3.95,#,0.306
1311290007,2009,1311290,13,045,01,#,5.08,#,0.3
1311290009,2009,1311290,13,045,01,#,3.09,#,0.295
1311290011,2009,1311290,13,045,01,#,3.12,#,0.257
1311290013,2009,1311290,13,045,01,#,4.19,#,0.207
1311290015,2009,1311290,13,045,01,#,3.63,#,0.201
1311290017,2009,1311290,13,045,01,#,3.58,#,0.216
1311290019,2009,1311290,13,045,01,#,4,#,0.192
1311290021,2009,1311290,13,045,01,#,4.62,#,0.21
1311290023,2009,1311290,13,045,01,#,4.47,#,0.188
1311300001,2009,1311300,13,048,01,#,4.49,#,0.156
1311300003,2009,1311300,13,048,01,#,3.64,#,0.277
1311300005,2009,1311300,13,048,01,#,4.05,#,0.333
1311300007,2009,1311300,13,048,01,#,5.36,#,0.303
1311300009,2009,1311300,13,048,01,#,4.07,#,0.283
1311300011,2009,1311300,13,048,01,#,2.34,#,0.302
1311300013,2009,1311300,13,048,01,#,3.84,#,0.197
1311300015,2009,1311300,13,048,01,#,2.39,#,0.232
1311300017,2009,1311300,13,048,01,#,3.47,#,0.198
1311300019,2009,1311300,13,048,01,#,4.51,#,0.188
1311300021,2009,1311300,13,048,01,#,4.33,#,0.218
1311300023,2009,1311300,13,048,01,#,4.46,#,0.203
1311310001,2009,1311310,13,046,01,#,6.04,#,0.219
1311310003,2009,1311310,13,046,01,#,3.75,#,0.27
1311310005,2009,1311310,13,046,01,#,3.91,#,0.287
1311310007,2009,1311310,13,046,01,#,5.42,#,0.268
1311310009,2009,1311310,13,046,01,#,3.87,#,0.351
1311310011,2009,1311310,13,046,01,#,2.85,#,0.253
1311310013,2009,1311310,13,046,01,#,3.91,#,0.199
1311310015,2009,1311310,13,046,01,#,3.97,#,0.203
1311310017,2009,1311310,13,046,01,#,3.68,#,0.223
1311310019,2009,1311310,13,046,01,#,3.68,#,0.201
1311310021,2009,1311310,13,046,01,#,4.36,#,0.21
1311310023,2009,1311310,13,046,01,#,4.64,#,0.2
1311320001,2009,1311320,13,057,01,#,0.72,#,0.006
1311320002,2009,1311320,13,057,01,#,1.42,#,0.014
1311320003,2009,1311320,13,057,01,#,1.06,#,0.014
1311320004,2009,1311320,13,057,01,#,1.14,#,0.015
1311320005,2009,1311320,13,057,01,#,1.46,#,0.016
1311320006,2009,1311320,13,057,01,#,1.25,#,0.025
1311320007,2009,1311320,13,057,01,#,1.24,#,0.02
1311320008,2009,1311320,13,057,01,#,1.07,#,0.013
1311320009,2009,1311320,13,057,01,#,1.05,#,0.01
1311320010,2009,1311320,13,057,01,#,0.99,#,0.015
1311320011,2009,1311320,13,057,01,#,0.99,#,0.009
1311320012,2009,1311320,13,057,01,#,1.29,#,0.008
1311330001,2009,1311330,13,058,01,#,1.03,#,0.013
1311330002,2009,1311330,13,058,01,#,0.87,#,0.016
1311330003,2009,1311330,13,058,01,#,1.15,#,0.018
1311330004,2009,1311330,13,058,01,#,1.16,#,0.022
1311330005,2009,1311330,13,058,01,#,1.37,#,0.021
1311330006,2009,1311330,13,058,01,#,1.33,#,0.022
1311330007,2009,1311330,13,058,01,#,1.42,#,0.029
1311330008,2009,1311330,13,058,01,#,1.19,#,0.017
1311330009,2009,1311330,13,058,01,#,1.15,#,0.014
1311330010,2009,1311330,13,058,01,#,1.13,#,0.01
1311330011,2009,1311330,13,058,01,#,1.19,#,0.015
1311330012,2009,1311330,13,058,01,#,1.36,#,0.013
1311340002,2009,1311340,13,053,01,#,3.41,#,0.108
1311340004,2009,1311340,13,053,01,#,3.13,#,0.066
1311340005,2009,1311340,13,053,01,#,2.83,#,0.056
1311340008,2009,1311340,13,053,01,#,2.65,#,0.075
1311340010,2009,1311340,13,053,01,#,3.02,#,0.056
1311340012,2009,1311340,13,053,01,#,2.51,#,0.062
1311340014,2009,1311340,13,053,01,#,4.22,#,0.046
1311340015,2009,1311340,13,053,01,#,3.5,#,0.051
1311340018,2009,1311340,13,053,01,#,3.25,#,0.054
1311340020,2009,1311340,13,053,01,#,3.9,#,0.08
1311340022,2009,1311340,13,053,01,#,3.55,#,0.076
1311340024,2009,1311340,13,053,01,#,3.11,#,0.071
1311350002,2009,1311350,13,051,01,#,2.2,#,0.026
1311350004,2009,1311350,13,051,01,#,1.57,#,0.024
1311350005,2009,1311350,13,051,01,#,1.45,#,0.029
1311350008,2009,1311350,13,051,01,#,1.87,#,0.032
1311350010,2009,1311350,13,051,01,#,1.85,#,0.025
1311350012,2009,1311350,13,051,01,#,1.78,#,0.022
1311350014,2009,1311350,13,051,01,#,3.74,#,0.016
1311350015,2009,1311350,13,051,01,#,1.58,#,0.015
1311350018,2009,1311350,13,051,01,#,1.57,#,0.017
1311350020,2009,1311350,13,051,01,#,1.43,#,0.017
1311350022,2009,1311350,13,051,01,#,1.67,#,0.017
1311350024,2009,1311350,13,051,01,#,1.55,#,0.03
1311360001,2009,1311360,13,052,01,#,3.66,#,0.14
1311360003,2009,1311360,13,052,01,#,2.62,#,0.096
1311360005,2009,1311360,13,052,01,#,2.57,#,0.123
1311360007,2009,1311360,13,052,01,#,2.84,#,0.159
1311360009,2009,1311360,13,052,01,#,2.74,#,0.155
1311360011,2009,1311360,13,052,01,#,2.72,#,0.123
1311360013,2009,1311360,13,052,01,#,2.32,#,0.114
1311360015,2009,1311360,13,052,01,#,2.4,#,0.068
1311360017,2009,1311360,13,052,01,#,2.9,#,0.099
1311360019,2009,1311360,13,052,01,#,3.14,#,0.107
1311360021,2009,1311360,13,052,01,#,2.97,#,0.1
1311360023,2009,1311360,13,052,01,#,2.87,#,0.109
1320010001,2009,1320010,13,501,51,#,0.7,#,0.008
1320010002,2009,1320010,13,501,51,#,0.73,#,0.01
1320010003,2009,1320010,13,501,51,#,1.22,#,0.026
1320010004,2009,1320010,13,501,51,#,0.85,#,0.006
1320010005,2009,1320010,13,501,51,#,0.53,#,0.009
1320010006,2009,1320010,13,501,51,#,0.61,#,0.005
1320010007,2009,1320010,13,501,51,#,0.26,#,0.005
1320010008,2009,1320010,13,501,51,#,0.53,#,0.005
1320010009,2009,1320010,13,501,51,#,0.27,#,0.005
1320010010,2009,1320010,13,501,51,#,0.55,#,0.005
1320010011,2009,1320010,13,501,51,#,0.43,#,0.005
1320010012,2009,1320010,13,501,51,#,0.56,#,0.003
1320010013,2009,1320010,13,501,51,#,0.48,#,0.009
1320010014,2009,1320010,13,501,51,#,0.58,#,0.007
1320010015,2009,1320010,13,501,51,#,0.53,#,0.005
1320010016,2009,1320010,13,501,51,#,0.67,#,0.006
1320010017,2009,1320010,13,501,51,#,0.56,#,0.005
1320010018,2009,1320010,13,501,51,#,0.65,#,0.007
1320010019,2009,1320010,13,501,51,#,0.87,#,0.008
1320010020,2009,1320010,13,501,51,#,0.69,#,0.011
1320010021,2009,1320010,13,501,51,#,0.57,#,0.006
1320010022,2009,1320010,13,501,51,#,0.96,#,0.007
1320010023,2009,1320010,13,501,51,#,0.53,#,0.003
1320010024,2009,1320010,13,501,51,#,0.49,#,0.003
1320020001,2009,1320020,13,501,01,#,0.66,#,0.003
1320020002,2009,1320020,13,501,01,#,0.52,#,0.003
1320020003,2009,1320020,13,501,01,#,0.4,#,0.007
1320020004,2009,1320020,13,501,01,#,1.05,#,0.008
1320020005,2009,1320020,13,501,01,#,0.77,#,0.003
1320020006,2009,1320020,13,501,01,#,0.61,#,0.005
1320020007,2009,1320020,13,501,01,#,0.68,#,0.008
1320020008,2009,1320020,13,501,01,#,0.58,#,0.003
1320020009,2009,1320020,13,501,01,#,0.43,#,0.006
1320020010,2009,1320020,13,501,01,#,0.32,#,0.003
1320020011,2009,1320020,13,501,01,#,0.51,#,0.001
1320020012,2009,1320020,13,501,01,#,0.36,#,0.004
1320020013,2009,1320020,13,501,01,#,0.29,#,0.006
1320020014,2009,1320020,13,501,01,#,0.55,#,0.003
1320020015,2009,1320020,13,501,01,#,0.39,#,0.006
1320020016,2009,1320020,13,501,01,#,0.44,#,0.003
1320020017,2009,1320020,13,501,01,#,0.59,#,0.001
1320020018,2009,1320020,13,501,01,#,0.49,#,0.003
1320020019,2009,1320020,13,501,01,#,0.72,#,0.008
1320020020,2009,1320020,13,501,01,#,0.67,#,0.002
1320020021,2009,1320020,13,501,01,#,0.45,#,0.006
1320020022,2009,1320020,13,501,01,#,0.57,#,0.004
1320020023,2009,1320020,13,501,01,#,0.62,#,0.002
1320020024,2009,1320020,13,501,01,#,0.45,#,0.004
1320020025,2009,1320020,13,501,01,#,0.51,#,0.004
1320020026,2009,1320020,13,501,01,#,0.6,#,0.003
1320020027,2009,1320020,13,501,01,#,0.47,#,0.003
1320020028,2009,1320020,13,501,01,#,0.66,#,0.003
1320020029,2009,1320020,13,501,01,#,0.59,#,0.004
1320020030,2009,1320020,13,501,01,#,0.3,#,0.006
1320020031,2009,1320020,13,501,01,#,0.73,#,0.004
1320020032,2009,1320020,13,501,01,#,0.59,#,0.006
1320020033,2009,1320020,13,501,01,#,0.36,#,0.006
1320020034,2009,1320020,13,501,01,#,0.5,#,0.001
1320020035,2009,1320020,13,501,01,#,0.53,#,0.002
1320020036,2009,1320020,13,501,01,#,0.57,#,0.003
1330010001,2009,1330010,13,601,01,#,2.52,#,0.113
1330010002,2009,1330010,13,601,01,#,1.15,#,0.098
1330010003,2009,1330010,13,601,01,#,2.84,#,0.221
1330010004,2009,1330010,13,601,01,#,0.95,#,0.113
1330010005,2009,1330010,13,601,01,#,2.19,#,0.221
1330010006,2009,1330010,13,601,01,#,0.72,#,0.117
1330010007,2009,1330010,13,601,01,#,3.93,#,0.332
1330010008,2009,1330010,13,601,01,#,0.79,#,0.179
1330010009,2009,1330010,13,601,01,#,3.35,#,0.333
1330010010,2009,1330010,13,601,01,#,0.56,#,0.145
1330010012,2009,1330010,13,601,01,#,1.52,#,0.2
1330010013,2009,1330010,13,601,01,#,0.71,#,0.141
1330010014,2009,1330010,13,601,01,#,2.23,#,0.199
1330010015,2009,1330010,13,601,01,#,0.83,#,0.105
1330010016,2009,1330010,13,601,01,#,1.48,#,0.12
1330010017,2009,1330010,13,601,01,#,0.75,#,0.079
1330010018,2009,1330010,13,601,01,#,1.63,#,0.117
1330010019,2009,1330010,13,601,01,#,0.84,#,0.072
1330010020,2009,1330010,13,601,01,#,1.58,#,0.097
1330010021,2009,1330010,13,601,01,#,0.68,#,0.062
1330010022,2009,1330010,13,601,01,#,2.15,#,0.106
1330010023,2009,1330010,13,601,01,#,0.92,#,0.045
1330010025,2009,1330010,13,601,01,#,2.45,#,0.123
1330010026,2009,1330010,13,601,01,#,1.25,#,0.076
1330020001,2009,1330020,13,601,02,#,1.51,#,0.074
1330020002,2009,1330020,13,601,02,#,1.06,#,0.126
1330020003,2009,1330020,13,601,02,#,1.77,#,0.239
1330020004,2009,1330020,13,601,02,#,0.75,#,0.133
1330020005,2009,1330020,13,601,02,#,2.04,#,0.253
1330020006,2009,1330020,13,601,02,#,0.7,#,0.157
1330020007,2009,1330020,13,601,02,#,2.13,#,0.201
1330020008,2009,1330020,13,601,02,#,1.18,#,0.169
1330020009,2009,1330020,13,601,02,#,1.68,#,0.16
1330020010,2009,1330020,13,601,02,#,0.41,#,0.136
1330020012,2009,1330020,13,601,02,#,1.48,#,0.206
1330020013,2009,1330020,13,601,02,#,0.69,#,0.148
1330020014,2009,1330020,13,601,02,#,1.62,#,0.171
1330020015,2009,1330020,13,601,02,#,0.71,#,0.096
1330020016,2009,1330020,13,601,02,#,1.47,#,0.118
1330020017,2009,1330020,13,601,02,#,0.62,#,0.069
1330020018,2009,1330020,13,601,02,#,1.54,#,0.106
1330020019,2009,1330020,13,601,02,#,0.67,#,0.061
1330020020,2009,1330020,13,601,02,#,1.4,#,0.088
1330020021,2009,1330020,13,601,02,#,0.69,#,0.058
1330020022,2009,1330020,13,601,02,#,1.48,#,0.07
1330020023,2009,1330020,13,601,02,#,0.87,#,0.043
1330020025,2009,1330020,13,601,02,#,1.87,#,0.103
1330020026,2009,1330020,13,601,02,#,1.06,#,0.066
1330030001,2009,1330030,13,601,03,#,2.13,#,0.106
1330030002,2009,1330030,13,601,03,#,1.04,#,0.074
1330030003,2009,1330030,13,601,03,#,3.25,#,0.151
1330030004,2009,1330030,13,601,03,#,0.92,#,0.056
1330030005,2009,1330030,13,601,03,#,2.38,#,0.252
1330030006,2009,1330030,13,601,03,#,0.53,#,0.091
1330030007,2009,1330030,13,601,03,#,3.27,#,0.341
1330030008,2009,1330030,13,601,03,#,0.8,#,0.155
1330030009,2009,1330030,13,601,03,#,2.5,#,0.233
1330030010,2009,1330030,13,601,03,#,0.46,#,0.134
1330030012,2009,1330030,13,601,03,#,1.94,#,0.222
1330030013,2009,1330030,13,601,03,#,0.64,#,0.128
1330030014,2009,1330030,13,601,03,#,2.32,#,0.213
1330030015,2009,1330030,13,601,03,#,0.76,#,0.092
1330030016,2009,1330030,13,601,03,#,1.98,#,0.174
1330030017,2009,1330030,13,601,03,#,0.61,#,0.065
1330030018,2009,1330030,13,601,03,#,2.5,#,0.156
1330030019,2009,1330030,13,601,03,#,0.53,#,0.052
1330030020,2009,1330030,13,601,03,#,1.55,#,0.096
1330030021,2009,1330030,13,601,03,#,0.48,#,0.047
1330030022,2009,1330030,13,601,03,#,2.05,#,0.093
1330030023,2009,1330030,13,601,03,#,0.67,#,0.049
1330030025,2009,1330030,13,601,03,#,2.27,#,0.126
1330030026,2009,1330030,13,601,03,#,0.83,#,0.052
1330040001,2009,1330040,13,601,04,#,5.06,#,0.57
1330040002,2009,1330040,13,601,04,#,1.61,#,0.139
1330040003,2009,1330040,13,601,04,#,3.55,#,0.267
1330040004,2009,1330040,13,601,04,#,1.77,#,0.163
1330040005,2009,1330040,13,601,04,#,5.81,#,0.508
1330040006,2009,1330040,13,601,04,#,1.26,#,0.129
1330040007,2009,1330040,13,601,04,#,2.94,#,0.316
1330040008,2009,1330040,13,601,04,#,1.23,#,0.167
1330040009,2009,1330040,13,601,04,#,4.9,#,0.431
1330040010,2009,1330040,13,601,04,#,2.12,#,0.245
1330040012,2009,1330040,13,601,04,#,1.93,#,0.224
1330040013,2009,1330040,13,601,04,#,1.05,#,0.157
1330040014,2009,1330040,13,601,04,#,2.91,#,0.354
1330040015,2009,1330040,13,601,04,#,1.07,#,0.137
1330040016,2009,1330040,13,601,04,#,2.86,#,0.278
1330040017,2009,1330040,13,601,04,#,1.28,#,0.119
1330040018,2009,1330040,13,601,04,#,2.99,#,0.225
1330040019,2009,1330040,13,601,04,#,1.07,#,0.086
1330040020,2009,1330040,13,601,04,#,3.07,#,0.208
1330040021,2009,1330040,13,601,04,#,1.08,#,0.082
1330040022,2009,1330040,13,601,04,#,2.97,#,0.179
1330040023,2009,1330040,13,601,04,#,1.86,#,0.113
1330040025,2009,1330040,13,601,04,#,5.16,#,0.447
1330040026,2009,1330040,13,601,04,#,1.46,#,0.083
1330050001,2009,1330050,13,601,51,#,4.14,#,0.254
1330050002,2009,1330050,13,601,51,#,2.57,#,0.27
1330050003,2009,1330050,13,601,51,#,2.93,#,0.168
1330050004,2009,1330050,13,601,51,#,2.23,#,0.132
1330060001,2009,1330060,13,601,52,#,4.02,#,0.321
1330060002,2009,1330060,13,601,52,#,0.9,#,0.209
1330060003,2009,1330060,13,601,52,#,2.48,#,0.154
1330060004,2009,1330060,13,601,52,#,0.76,#,0.062
1330070001,2009,1330070,13,601,53,#,2.08,#,0.239
1330070002,2009,1330070,13,601,53,#,1.33,#,0.177
1330070003,2009,1330070,13,601,53,#,1.39,#,0.093
1330070004,2009,1330070,13,601,53,#,0.98,#,0.075
1330080001,2009,1330080,13,601,54,#,2.77,#,0.196
1330080002,2009,1330080,13,601,54,#,1.35,#,0.206
1330080003,2009,1330080,13,601,54,#,1.91,#,0.122
1330080004,2009,1330080,13,601,54,#,1.19,#,0.097
1330090001,2009,1330090,13,601,55,#,2.11,#,0.214
1330090002,2009,1330090,13,601,55,#,0.84,#,0.178
1330090003,2009,1330090,13,601,55,#,1.36,#,0.086
1330090004,2009,1330090,13,601,55,#,0.65,#,0.062
1330110001,2009,1330110,13,601,57,#,1.91,#,0.181
1330110002,2009,1330110,13,601,57,#,1.3,#,0.128
1330110003,2009,1330110,13,601,57,#,2.66,#,0.158
1330110004,2009,1330110,13,601,57,#,1.11,#,0.081
1330120001,2009,1330120,13,601,58,#,3.62,#,0.339
1330120003,2009,1330120,13,601,58,#,5.27,#,0.439
1330130001,2009,1330130,13,601,59,#,4.82,#,0.498
1330130003,2009,1330130,13,601,59,#,4.16,#,0.364
1330130005,2009,1330130,13,601,59,#,4.49,#,0.52
1330130007,2009,1330130,13,601,59,#,4.42,#,0.387
1330130009,2009,1330130,13,601,59,#,2.79,#,0.305
1330130011,2009,1330130,13,601,59,#,4.94,#,1.17
1330130013,2009,1330130,13,601,59,#,6.34,#,0.385
1330130015,2009,1330130,13,601,59,#,7.14,#,0.712
1330130017,2009,1330130,13,601,59,#,5.17,#,0.398
1330130019,2009,1330130,13,601,59,#,4.71,#,0.466
1330130021,2009,1330130,13,601,59,#,7.05,#,0.56
1330130023,2009,1330130,13,601,59,#,7.78,#,0.672
1330150001,2009,1330150,13,601,61,#,4.64,#,0.486
1330150003,2009,1330150,13,601,61,#,3.41,#,0.349
1330150005,2009,1330150,13,601,61,#,4.52,#,0.529
1330150007,2009,1330150,13,601,61,#,3.86,#,0.338
1330150009,2009,1330150,13,601,61,#,2.78,#,0.383
1330150011,2009,1330150,13,601,61,#,3.09,#,0.528
1330150013,2009,1330150,13,601,61,#,2.99,#,0.225
1330150015,2009,1330150,13,601,61,#,5.85,#,0.576
1330150017,2009,1330150,13,601,61,#,4.66,#,0.379
1330150019,2009,1330150,13,601,61,#,3.4,#,0.266
1330150021,2009,1330150,13,601,61,#,6.83,#,0.521
1330150023,2009,1330150,13,601,61,#,7.03,#,0.621
1330170001,2009,1330170,13,601,63,#,3.16,#,0.28
1330170003,2009,1330170,13,601,63,#,3.01,#,0.167
1330180001,2009,1330180,13,601,64,#,3.83,#,0.268
1330180003,2009,1330180,13,601,64,#,3.32,#,0.315
1330180005,2009,1330180,13,601,64,#,4.09,#,0.34
1330180007,2009,1330180,13,601,64,#,3.38,#,0.3
1330180009,2009,1330180,13,601,64,#,2.29,#,0.341
1330180011,2009,1330180,13,601,64,#,2.54,#,0.322
1330180013,2009,1330180,13,601,64,#,3.2,#,0.243
1330180015,2009,1330180,13,601,64,#,3.09,#,0.294
1330180017,2009,1330180,13,601,64,#,2.65,#,0.167
1330180019,2009,1330180,13,601,64,#,2.59,#,0.162
1330180021,2009,1330180,13,601,64,#,3.91,#,0.262
1330180023,2009,1330180,13,601,64,#,4.65,#,0.302
1330190001,2009,1330190,13,601,65,#,3.28,#,0.299
1330190003,2009,1330190,13,601,65,#,2.32,#,0.161
1330210001,2009,1330210,13,601,67,#,3.13,#,0.291
1330210003,2009,1330210,13,601,67,#,2.19,#,0.135
1330220001,2009,1330220,13,601,68,#,3.46,#,0.248
1330220003,2009,1330220,13,601,68,#,1.97,#,0.13
1330230001,2009,1330230,13,601,69,#,3.8,#,0.235
1330230003,2009,1330230,13,601,69,#,2.52,#,0.247
1330230005,2009,1330230,13,601,69,#,3.72,#,0.29
1330230007,2009,1330230,13,601,69,#,2.93,#,0.238
1330230009,2009,1330230,13,601,69,#,2.65,#,0.305
1330230011,2009,1330230,13,601,69,#,2.12,#,0.239
1330230013,2009,1330230,13,601,69,#,2.55,#,0.189
1330230015,2009,1330230,13,601,69,#,2.21,#,0.168
1330230017,2009,1330230,13,601,69,#,2.47,#,0.138
1330230019,2009,1330230,13,601,69,#,2.05,#,0.127
1330230021,2009,1330230,13,601,69,#,2.46,#,0.135
1330230023,2009,1330230,13,601,69,#,4.35,#,0.248
1330240001,2009,1330240,13,601,70,#,3.68,#,0.29
1330240003,2009,1330240,13,601,70,#,3.12,#,0.308
1330240005,2009,1330240,13,601,70,#,3.45,#,0.336
1330240007,2009,1330240,13,601,70,#,3.42,#,0.317
1330240009,2009,1330240,13,601,70,#,2.98,#,0.4
1330240011,2009,1330240,13,601,70,#,2.77,#,0.436
1330240013,2009,1330240,13,601,70,#,2.7,#,0.216
1330240015,2009,1330240,13,601,70,#,3.95,#,0.341
1330240017,2009,1330240,13,601,70,#,2.59,#,0.171
1330240019,2009,1330240,13,601,70,#,2.06,#,0.114
1330240021,2009,1330240,13,601,70,#,4.3,#,0.306
1330240023,2009,1330240,13,601,70,#,4.46,#,0.321
1330250001,2009,1330250,13,601,71,#,2.67,#,0.25
1330250003,2009,1330250,13,601,71,#,2.01,#,0.124
1330260001,2009,1330260,13,601,72,#,3.44,#,0.232
1330260003,2009,1330260,13,601,72,#,2.15,#,0.212
1330260005,2009,1330260,13,601,72,#,3.08,#,0.277
1330260007,2009,1330260,13,601,72,#,2.77,#,0.372
1330260009,2009,1330260,13,601,72,#,2,#,0.262
1330260011,2009,1330260,13,601,72,#,1.78,#,0.223
1330260013,2009,1330260,13,601,72,#,1.73,#,0.173
1330260015,2009,1330260,13,601,72,#,1.31,#,0.107
1330260017,2009,1330260,13,601,72,#,1.75,#,0.106
1330260019,2009,1330260,13,601,72,#,1.65,#,0.106
1330260021,2009,1330260,13,601,72,#,1.44,#,0.086
1330260023,2009,1330260,13,601,72,#,3.32,#,0.205
1330280001,2009,1330280,13,601,74,#,10.8,#,0.497
1330280002,2009,1330280,13,601,74,#,4.96,#,0.312
1330280003,2009,1330280,13,601,74,#,11.2,#,0.477
1330280004,2009,1330280,13,601,74,#,2.89,#,0.259
1330280005,2009,1330280,13,601,74,#,10.2,#,0.625
1330280006,2009,1330280,13,601,74,#,4.77,#,0.448
1330280007,2009,1330280,13,601,74,#,11.4,#,0.492
1330280008,2009,1330280,13,601,74,#,3.68,#,0.275
1330280009,2009,1330280,13,601,74,#,7.38,#,0.758
1330280010,2009,1330280,13,601,74,#,5.22,#,0.523
1330280011,2009,1330280,13,601,74,#,5.96,#,0.627
1330280012,2009,1330280,13,601,74,#,4.73,#,0.481
1330280013,2009,1330280,13,601,74,#,11,#,0.602
1330280014,2009,1330280,13,601,74,#,1.63,#,0.256
1330280015,2009,1330280,13,601,74,#,15.2,#,0.803
1330280016,2009,1330280,13,601,74,#,6.74,#,0.353
1330280017,2009,1330280,13,601,74,#,18,#,0.574
1330280018,2009,1330280,13,601,74,#,3.56,#,0.213
1330280019,2009,1330280,13,601,74,#,18.5,#,0.672
1330280020,2009,1330280,13,601,74,#,5.48,#,0.269
1330280021,2009,1330280,13,601,74,#,12.4,#,0.666
1330280022,2009,1330280,13,601,74,#,1.56,#,0.169
1330280023,2009,1330280,13,601,74,#,14.2,#,0.551
1330280024,2009,1330280,13,601,74,#,2.55,#,0.329
1330290001,2009,1330290,13,601,75,#,6.99,#,0.396
1330290003,2009,1330290,13,601,75,#,9.35,#,0.559
1330290005,2009,1330290,13,601,75,#,7.16,#,0.462
1330290007,2009,1330290,13,601,75,#,6.13,#,0.417
1330290009,2009,1330290,13,601,75,#,6.41,#,0.816
1330290011,2009,1330290,13,601,75,#,5.34,#,0.642
1330290013,2009,1330290,13,601,75,#,4.35,#,0.34
1330290015,2009,1330290,13,601,75,#,7.24,#,0.486
1330290017,2009,1330290,13,601,75,#,7.89,#,0.334
1330290019,2009,1330290,13,601,75,#,5.74,#,0.31
1330290021,2009,1330290,13,601,75,#,3.7,#,0.242
1330290023,2009,1330290,13,601,75,#,6.78,#,0.326
1330300001,2009,1330300,13,601,76,#,17.2,#,0.694
1330300002,2009,1330300,13,601,76,#,3.47,#,0.276
1330300003,2009,1330300,13,601,76,#,17.6,#,0.987
1330300004,2009,1330300,13,601,76,#,4.07,#,0.326
1330300005,2009,1330300,13,601,76,#,16.1,#,0.901
1330300006,2009,1330300,13,601,76,#,3.47,#,0.46
1330300007,2009,1330300,13,601,76,#,15.3,#,0.784
1330300008,2009,1330300,13,601,76,#,3.04,#,0.305
1330300009,2009,1330300,13,601,76,#,14.2,#,1.13
1330300010,2009,1330300,13,601,76,#,4.73,#,0.519
1330300011,2009,1330300,13,601,76,#,13.7,#,1.46
1330300012,2009,1330300,13,601,76,#,4.29,#,0.527
1330300013,2009,1330300,13,601,76,#,11.5,#,0.689
1330300014,2009,1330300,13,601,76,#,2.23,#,0.432
1330300015,2009,1330300,13,601,76,#,13.5,#,0.828
1330300016,2009,1330300,13,601,76,#,2.21,#,0.217
1330300017,2009,1330300,13,601,76,#,16.7,#,0.781
1330300018,2009,1330300,13,601,76,#,3.3,#,0.198
1330300019,2009,1330300,13,601,76,#,21.8,#,1.09
1330300020,2009,1330300,13,601,76,#,3.64,#,0.261
1330300021,2009,1330300,13,601,76,#,1.78,#,0.199
1330300023,2009,1330300,13,601,76,#,13.5,#,0.84
1330300024,2009,1330300,13,601,76,#,2.43,#,0.205
1330320001,2009,1330320,13,601,78,#,7.06,#,0.733
1330320002,2009,1330320,13,601,78,#,2.38,#,0.239
1330320003,2009,1330320,13,601,78,#,3.34,#,0.308
1330320004,2009,1330320,13,601,78,#,1.54,#,0.204
1330320005,2009,1330320,13,601,78,#,4.85,#,0.664
1330320006,2009,1330320,13,601,78,#,1.18,#,0.209
1330320007,2009,1330320,13,601,78,#,3.75,#,0.391
1330320008,2009,1330320,13,601,78,#,1.79,#,0.218
1330320009,2009,1330320,13,601,78,#,5.35,#,0.707
1330320010,2009,1330320,13,601,78,#,2.23,#,0.346
1330320011,2009,1330320,13,601,78,#,1.61,#,0.212
1330320013,2009,1330320,13,601,78,#,3.2,#,0.297
1330320014,2009,1330320,13,601,78,#,1.55,#,0.141
1330320015,2009,1330320,13,601,78,#,4.2,#,0.444
1330320016,2009,1330320,13,601,78,#,1.47,#,0.171
1330320017,2009,1330320,13,601,78,#,4.58,#,0.489
1330320018,2009,1330320,13,601,78,#,1.63,#,0.121
1330320019,2009,1330320,13,601,78,#,2.77,#,0.305
1330320020,2009,1330320,13,601,78,#,1.41,#,0.111
1330320021,2009,1330320,13,601,78,#,1.95,#,0.216
1330320022,2009,1330320,13,601,78,#,1.01,#,0.085
1330320023,2009,1330320,13,601,78,#,1.23,#,0.091
1330330001,2009,1330330,13,601,79,#,2.16,#,0.249
1330330003,2009,1330330,13,601,79,#,2.26,#,0.183
1330340001,2009,1330340,13,601,80,#,9.26,#,0.945
1330340003,2009,1330340,13,601,80,#,4.94,#,0.646
1330340005,2009,1330340,13,601,80,#,3.23,#,0.394
1330340007,2009,1330340,13,601,80,#,4.13,#,0.423
1330340009,2009,1330340,13,601,80,#,6.39,#,0.836
1330340011,2009,1330340,13,601,80,#,5.71,#,0.371
1330340013,2009,1330340,13,601,80,#,4.93,#,0.438
1330340015,2009,1330340,13,601,80,#,5.7,#,0.712
1330340017,2009,1330340,13,601,80,#,7.56,#,1.02
1330340019,2009,1330340,13,601,80,#,6.86,#,0.891
1330340021,2009,1330340,13,601,80,#,6.12,#,0.815
1330340023,2009,1330340,13,601,80,#,7.25,#,0.873
1330350001,2009,1330350,13,601,81,#,6.3,#,0.419
1330350003,2009,1330350,13,601,81,#,5.25,#,0.543
1330350005,2009,1330350,13,601,81,#,8.61,#,0.944
1330350007,2009,1330350,13,601,81,#,3.89,#,0.296
1330350009,2009,1330350,13,601,81,#,8.8,#,0.634
1330350011,2009,1330350,13,601,81,#,7.51,#,0.61
1330350013,2009,1330350,13,601,81,#,6.97,#,0.581
1330350015,2009,1330350,13,601,81,#,7.99,#,0.918
1330350017,2009,1330350,13,601,81,#,9.48,#,0.861
1330350019,2009,1330350,13,601,81,#,8.79,#,0.979
1330350021,2009,1330350,13,601,81,#,8.3,#,0.767
1330350023,2009,1330350,13,601,81,#,5.84,#,0.473
1330370001,2009,1330370,13,602,01,#,2.76,#,0.117
1330370002,2009,1330370,13,602,01,#,1.37,#,0.101
1330370003,2009,1330370,13,602,01,#,2.12,#,0.156
1330370004,2009,1330370,13,602,01,#,0.67,#,0.097
1330370005,2009,1330370,13,602,01,#,1.96,#,0.175
1330370006,2009,1330370,13,602,01,#,0.86,#,0.141
1330370007,2009,1330370,13,602,01,#,2.61,#,0.206
1330370008,2009,1330370,13,602,01,#,1.1,#,0.154
1330370009,2009,1330370,13,602,01,#,2.82,#,0.22
1330370010,2009,1330370,13,602,01,#,0.57,#,0.183
1330370012,2009,1330370,13,602,01,#,1.73,#,0.168
1330370013,2009,1330370,13,602,01,#,0.9,#,0.125
1330370014,2009,1330370,13,602,01,#,2.37,#,0.18
1330370015,2009,1330370,13,602,01,#,0.86,#,0.105
1330370016,2009,1330370,13,602,01,#,1.43,#,0.144
1330370017,2009,1330370,13,602,01,#,0.89,#,0.107
1330370018,2009,1330370,13,602,01,#,1.68,#,0.115
1330370019,2009,1330370,13,602,01,#,1.17,#,0.119
1330370020,2009,1330370,13,602,01,#,1.88,#,0.101
1330370021,2009,1330370,13,602,01,#,1.14,#,0.067
1330370022,2009,1330370,13,602,01,#,1.21,#,0.077
1330370023,2009,1330370,13,602,01,#,1.08,#,0.073
1330370025,2009,1330370,13,602,01,#,1.73,#,0.113
1330370026,2009,1330370,13,602,01,#,1.59,#,0.115
1330380001,2009,1330380,13,602,51,#,1.1,#,0.107
1330380002,2009,1330380,13,602,51,#,0.98,#,0.144
1330380003,2009,1330380,13,602,51,#,1.2,#,0.076
1330380004,2009,1330380,13,602,51,#,0.9,#,0.07
1330390001,2009,1330390,13,602,52,#,1.18,#,0.114
1330390002,2009,1330390,13,602,52,#,0.99,#,0.117
1330390003,2009,1330390,13,602,52,#,1,#,0.068
1330390004,2009,1330390,13,602,52,#,0.89,#,0.065
1330400001,2009,1330400,13,602,53,#,2.58,#,0.208
1330400002,2009,1330400,13,602,53,#,1.41,#,0.127
1330400003,2009,1330400,13,602,53,#,1.64,#,0.106
1330400004,2009,1330400,13,602,53,#,1.49,#,0.099
1330410001,2009,1330410,13,602,55,#,2.81,#,0.307
1330410002,2009,1330410,13,602,55,#,0.73,#,0.169
1330410003,2009,1330410,13,602,55,#,1.15,#,0.073
1330410004,2009,1330410,13,602,55,#,0.49,#,0.052
1330420001,2009,1330420,13,602,56,#,2.99,#,0.242
1330420002,2009,1330420,13,602,56,#,0.69,#,0.101
1330420003,2009,1330420,13,602,56,#,1.61,#,0.101
1330420004,2009,1330420,13,602,56,#,0.74,#,0.06
1330440001,2009,1330440,13,603,01,#,0.78,#,0.035
1330440002,2009,1330440,13,603,01,#,0.75,#,0.133
1330440003,2009,1330440,13,603,01,#,1.19,#,0.09
1330440004,2009,1330440,13,603,01,#,0.65,#,0.086
1330440005,2009,1330440,13,603,01,#,1.26,#,0.124
1330440006,2009,1330440,13,603,01,#,0.6,#,0.12
1330440007,2009,1330440,13,603,01,#,1.1,#,0.099
1330440008,2009,1330440,13,603,01,#,0.72,#,0.141
1330440009,2009,1330440,13,603,01,#,1.41,#,0.13
1330440010,2009,1330440,13,603,01,#,0.3,#,0.133
1330440012,2009,1330440,13,603,01,#,0.7,#,0.084
1330440013,2009,1330440,13,603,01,#,0.59,#,0.119
1330440014,2009,1330440,13,603,01,#,0.96,#,0.101
1330440015,2009,1330440,13,603,01,#,0.55,#,0.066
1330440016,2009,1330440,13,603,01,#,0.82,#,0.071
1330440017,2009,1330440,13,603,01,#,0.64,#,0.061
1330440018,2009,1330440,13,603,01,#,0.85,#,0.058
1330440019,2009,1330440,13,603,01,#,0.42,#,0.038
1330440020,2009,1330440,13,603,01,#,1,#,0.055
1330440021,2009,1330440,13,603,01,#,0.77,#,0.064
1330440022,2009,1330440,13,603,01,#,0.79,#,0.03
1330440023,2009,1330440,13,603,01,#,0.56,#,0.031
1330440025,2009,1330440,13,603,01,#,0.73,#,0.03
1330440026,2009,1330440,13,603,01,#,0.81,#,0.048
1330450001,2009,1330450,13,603,02,#,1.98,#,0.1
1330450002,2009,1330450,13,603,02,#,0.55,#,0.075
1330450003,2009,1330450,13,603,02,#,1.85,#,0.137
1330450004,2009,1330450,13,603,02,#,0.77,#,0.092
1330450005,2009,1330450,13,603,02,#,2.37,#,0.216
1330450006,2009,1330450,13,603,02,#,0.5,#,0.08
1330450007,2009,1330450,13,603,02,#,2.47,#,0.271
1330450008,2009,1330450,13,603,02,#,0.68,#,0.157
1330450009,2009,1330450,13,603,02,#,1.79,#,0.173
1330450010,2009,1330450,13,603,02,#,0.43,#,0.13
1330450012,2009,1330450,13,603,02,#,1.16,#,0.136
1330450013,2009,1330450,13,603,02,#,0.51,#,0.104
1330450014,2009,1330450,13,603,02,#,2.07,#,0.16
1330450015,2009,1330450,13,603,02,#,0.64,#,0.077
1330450016,2009,1330450,13,603,02,#,1.62,#,0.13
1330450017,2009,1330450,13,603,02,#,0.57,#,0.066
1330450018,2009,1330450,13,603,02,#,1.5,#,0.104
1330450019,2009,1330450,13,603,02,#,0.34,#,0.038
1330450020,2009,1330450,13,603,02,#,1.26,#,0.081
1330450021,2009,1330450,13,603,02,#,0.77,#,0.056
1330450022,2009,1330450,13,603,02,#,1.39,#,0.057
1330450023,2009,1330450,13,603,02,#,0.59,#,0.033
1330450025,2009,1330450,13,603,02,#,1.75,#,0.091
1330450026,2009,1330450,13,603,02,#,0.72,#,0.05
1330460001,2009,1330460,13,603,51,#,2.46,#,0.188
1330460002,2009,1330460,13,603,51,#,0.65,#,0.142
1330460003,2009,1330460,13,603,51,#,1.65,#,0.086
1330460004,2009,1330460,13,603,51,#,0.61,#,0.05
1330470001,2009,1330470,13,603,52,#,1.14,#,0.101
1330470002,2009,1330470,13,603,52,#,0.92,#,0.167
1330470003,2009,1330470,13,603,52,#,1.23,#,0.071
1330470004,2009,1330470,13,603,52,#,0.74,#,0.065
1330480001,2009,1330480,13,603,53,#,1.08,#,0.1
1330480002,2009,1330480,13,603,53,#,0.89,#,0.161
1330480003,2009,1330480,13,603,53,#,1,#,0.056
1330480004,2009,1330480,13,603,53,#,0.84,#,0.064
1330500001,2009,1330500,13,603,55,#,1.83,#,0.161
1330500002,2009,1330500,13,603,55,#,0.58,#,0.12
1330500003,2009,1330500,13,603,55,#,1.63,#,0.085
1330500004,2009,1330500,13,603,55,#,0.47,#,0.046
1330510001,2009,1330510,13,603,56,#,1.13,#,0.104
1330510002,2009,1330510,13,603,56,#,0.78,#,0.123
1330510003,2009,1330510,13,603,56,#,0.85,#,0.045
1330510004,2009,1330510,13,603,56,#,0.75,#,0.06
1330520001,2009,1330520,13,603,57,#,1.65,#,0.192
1330520002,2009,1330520,13,603,57,#,0.77,#,0.136
1330520003,2009,1330520,13,603,57,#,1.24,#,0.088
1330520004,2009,1330520,13,603,57,#,0.81,#,0.065
1330530001,2009,1330530,13,603,58,#,1.4,#,0.14
1330530002,2009,1330530,13,603,58,#,0.55,#,0.108
1330530003,2009,1330530,13,603,58,#,1.43,#,0.077
1330530004,2009,1330530,13,603,58,#,0.44,#,0.04
1330540001,2009,1330540,13,603,59,#,1.13,#,0.105
1330540002,2009,1330540,13,603,59,#,0.7,#,0.154
1330540003,2009,1330540,13,603,59,#,1.08,#,0.066
1330540004,2009,1330540,13,603,59,#,0.7,#,0.054
1330560001,2009,1330560,13,603,61,#,2.04,#,0.217
1330560002,2009,1330560,13,603,61,#,0.68,#,0.155
1330560003,2009,1330560,13,603,61,#,1.29,#,0.077
1330560004,2009,1330560,13,603,61,#,0.61,#,0.057
1330570001,2009,1330570,13,603,62,#,1.06,#,0.133
1330570002,2009,1330570,13,603,62,#,0.46,#,0.088
1330570003,2009,1330570,13,603,62,#,1.29,#,0.069
1330570004,2009,1330570,13,603,62,#,0.44,#,0.038
1330580001,2009,1330580,13,603,63,#,1.98,#,0.16
1330580002,2009,1330580,13,603,63,#,0.51,#,0.091
1330580003,2009,1330580,13,603,63,#,1.03,#,0.065
1330580004,2009,1330580,13,603,63,#,0.55,#,0.046
1330590001,2009,1330590,13,603,64,#,1.8,#,0.167
1330590002,2009,1330590,13,603,64,#,0.48,#,0.084
1330590003,2009,1330590,13,603,64,#,0.9,#,0.054
1330590004,2009,1330590,13,603,64,#,0.51,#,0.046
1330600001,2009,1330600,13,604,01,#,0.58,#,0.025
1330600002,2009,1330600,13,604,01,#,0.44,#,0.062
1330600003,2009,1330600,13,604,01,#,1.22,#,0.093
1330600004,2009,1330600,13,604,01,#,0.61,#,0.088
1330600005,2009,1330600,13,604,01,#,2.07,#,0.22
1330600006,2009,1330600,13,604,01,#,0.47,#,0.066
1330600007,2009,1330600,13,604,01,#,0.69,#,0.072
1330600008,2009,1330600,13,604,01,#,0.39,#,0.07
1330600009,2009,1330600,13,604,01,#,0.82,#,0.086
1330600010,2009,1330600,13,604,01,#,0.36,#,0.072
1330600012,2009,1330600,13,604,01,#,0.51,#,0.065
1330600013,2009,1330600,13,604,01,#,0.34,#,0.055
1330600014,2009,1330600,13,604,01,#,0.74,#,0.079
1330600015,2009,1330600,13,604,01,#,0.46,#,0.054
1330600016,2009,1330600,13,604,01,#,0.66,#,0.061
1330600017,2009,1330600,13,604,01,#,0.32,#,0.039
1330600018,2009,1330600,13,604,01,#,0.9,#,0.07
1330600019,2009,1330600,13,604,01,#,0.29,#,0.035
1330600020,2009,1330600,13,604,01,#,0.89,#,0.052
1330600021,2009,1330600,13,604,01,#,0.37,#,0.034
1330600022,2009,1330600,13,604,01,#,0.7,#,0.031
1330600023,2009,1330600,13,604,01,#,0.53,#,0.037
1330600025,2009,1330600,13,604,01,#,0.94,#,0.038
1330600026,2009,1330600,13,604,01,#,0.55,#,0.04
