レコードID,測定年度,絶対番号,都道府県コード,水域コード,地点コード,全窒素_C,全窒素(mg/l),全燐_C,全燐(mg/l)
1310010001,2007,1310010,13,001,01,#,2.24,#,0.115
1310010006,2007,1310010,13,001,01,#,2.04,#,0.099
1310010011,2007,1310010,13,001,01,#,1.98,#,0.132
1310010016,2007,1310010,13,001,01,#,2.08,#,0.118
1310010030,2007,1310010,13,001,01,#,2.88,#,0.295
1310010035,2007,1310010,13,001,01,#,2.25,#,0.101
1310010040,2007,1310010,13,001,01,#,3.02,#,0.096
1310010045,2007,1310010,13,001,01,#,3.41,#,0.078
1310010050,2007,1310010,13,001,01,#,3.2,#,0.085
1310010064,2007,1310010,13,001,01,#,3.06,#,0.083
1310010069,2007,1310010,13,001,01,#,3.06,#,0.114
1310010074,2007,1310010,13,001,01,#,3.44,#,0.16
1310030001,2007,1310030,13,002,01,#,2.74,#,0.115
1310030004,2007,1310030,13,002,01,#,1.75,#,0.101
1310030007,2007,1310030,13,002,01,#,1.81,#,0.104
1310030010,2007,1310030,13,002,01,#,2.09,#,0.117
1310030018,2007,1310030,13,002,01,#,2.87,#,0.142
1310030021,2007,1310030,13,002,01,#,2.49,#,0.104
1310030024,2007,1310030,13,002,01,#,2.98,#,0.095
1310030027,2007,1310030,13,002,01,#,3.3,#,0.085
1310030030,2007,1310030,13,002,01,#,3.25,#,0.099
1310030038,2007,1310030,13,002,01,#,2.93,#,0.076
1310030041,2007,1310030,13,002,01,#,3.32,#,0.114
1310030044,2007,1310030,13,002,01,#,3.25,#,0.143
1310040001,2007,1310040,13,002,51,#,2.41,#,0.11
1310040004,2007,1310040,13,002,51,#,1.78,#,0.091
1310040007,2007,1310040,13,002,51,#,2.29,#,0.118
1310040010,2007,1310040,13,002,51,#,2.07,#,0.108
1310040013,2007,1310040,13,002,51,#,3.05,#,0.146
1310040016,2007,1310040,13,002,51,#,2.29,#,0.101
1310040019,2007,1310040,13,002,51,#,2.83,#,0.082
1310040022,2007,1310040,13,002,51,#,3.4,#,0.08
1310040025,2007,1310040,13,002,51,#,3.3,#,0.096
1310040028,2007,1310040,13,002,51,#,3.05,#,0.083
1310040031,2007,1310040,13,002,51,#,3.47,#,0.143
1310040034,2007,1310040,13,002,51,#,3.5,#,0.166
1310060001,2007,1310060,13,003,01,#,3.41,#,0.175
1310060004,2007,1310060,13,003,01,#,2.93,#,0.161
1310060007,2007,1310060,13,003,01,#,2.89,#,0.121
1310060010,2007,1310060,13,003,01,#,2.22,#,0.146
1310060013,2007,1310060,13,003,01,#,2.89,#,0.179
1310060016,2007,1310060,13,003,01,#,2.91,#,0.085
1310060019,2007,1310060,13,003,01,#,3.73,#,0.124
1310060022,2007,1310060,13,003,01,#,4.15,#,0.131
1310060025,2007,1310060,13,003,01,#,4.74,#,0.123
1310060028,2007,1310060,13,003,01,#,4.16,#,0.105
1310060031,2007,1310060,13,003,01,#,4.38,#,0.17
1310060034,2007,1310060,13,003,01,#,5.04,#,0.163
1310070001,2007,1310070,13,003,51,#,3.66,#,0.125
1310070002,2007,1310070,13,003,51,#,4.48,#,0.124
1310070003,2007,1310070,13,003,51,#,3.96,#,0.105
1310070004,2007,1310070,13,003,51,#,3.16,#,0.13
1310070005,2007,1310070,13,003,51,#,3.57,#,0.117
1310070006,2007,1310070,13,003,51,#,4.86,#,0.1
1310070007,2007,1310070,13,003,51,#,4.09,#,0.123
1310070008,2007,1310070,13,003,51,#,5.29,#,0.172
1310070009,2007,1310070,13,003,51,#,5.38,#,0.127
1310070010,2007,1310070,13,003,51,#,3.63,#,0.092
1310070011,2007,1310070,13,003,51,#,5.05,#,0.22
1310070012,2007,1310070,13,003,51,#,5.84,#,0.185
1310090002,2007,1310090,13,004,01,#,5.35,#,0.502
1310090005,2007,1310090,13,004,01,#,2.54,#,0.244
1310090008,2007,1310090,13,004,01,#,2.29,#,0.238
1310090011,2007,1310090,13,004,01,#,2.46,#,0.205
1310090019,2007,1310090,13,004,01,#,2.12,#,0.166
1310090022,2007,1310090,13,004,01,#,2.59,#,0.162
1310090025,2007,1310090,13,004,01,#,2.9,#,0.215
1310090028,2007,1310090,13,004,01,#,5.08,#,0.257
1310090031,2007,1310090,13,004,01,#,5.91,#,0.189
1310090034,2007,1310090,13,004,01,#,7.26,#,0.377
1310090042,2007,1310090,13,004,01,#,7.44,#,0.378
1310090045,2007,1310090,13,004,01,#,8.98,#,0.379
1310100001,2007,1310100,13,004,02,#,4.4,#,0.359
1310100004,2007,1310100,13,004,02,#,3.33,#,0.21
1310100007,2007,1310100,13,004,02,#,2.95,#,0.33
1310100010,2007,1310100,13,004,02,#,2.84,#,0.314
1310100013,2007,1310100,13,004,02,#,2.93,#,0.359
1310100016,2007,1310100,13,004,02,#,3.32,#,0.156
1310100019,2007,1310100,13,004,02,#,4.32,#,0.218
1310100022,2007,1310100,13,004,02,#,3.83,#,0.219
1310100025,2007,1310100,13,004,02,#,3.86,#,0.176
1310100028,2007,1310100,13,004,02,#,3.27,#,0.153
1310100031,2007,1310100,13,004,02,#,4.44,#,0.222
1310100034,2007,1310100,13,004,02,#,4.77,#,0.198
1310110004,2007,1310110,13,004,51,#,3.12,#,0.301
1310110011,2007,1310110,13,004,51,#,2.32,#,0.167
1310110018,2007,1310110,13,004,51,#,5.02,#,0.207
1310110025,2007,1310110,13,004,51,#,7.79,#,0.381
1310140002,2007,1310140,13,005,01,#,4.28,#,0.356
1310140005,2007,1310140,13,005,01,#,2.87,#,0.357
1310140008,2007,1310140,13,005,01,#,2.87,#,0.384
1310140011,2007,1310140,13,005,01,#,2.68,#,0.234
1310140019,2007,1310140,13,005,01,#,2.5,#,0.216
1310140022,2007,1310140,13,005,01,#,3.12,#,0.284
1310140025,2007,1310140,13,005,01,#,3.14,#,0.201
1310140028,2007,1310140,13,005,01,#,4.23,#,0.257
1310140031,2007,1310140,13,005,01,#,5.71,#,0.219
1310140034,2007,1310140,13,005,01,#,5.65,#,0.384
1310140042,2007,1310140,13,005,01,#,5.35,#,0.372
1310140045,2007,1310140,13,005,01,#,6.56,#,0.418
1310160001,2007,1310160,13,005,52,#,6.56,#,0.425
1310160004,2007,1310160,13,005,52,#,3.28,#,0.35
1310160007,2007,1310160,13,005,52,#,5.55,#,0.246
1310160010,2007,1310160,13,005,52,#,4.06,#,0.292
1310160013,2007,1310160,13,005,52,#,3.58,#,0.307
1310160017,2007,1310160,13,005,52,#,4.56,#,0.195
1310160019,2007,1310160,13,005,52,#,5.69,#,0.227
1310160023,2007,1310160,13,005,52,#,5.21,#,0.23
1310160026,2007,1310160,13,005,52,#,6.77,#,0.249
1310160028,2007,1310160,13,005,52,#,5.92,#,0.221
1310160031,2007,1310160,13,005,52,#,6.74,#,0.322
1310160034,2007,1310160,13,005,52,#,6.27,#,0.261
1310180001,2007,1310180,13,006,01,#,7.38,#,0.392
1310180005,2007,1310180,13,006,01,#,6.74,#,0.391
1310180008,2007,1310180,13,006,01,#,5.08,#,0.374
1310180012,2007,1310180,13,006,01,#,5.65,#,0.415
1310180015,2007,1310180,13,006,01,#,4.22,#,0.256
1310180024,2007,1310180,13,006,01,#,3.18,#,0.188
1310180027,2007,1310180,13,006,01,#,3.63,#,0.197
1310180031,2007,1310180,13,006,01,#,5.39,#,0.226
1310180034,2007,1310180,13,006,01,#,6.89,#,0.285
1310180038,2007,1310180,13,006,01,#,7.22,#,0.253
1310180041,2007,1310180,13,006,01,#,7.17,#,0.359
1310180050,2007,1310180,13,006,01,#,6.38,#,0.289
1310190001,2007,1310190,13,006,02,#,3.73,#,0.241
1310190005,2007,1310190,13,006,02,#,4.44,#,0.24
1310190008,2007,1310190,13,006,02,#,3.37,#,0.299
1310190012,2007,1310190,13,006,02,#,4.57,#,0.262
1310190015,2007,1310190,13,006,02,#,3.4,#,0.279
1310190024,2007,1310190,13,006,02,#,2.27,#,0.207
1310190027,2007,1310190,13,006,02,#,3.14,#,0.17
1310190031,2007,1310190,13,006,02,#,2.03,#,0.151
1310190034,2007,1310190,13,006,02,#,4.16,#,0.183
1310190038,2007,1310190,13,006,02,#,1.41,#,0.123
1310190041,2007,1310190,13,006,02,#,4.88,#,0.264
1310190050,2007,1310190,13,006,02,#,1.65,#,0.097
1310200001,2007,1310200,13,006,51,#,9.31,#,0.427
1310200004,2007,1310200,13,006,51,#,6.37,#,0.426
1310200007,2007,1310200,13,006,51,#,6.15,#,0.339
1310200010,2007,1310200,13,006,51,#,7.5,#,0.372
1310200013,2007,1310200,13,006,51,#,4.13,#,0.141
1310200016,2007,1310200,13,006,51,#,2.32,#,0.133
1310200019,2007,1310200,13,006,51,#,3.14,#,0.206
1310200022,2007,1310200,13,006,51,#,7.15,#,0.209
1310200025,2007,1310200,13,006,51,#,8.85,#,0.326
1310200028,2007,1310200,13,006,51,#,9.27,#,0.389
1310200031,2007,1310200,13,006,51,#,8.55,#,0.423
1310200034,2007,1310200,13,006,51,#,9.59,#,0.401
1310210001,2007,1310210,13,006,52,#,8.49,#,0.44
1310210004,2007,1310210,13,006,52,#,6.52,#,0.431
1310210007,2007,1310210,13,006,52,#,4.35,#,0.21
1310210010,2007,1310210,13,006,52,#,2.57,#,0.197
1310210013,2007,1310210,13,006,52,#,8.73,#,0.342
1310210016,2007,1310210,13,006,52,#,8.51,#,0.427
1310220001,2007,1310220,13,006,53,#,6.05,#,0.328
1310220004,2007,1310220,13,006,53,#,5.77,#,0.326
1310220007,2007,1310220,13,006,53,#,4.49,#,0.304
1310220010,2007,1310220,13,006,53,#,5.09,#,0.318
1310220013,2007,1310220,13,006,53,#,3.7,#,0.232
1310220016,2007,1310220,13,006,53,#,1.71,#,0.142
1310220019,2007,1310220,13,006,53,#,2.53,#,0.151
1310220022,2007,1310220,13,006,53,#,4.62,#,0.207
1310220025,2007,1310220,13,006,53,#,5.69,#,0.245
1310220028,2007,1310220,13,006,53,#,4.94,#,0.202
1310220031,2007,1310220,13,006,53,#,6.64,#,0.323
1310220034,2007,1310220,13,006,53,#,4.23,#,0.206
1310230001,2007,1310230,13,007,01,#,8.41,#,0.485
1310230004,2007,1310230,13,007,01,#,7.42,#,0.423
1310230007,2007,1310230,13,007,01,#,5.55,#,0.445
1310230010,2007,1310230,13,007,01,#,5.45,#,0.36
1310230013,2007,1310230,13,007,01,#,4.79,#,0.315
1310230016,2007,1310230,13,007,01,#,5.58,#,0.3
1310230019,2007,1310230,13,007,01,#,7.19,#,0.261
1310230022,2007,1310230,13,007,01,#,4.86,#,0.268
1310230025,2007,1310230,13,007,01,#,5.28,#,0.267
1310230028,2007,1310230,13,007,01,#,5.54,#,0.286
1310230031,2007,1310230,13,007,01,#,6.98,#,0.353
1310230034,2007,1310230,13,007,01,#,7.56,#,0.502
1310240001,2007,1310240,13,007,02,#,8.04,#,0.479
1310240004,2007,1310240,13,007,02,#,10.2,#,0.58
1310240007,2007,1310240,13,007,02,#,8.99,#,0.677
1310240010,2007,1310240,13,007,02,#,9.53,#,0.74
1310240013,2007,1310240,13,007,02,#,7.32,#,0.454
1310240016,2007,1310240,13,007,02,#,6.75,#,0.325
1310240019,2007,1310240,13,007,02,#,9.11,#,0.378
1310240022,2007,1310240,13,007,02,#,8.16,#,0.511
1310240025,2007,1310240,13,007,02,#,10.7,#,0.573
1310240028,2007,1310240,13,007,02,#,11.8,#,0.533
1310240031,2007,1310240,13,007,02,#,11.2,#,0.602
1310240034,2007,1310240,13,007,02,#,11.5,#,0.59
1310250001,2007,1310250,13,007,51,#,8.41,#,0.381
1310250004,2007,1310250,13,007,51,#,8.27,#,0.38
1310250007,2007,1310250,13,007,51,#,7.09,#,0.414
1310250010,2007,1310250,13,007,51,#,6.86,#,0.433
1310250013,2007,1310250,13,007,51,#,5.9,#,0.347
1310250016,2007,1310250,13,007,51,#,3.71,#,0.286
1310250019,2007,1310250,13,007,51,#,4,#,0.375
1310250022,2007,1310250,13,007,51,#,7.58,#,0.264
1310250025,2007,1310250,13,007,51,#,9.42,#,0.514
1310250028,2007,1310250,13,007,51,#,10.2,#,0.545
1310250031,2007,1310250,13,007,51,#,9.69,#,0.462
1310250034,2007,1310250,13,007,51,#,9.5,#,0.602
1310260001,2007,1310260,13,007,53,#,9.75,#,0.579
1310260004,2007,1310260,13,007,53,#,9.3,#,0.575
1310260007,2007,1310260,13,007,53,#,6.5,#,0.454
1310260010,2007,1310260,13,007,53,#,6.88,#,0.421
1310260013,2007,1310260,13,007,53,#,6.73,#,0.396
1310260016,2007,1310260,13,007,53,#,6.41,#,0.287
1310260019,2007,1310260,13,007,53,#,8.96,#,0.318
1310260022,2007,1310260,13,007,53,#,6.43,#,0.314
1310260025,2007,1310260,13,007,53,#,8.07,#,0.333
1310260028,2007,1310260,13,007,53,#,9.04,#,0.317
1310260031,2007,1310260,13,007,53,#,9.19,#,0.411
1310260034,2007,1310260,13,007,53,#,8.78,#,0.367
1310290001,2007,1310290,13,008,01,#,6.63,#,0.691
1310290004,2007,1310290,13,008,01,#,8.11,#,0.499
1310290007,2007,1310290,13,008,01,#,5.84,#,0.874
1310290010,2007,1310290,13,008,01,#,6.12,#,0.795
1310290013,2007,1310290,13,008,01,#,6.56,#,0.801
1310290016,2007,1310290,13,008,01,#,6.47,#,0.863
1310290019,2007,1310290,13,008,01,#,9.3,#,1.12
1310290022,2007,1310290,13,008,01,#,4.57,#,0.378
1310290025,2007,1310290,13,008,01,#,4.69,#,0.3
1310290028,2007,1310290,13,008,01,#,6.65,#,0.752
1310290031,2007,1310290,13,008,01,#,7.21,#,0.585
1310290034,2007,1310290,13,008,01,#,8.64,#,1.02
1310300001,2007,1310300,13,009,01,#,6.47,#,0.938
1310300004,2007,1310300,13,009,01,#,11.2,#,0.555
1310300007,2007,1310300,13,009,01,#,10.7,#,1.06
1310300010,2007,1310300,13,009,01,#,9.99,#,1.34
1310300013,2007,1310300,13,009,01,#,9.6,#,1.1
1310300016,2007,1310300,13,009,01,#,7.57,#,0.796
1310300019,2007,1310300,13,009,01,#,10.9,#,1.26
1310300022,2007,1310300,13,009,01,#,9.21,#,0.86
1310300025,2007,1310300,13,009,01,#,6.89,#,0.701
1310300028,2007,1310300,13,009,01,#,9.34,#,0.972
1310300031,2007,1310300,13,009,01,#,11,#,1.01
1310300034,2007,1310300,13,009,01,#,9.82,#,1.17
1310310001,2007,1310310,13,010,01,#,3.6,#,0.571
1310310003,2007,1310310,13,010,01,#,2.74,#,0.184
1310310005,2007,1310310,13,010,01,#,2.35,#,0.319
1310310007,2007,1310310,13,010,01,#,3.05,#,0.145
1310310009,2007,1310310,13,010,01,#,2.63,#,0.078
1310310011,2007,1310310,13,010,01,#,3.19,#,0.069
1310310013,2007,1310310,13,010,01,#,4.17,#,0.215
1310310015,2007,1310310,13,010,01,#,3.31,#,0.181
1310310017,2007,1310310,13,010,01,#,3.78,#,0.175
1310310019,2007,1310310,13,010,01,#,3.27,#,0.026
1310310021,2007,1310310,13,010,01,#,3.59,#,0.043
1310310023,2007,1310310,13,010,01,#,3.88,#,0.036
1310320001,2007,1310320,13,011,01,#,3.76,#,0.043
1310320004,2007,1310320,13,011,01,#,3.74,#,0.497
1310320007,2007,1310320,13,011,01,#,2.66,#,0.505
1310320010,2007,1310320,13,011,01,#,2.73,#,0.681
1310320013,2007,1310320,13,011,01,#,3.57,#,0.944
1310320016,2007,1310320,13,011,01,#,4.4,#,0.671
1310320019,2007,1310320,13,011,01,#,2.85,#,0.372
1310320022,2007,1310320,13,011,01,#,3.42,#,0.452
1310320025,2007,1310320,13,011,01,#,5.51,#,0.613
1310320028,2007,1310320,13,011,01,#,5.4,#,0.605
1310320031,2007,1310320,13,011,01,#,5.77,#,1.53
1310320034,2007,1310320,13,011,01,#,5.97,#,0.475
1310330001,2007,1310330,13,012,01,#,6.5,#,0.795
1310330004,2007,1310330,13,012,01,#,8.83,#,0.539
1310330007,2007,1310330,13,012,01,#,9.41,#,1.18
1310330010,2007,1310330,13,012,01,#,8.37,#,1.15
1310330013,2007,1310330,13,012,01,#,6.12,#,0.981
1310330016,2007,1310330,13,012,01,#,7.02,#,0.891
1310330019,2007,1310330,13,012,01,#,9.15,#,1.29
1310330022,2007,1310330,13,012,01,#,8.51,#,0.897
1310330025,2007,1310330,13,012,01,#,6.87,#,0.783
1310330028,2007,1310330,13,012,01,#,5.98,#,0.973
1310330031,2007,1310330,13,012,01,#,9.52,#,0.986
1310330034,2007,1310330,13,012,01,#,11.2,#,1.38
1310340001,2007,1310340,13,013,01,#,0.62,#,0.009
1310340004,2007,1310340,13,013,01,#,0.61,#,0.011
1310340007,2007,1310340,13,013,01,#,0.61,#,0.01
1310340010,2007,1310340,13,013,01,#,0.62,#,0.012
1310340013,2007,1310340,13,013,01,#,0.72,#,0.012
1310340016,2007,1310340,13,013,01,#,0.76,#,0.012
1310340019,2007,1310340,13,013,01,#,0.78,#,0.049
1310340022,2007,1310340,13,013,01,#,0.88,#,0.038
1310340025,2007,1310340,13,013,01,#,0.64,#,0.022
1310340028,2007,1310340,13,013,01,#,0.69,#,0.015
1310340031,2007,1310340,13,013,01,#,0.7,#,0.015
1310340034,2007,1310340,13,013,01,#,0.55,#,0.012
1310370001,2007,1310370,13,014,01,#,1.29,#,0.012
1310370003,2007,1310370,13,014,01,#,1.35,#,0.014
1310370005,2007,1310370,13,014,01,#,1.01,#,0.014
1310370007,2007,1310370,13,014,01,#,1.3,#,0.013
1310370009,2007,1310370,13,014,01,#,1.42,#,0.004
1310370011,2007,1310370,13,014,01,#,1.32,#,0.085
1310370013,2007,1310370,13,014,01,#,1.15,#,0.051
1310370015,2007,1310370,13,014,01,#,1.31,#,0.023
1310370017,2007,1310370,13,014,01,#,1.09,#,0.013
1310370019,2007,1310370,13,014,01,#,1.21,#,0.017
1310370021,2007,1310370,13,014,01,#,1.06,#,0.013
1310370023,2007,1310370,13,014,01,#,0.96,#,0.017
1310380001,2007,1310380,13,014,51,#,0.67,#,0.01
1310380004,2007,1310380,13,014,51,#,0.71,#,0.01
1310380007,2007,1310380,13,014,51,#,0.65,#,0.009
1310380010,2007,1310380,13,014,51,#,0.81,#,0.011
1310380013,2007,1310380,13,014,51,#,0.78,#,0.008
1310380016,2007,1310380,13,014,51,#,1.12,#,0.106
1310380019,2007,1310380,13,014,51,#,0.89,#,0.074
1310380022,2007,1310380,13,014,51,#,0.91,#,0.057
1310380025,2007,1310380,13,014,51,#,0.7,#,0.027
1310380028,2007,1310380,13,014,51,#,0.71,#,0.023
1310380031,2007,1310380,13,014,51,#,0.63,#,0.019
1310380034,2007,1310380,13,014,51,#,0.63,#,0.017
1310390001,2007,1310390,13,014,52,#,0.74,#,0.01
1310390002,2007,1310390,13,014,52,#,0.7,#,0.009
1310390003,2007,1310390,13,014,52,#,0.68,#,0.01
1310390004,2007,1310390,13,014,52,#,0.69,#,0.012
1310390005,2007,1310390,13,014,52,#,0.64,#,0.009
1310390006,2007,1310390,13,014,52,#,0.75,#,0.013
1310390007,2007,1310390,13,014,52,#,0.82,#,0.043
1310390008,2007,1310390,13,014,52,#,0.93,#,0.034
1310390009,2007,1310390,13,014,52,#,0.69,#,0.02
1310390010,2007,1310390,13,014,52,#,0.71,#,0.015
1310390011,2007,1310390,13,014,52,#,0.67,#,0.013
1310390012,2007,1310390,13,014,52,#,0.57,#,0.013
1310400001,2007,1310400,13,014,53,#,1.34,#,0.02
1310400002,2007,1310400,13,014,53,#,1.37,#,0.014
1310400003,2007,1310400,13,014,53,#,0.93,#,0.019
1310400004,2007,1310400,13,014,53,#,1,#,0.019
1310400005,2007,1310400,13,014,53,#,1.27,#,0.012
1310400006,2007,1310400,13,014,53,#,1.32,#,0.017
1310400007,2007,1310400,13,014,53,#,1.07,#,0.019
1310400008,2007,1310400,13,014,53,#,1.18,#,0.022
1310400009,2007,1310400,13,014,53,#,1.03,#,0.015
1310400010,2007,1310400,13,014,53,#,1.14,#,0.011
1310400011,2007,1310400,13,014,53,#,1.13,#,0.013
1310400012,2007,1310400,13,014,53,#,0.84,#,0.015
1310410001,2007,1310410,13,015,01,#,7.81,#,0.643
1310410003,2007,1310410,13,015,01,#,7.68,#,0.623
1310410005,2007,1310410,13,015,01,#,8.15,#,0.826
1310410007,2007,1310410,13,015,01,#,6.39,#,0.544
1310410009,2007,1310410,13,015,01,#,7.57,#,0.655
1310410011,2007,1310410,13,015,01,#,7.16,#,0.657
1310410013,2007,1310410,13,015,01,#,7.73,#,0.721
1310410015,2007,1310410,13,015,01,#,7.98,#,0.635
1310410017,2007,1310410,13,015,01,#,7.99,#,0.484
1310410019,2007,1310410,13,015,01,#,7.75,#,0.512
1310410021,2007,1310410,13,015,01,#,8.28,#,0.651
1310410023,2007,1310410,13,015,01,#,8.28,#,0.706
1310410025,2007,1310410,13,015,01,#,3.87,#,0.245
1310410027,2007,1310410,13,015,01,#,3.95,#,0.279
1310410029,2007,1310410,13,015,01,#,4.51,#,0.323
1310410031,2007,1310410,13,015,01,#,4.47,#,0.325
1310410033,2007,1310410,13,015,01,#,4.87,#,0.256
1310410035,2007,1310410,13,015,01,#,4.87,#,0.269
1310410037,2007,1310410,13,015,01,#,5.21,#,0.307
1310410039,2007,1310410,13,015,01,#,6.42,#,0.325
1310410041,2007,1310410,13,015,01,#,3.83,#,0.312
1310410043,2007,1310410,13,015,01,#,2.02,#,0.209
1310410045,2007,1310410,13,015,01,#,2.44,#,0.286
1310410047,2007,1310410,13,015,01,#,2.24,#,0.327
1310410049,2007,1310410,13,015,01,#,4.49,#,0.404
1310410051,2007,1310410,13,015,01,#,2.98,#,0.371
1310410053,2007,1310410,13,015,01,#,2.49,#,0.358
1310410055,2007,1310410,13,015,01,#,4.61,#,0.351
1310410057,2007,1310410,13,015,01,#,7.19,#,0.501
1310410059,2007,1310410,13,015,01,#,6.81,#,0.515
1310410061,2007,1310410,13,015,01,#,7.45,#,0.563
1310410063,2007,1310410,13,015,01,#,6.76,#,0.508
1310410065,2007,1310410,13,015,01,#,7.87,#,0.573
1310410067,2007,1310410,13,015,01,#,8.2,#,0.58
1310410069,2007,1310410,13,015,01,#,8.2,#,0.657
1310410071,2007,1310410,13,015,01,#,8.16,#,0.653
1310410073,2007,1310410,13,015,01,#,8.3,#,0.575
1310410075,2007,1310410,13,015,01,#,8.14,#,0.54
1310410077,2007,1310410,13,015,01,#,7.82,#,0.522
1310410079,2007,1310410,13,015,01,#,8.14,#,0.51
1310410081,2007,1310410,13,015,01,#,8.59,#,0.725
1310410083,2007,1310410,13,015,01,#,8.51,#,0.812
1310410085,2007,1310410,13,015,01,#,8.63,#,0.774
1310410087,2007,1310410,13,015,01,#,8.35,#,0.776
1310410089,2007,1310410,13,015,01,#,8.2,#,0.758
1310410091,2007,1310410,13,015,01,#,8.46,#,0.723
1310410093,2007,1310410,13,015,01,#,8.68,#,0.754
1310410095,2007,1310410,13,015,01,#,8.94,#,0.751
1310420001,2007,1310420,13,015,02,#,6.3,#,0.355
1310420003,2007,1310420,13,015,02,#,6.13,#,0.367
1310420005,2007,1310420,13,015,02,#,6.18,#,0.365
1310420007,2007,1310420,13,015,02,#,8.02,#,0.51
1310420009,2007,1310420,13,015,02,#,5.87,#,0.402
1310420011,2007,1310420,13,015,02,#,6.04,#,0.426
1310420013,2007,1310420,13,015,02,#,6.16,#,0.453
1310420015,2007,1310420,13,015,02,#,5.62,#,0.422
1310420017,2007,1310420,13,015,02,#,5.98,#,0.332
1310420019,2007,1310420,13,015,02,#,5.7,#,0.35
1310420021,2007,1310420,13,015,02,#,5.49,#,0.343
1310420023,2007,1310420,13,015,02,#,5.9,#,0.317
1310420025,2007,1310420,13,015,02,#,3.91,#,0.225
1310420027,2007,1310420,13,015,02,#,3.34,#,0.223
1310420029,2007,1310420,13,015,02,#,3.91,#,0.219
1310420031,2007,1310420,13,015,02,#,3.58,#,0.206
1310420033,2007,1310420,13,015,02,#,4,#,0.18
1310420035,2007,1310420,13,015,02,#,4.13,#,0.186
1310420037,2007,1310420,13,015,02,#,4.05,#,0.197
1310420039,2007,1310420,13,015,02,#,4.22,#,0.193
1310420041,2007,1310420,13,015,02,#,2.5,#,0.203
1310420043,2007,1310420,13,015,02,#,3.33,#,0.201
1310420045,2007,1310420,13,015,02,#,2.62,#,0.186
1310420047,2007,1310420,13,015,02,#,2.09,#,0.196
1310420049,2007,1310420,13,015,02,#,3.29,#,0.316
1310420051,2007,1310420,13,015,02,#,2.98,#,0.307
1310420053,2007,1310420,13,015,02,#,3.67,#,0.289
1310420055,2007,1310420,13,015,02,#,2.82,#,0.276
1310420057,2007,1310420,13,015,02,#,5.52,#,0.251
1310420059,2007,1310420,13,015,02,#,5.78,#,0.256
1310420061,2007,1310420,13,015,02,#,5.86,#,0.306
1310420063,2007,1310420,13,015,02,#,6.03,#,0.317
1310420065,2007,1310420,13,015,02,#,6.93,#,0.333
1310420067,2007,1310420,13,015,02,#,6.89,#,0.309
1310420069,2007,1310420,13,015,02,#,6.69,#,0.316
1310420071,2007,1310420,13,015,02,#,7.01,#,0.349
1310420073,2007,1310420,13,015,02,#,6.97,#,0.343
1310420075,2007,1310420,13,015,02,#,6.81,#,0.352
1310420077,2007,1310420,13,015,02,#,6.93,#,0.356
1310420079,2007,1310420,13,015,02,#,6.97,#,0.371
1310420081,2007,1310420,13,015,02,#,7.33,#,0.392
1310420083,2007,1310420,13,015,02,#,7.33,#,0.387
1310420085,2007,1310420,13,015,02,#,7.17,#,0.387
1310420087,2007,1310420,13,015,02,#,7.04,#,0.423
1310420089,2007,1310420,13,015,02,#,8.11,#,0.489
1310420091,2007,1310420,13,015,02,#,7.72,#,0.479
1310420093,2007,1310420,13,015,02,#,7.29,#,0.467
1310420095,2007,1310420,13,015,02,#,6.94,#,0.456
1310430001,2007,1310430,13,015,51,#,6.61,#,0.653
1310430006,2007,1310430,13,015,51,#,5.44,#,0.71
1310430011,2007,1310430,13,015,51,#,6.12,#,0.478
1310430016,2007,1310430,13,015,51,#,2.54,#,0.126
1310430021,2007,1310430,13,015,51,#,3.04,#,0.156
1310430026,2007,1310430,13,015,51,#,2.09,#,0.134
1310430031,2007,1310430,13,015,51,#,2.47,#,0.24
1310430036,2007,1310430,13,015,51,#,5.09,#,0.401
1310430041,2007,1310430,13,015,51,#,6.6,#,0.548
1310430046,2007,1310430,13,015,51,#,7.03,#,0.584
1310430051,2007,1310430,13,015,51,#,8.64,#,1.02
1310430056,2007,1310430,13,015,51,#,6.02,#,0.591
1310440001,2007,1310440,13,015,52,#,6.69,#,0.622
1310440006,2007,1310440,13,015,52,#,5.49,#,0.369
1310440011,2007,1310440,13,015,52,#,6.48,#,0.451
1310440016,2007,1310440,13,015,52,#,3.49,#,0.167
1310440021,2007,1310440,13,015,52,#,3.68,#,0.163
1310440026,2007,1310440,13,015,52,#,2.77,#,0.131
1310440031,2007,1310440,13,015,52,#,2.77,#,0.174
1310440036,2007,1310440,13,015,52,#,5.49,#,0.349
1310440041,2007,1310440,13,015,52,#,6.62,#,0.459
1310440046,2007,1310440,13,015,52,#,6.91,#,0.437
1310440051,2007,1310440,13,015,52,#,7.25,#,0.576
1310440056,2007,1310440,13,015,52,#,7.23,#,0.518
1310460001,2007,1310460,13,015,54,#,7.38,#,0.571
1310460006,2007,1310460,13,015,54,#,6.24,#,0.55
1310460011,2007,1310460,13,015,54,#,6.52,#,0.411
1310460016,2007,1310460,13,015,54,#,3.63,#,0.238
1310460021,2007,1310460,13,015,54,#,5.38,#,0.208
1310460026,2007,1310460,13,015,54,#,2.64,#,0.227
1310460031,2007,1310460,13,015,54,#,2.84,#,0.3
1310460036,2007,1310460,13,015,54,#,5.82,#,0.331
1310460041,2007,1310460,13,015,54,#,7.67,#,0.435
1310460046,2007,1310460,13,015,54,#,7.38,#,0.465
1310460051,2007,1310460,13,015,54,#,7.78,#,0.529
1310460056,2007,1310460,13,015,54,#,8.03,#,0.576
1310480001,2007,1310480,13,015,56,#,6.09,#,0.372
1310480006,2007,1310480,13,015,56,#,6.53,#,0.418
1310480011,2007,1310480,13,015,56,#,7.09,#,0.341
1310480016,2007,1310480,13,015,56,#,4.23,#,0.223
1310480021,2007,1310480,13,015,56,#,4.22,#,0.171
1310480026,2007,1310480,13,015,56,#,3.59,#,0.209
1310480031,2007,1310480,13,015,56,#,3.35,#,0.3
1310480036,2007,1310480,13,015,56,#,5.65,#,0.26
1310480041,2007,1310480,13,015,56,#,7.18,#,0.32
1310480046,2007,1310480,13,015,56,#,7.3,#,0.347
1310480051,2007,1310480,13,015,56,#,7.13,#,0.4
1310480056,2007,1310480,13,015,56,#,7.94,#,0.501
1310530001,2007,1310530,13,015,03,#,6.56,#,0.385
1310530003,2007,1310530,13,015,03,#,7.38,#,0.411
1310530005,2007,1310530,13,015,03,#,6.99,#,0.37
1310530007,2007,1310530,13,015,03,#,7.12,#,0.392
1310530009,2007,1310530,13,015,03,#,3.22,#,0.225
1310530011,2007,1310530,13,015,03,#,4.55,#,0.286
1310530013,2007,1310530,13,015,03,#,2.85,#,0.2
1310530015,2007,1310530,13,015,03,#,3.1,#,0.218
1310530017,2007,1310530,13,015,03,#,5.08,#,0.345
1310530019,2007,1310530,13,015,03,#,3.89,#,0.284
1310530021,2007,1310530,13,015,03,#,4.3,#,0.264
1310530023,2007,1310530,13,015,03,#,3.89,#,0.249
1310530025,2007,1310530,13,015,03,#,4.23,#,0.232
1310530027,2007,1310530,13,015,03,#,4.51,#,0.236
1310530029,2007,1310530,13,015,03,#,4.11,#,0.227
1310530031,2007,1310530,13,015,03,#,3.46,#,0.247
1310530033,2007,1310530,13,015,03,#,5.12,#,0.236
1310530035,2007,1310530,13,015,03,#,3.62,#,0.212
1310530037,2007,1310530,13,015,03,#,4,#,0.215
1310530039,2007,1310530,13,015,03,#,2.02,#,0.258
1310530041,2007,1310530,13,015,03,#,2.77,#,0.205
1310530043,2007,1310530,13,015,03,#,3.51,#,0.192
1310530045,2007,1310530,13,015,03,#,2.62,#,0.203
1310530047,2007,1310530,13,015,03,#,2.05,#,0.214
1310530049,2007,1310530,13,015,03,#,3.51,#,0.265
1310530051,2007,1310530,13,015,03,#,2.37,#,0.269
1310530053,2007,1310530,13,015,03,#,1.96,#,0.21
1310530055,2007,1310530,13,015,03,#,1.96,#,0.249
1310530057,2007,1310530,13,015,03,#,6.33,#,0.291
1310530059,2007,1310530,13,015,03,#,5.22,#,0.258
1310530061,2007,1310530,13,015,03,#,6.42,#,0.329
1310530063,2007,1310530,13,015,03,#,5.01,#,0.238
1310530065,2007,1310530,13,015,03,#,4.2,#,0.263
1310530067,2007,1310530,13,015,03,#,6.77,#,0.333
1310530069,2007,1310530,13,015,03,#,6.4,#,0.304
1310530071,2007,1310530,13,015,03,#,5.5,#,0.276
1310530073,2007,1310530,13,015,03,#,4.39,#,0.24
1310530075,2007,1310530,13,015,03,#,3.46,#,0.218
1310530077,2007,1310530,13,015,03,#,5.2,#,0.272
1310530079,2007,1310530,13,015,03,#,3.3,#,0.233
1310530081,2007,1310530,13,015,03,#,4.76,#,0.359
1310530083,2007,1310530,13,015,03,#,4.23,#,0.241
1310530085,2007,1310530,13,015,03,#,5.82,#,0.308
1310530087,2007,1310530,13,015,03,#,3.54,#,0.279
1310530089,2007,1310530,13,015,03,#,7.38,#,0.37
1310530091,2007,1310530,13,015,03,#,5.21,#,0.318
1310530093,2007,1310530,13,015,03,#,5.73,#,0.335
1310530095,2007,1310530,13,015,03,#,3.86,#,0.225
1310540001,2007,1310540,13,015,58,#,8.54,#,0.479
1310540006,2007,1310540,13,015,58,#,6.53,#,0.411
1310540011,2007,1310540,13,015,58,#,7.05,#,0.414
1310540016,2007,1310540,13,015,58,#,4.31,#,0.229
1310540021,2007,1310540,13,015,58,#,4.78,#,0.241
1310540026,2007,1310540,13,015,58,#,2.74,#,0.199
1310540031,2007,1310540,13,015,58,#,3.55,#,0.28
1310540036,2007,1310540,13,015,58,#,6.63,#,0.339
1310540041,2007,1310540,13,015,58,#,3.02,#,0.184
1310540046,2007,1310540,13,015,58,#,7.82,#,0.389
1310540051,2007,1310540,13,015,58,#,8.23,#,0.409
1310540056,2007,1310540,13,015,58,#,5.38,#,0.337
1310550001,2007,1310550,13,017,01,#,6.9,#,0.426
1310550004,2007,1310550,13,017,01,#,13,#,0.654
1310550007,2007,1310550,13,017,01,#,10.4,#,0.498
1310550010,2007,1310550,13,017,01,#,8.55,#,0.344
1310550013,2007,1310550,13,017,01,#,7.94,#,0.341
1310550016,2007,1310550,13,017,01,#,6.75,#,0.278
1310550019,2007,1310550,13,017,01,#,9.07,#,0.389
1310550022,2007,1310550,13,017,01,#,7.63,#,0.373
1310550025,2007,1310550,13,017,01,#,11.5,#,0.713
1310550028,2007,1310550,13,017,01,#,11.5,#,0.625
1310550031,2007,1310550,13,017,01,#,11.7,#,0.585
1310550034,2007,1310550,13,017,01,#,13.3,#,0.557
1310560001,2007,1310560,13,017,51,#,5.39,#,0.388
1310560004,2007,1310560,13,017,51,#,11.8,#,0.345
1310560007,2007,1310560,13,017,51,#,11,#,0.35
1310560010,2007,1310560,13,017,51,#,8.78,#,0.384
1310560013,2007,1310560,13,017,51,#,7.93,E,99999
1310560016,2007,1310560,13,017,51,E,99999,#,0.238
1310560017,2007,1310560,13,017,51,#,5.85,#,0.169
1310560020,2007,1310560,13,017,51,#,8.65,#,0.27
1310560023,2007,1310560,13,017,51,#,7.98,#,0.298
1310560026,2007,1310560,13,017,51,#,12.8,#,0.863
1310560029,2007,1310560,13,017,51,#,11.5,#,0.482
1310560032,2007,1310560,13,017,51,#,10.7,#,0.422
1310560035,2007,1310560,13,017,51,#,11.9,#,0.296
1310570001,2007,1310570,13,017,52,#,5.75,#,0.454
1310570004,2007,1310570,13,017,52,#,11.2,#,0.566
1310570007,2007,1310570,13,017,52,#,13,#,0.81
1310570010,2007,1310570,13,017,52,#,11.6,#,0.843
1310570013,2007,1310570,13,017,52,#,8.49,#,0.293
1310570016,2007,1310570,13,017,52,#,7.14,#,0.445
1310570019,2007,1310570,13,017,52,#,8.82,#,0.434
1310570022,2007,1310570,13,017,52,#,9.44,#,0.598
1310570025,2007,1310570,13,017,52,#,10.9,#,0.656
1310570028,2007,1310570,13,017,52,#,12.8,#,0.779
1310570031,2007,1310570,13,017,52,#,11.1,#,0.635
1310570034,2007,1310570,13,017,52,#,14.6,#,0.7
1310580001,2007,1310580,13,018,01,#,5.36,#,0.093
1310580004,2007,1310580,13,018,01,#,8.1,#,0.148
1310580007,2007,1310580,13,018,01,#,9.28,#,0.333
1310580010,2007,1310580,13,018,01,#,9.35,#,0.355
1310580013,2007,1310580,13,018,01,#,7.29,#,0.122
1310580016,2007,1310580,13,018,01,#,8.99,#,0.282
1310580019,2007,1310580,13,018,01,#,8.97,#,0.18
1310580022,2007,1310580,13,018,01,#,7.84,#,0.281
1310580025,2007,1310580,13,018,01,#,10,#,0.441
1310580028,2007,1310580,13,018,01,#,10.5,#,0.361
1310580031,2007,1310580,13,018,01,#,10.5,#,0.403
1310580034,2007,1310580,13,018,01,#,11.5,#,0.267
1310600001,2007,1310600,13,019,01,#,8.53,#,0.401
1310600004,2007,1310600,13,019,01,#,6.99,#,0.244
1310600008,2007,1310600,13,019,01,#,9.41,#,0.594
1310600010,2007,1310600,13,019,01,#,10.5,#,0.903
1310600013,2007,1310600,13,019,01,#,7.18,#,0.344
1310600016,2007,1310600,13,019,01,#,6.86,#,0.313
1310600019,2007,1310600,13,019,01,#,8.73,#,0.259
1310600022,2007,1310600,13,019,01,#,7.38,#,0.405
1310600025,2007,1310600,13,019,01,#,8.12,#,0.253
1310600028,2007,1310600,13,019,01,#,6.76,#,0.07
1310600031,2007,1310600,13,019,01,#,6.45,#,0.102
1310600034,2007,1310600,13,019,01,#,6.92,#,0.1
1310630001,2007,1310630,13,020,01,#,8.1,#,0.65
1310630004,2007,1310630,13,020,01,#,7.57,#,0.385
1310630007,2007,1310630,13,020,01,#,8.15,#,0.874
1310630010,2007,1310630,13,020,01,#,8.6,#,0.837
1310630013,2007,1310630,13,020,01,#,8.71,#,0.461
1310630016,2007,1310630,13,020,01,#,7.76,#,0.602
1310630019,2007,1310630,13,020,01,#,8.81,#,0.712
1310630022,2007,1310630,13,020,01,#,8.2,#,0.703
1310630025,2007,1310630,13,020,01,#,8.57,#,0.672
1310630028,2007,1310630,13,020,01,#,8.72,#,0.638
1310630031,2007,1310630,13,020,01,#,8.06,#,0.489
1310630034,2007,1310630,13,020,01,#,9.51,#,0.779
1310650001,2007,1310650,13,020,52,#,8.42,#,0.617
1310650004,2007,1310650,13,020,52,#,11.9,#,0.48
1310650007,2007,1310650,13,020,52,#,11.4,#,1.26
1310650010,2007,1310650,13,020,52,#,10.2,#,1.42
1310650013,2007,1310650,13,020,52,#,6.82,#,0.944
1310650016,2007,1310650,13,020,52,#,8.74,#,1.08
1310650019,2007,1310650,13,020,52,#,11.5,#,1
1310650022,2007,1310650,13,020,52,#,10.2,#,1.03
1310650025,2007,1310650,13,020,52,#,11.5,#,1.14
1310650028,2007,1310650,13,020,52,#,12.1,#,1.17
1310650031,2007,1310650,13,020,52,#,11,#,0.861
1310650034,2007,1310650,13,020,52,#,12.3,#,1.19
1310660001,2007,1310660,13,021,01,#,2.55,#,0.016
1310660004,2007,1310660,13,021,01,#,3.06,#,0.023
1310660007,2007,1310660,13,021,01,#,2.13,#,0.021
1310660010,2007,1310660,13,021,01,#,2.35,#,0.029
1310660013,2007,1310660,13,021,01,#,4.26,#,0.018
1310660016,2007,1310660,13,021,01,#,3.09,#,0.027
1310660019,2007,1310660,13,021,01,#,3,#,0.02
1310660022,2007,1310660,13,021,01,#,2.89,#,0.021
1310660025,2007,1310660,13,021,01,#,2.84,#,0.016
1310660028,2007,1310660,13,021,01,#,2.6,#,0.013
1310660031,2007,1310660,13,021,01,#,2.42,#,0.01
1310660034,2007,1310660,13,021,01,#,2.53,#,0.012
1310670001,2007,1310670,13,022,01,#,1.42,#,0.011
1310670003,2007,1310670,13,022,01,#,1.24,#,0.013
1310670005,2007,1310670,13,022,01,#,1.01,#,0.014
1310670007,2007,1310670,13,022,01,#,1.14,#,0.019
1310670009,2007,1310670,13,022,01,#,1.44,#,0.013
1310670011,2007,1310670,13,022,01,#,1.13,#,0.018
1310670013,2007,1310670,13,022,01,#,1.02,#,0.008
1310670015,2007,1310670,13,022,01,#,1.23,#,0.012
1310670017,2007,1310670,13,022,01,#,1.05,#,0.011
1310670019,2007,1310670,13,022,01,#,1.25,#,0.008
1310670021,2007,1310670,13,022,01,#,1.19,#,0.009
1310670023,2007,1310670,13,022,01,#,1.08,#,0.012
1310690002,2007,1310690,13,023,01,#,2.89,#,0.133
1310690004,2007,1310690,13,023,01,#,1.8,#,0.109
1310690007,2007,1310690,13,023,01,#,1.39,#,0.125
1310690011,2007,1310690,13,023,01,#,2.05,#,0.265
1310690014,2007,1310690,13,023,01,#,3.57,#,0.127
1310690017,2007,1310690,13,023,01,#,4.27,#,0.163
1310690020,2007,1310690,13,023,01,#,2.81,#,0.181
1310690022,2007,1310690,13,023,01,#,5.79,#,0.26
1310690026,2007,1310690,13,023,01,#,4.4,#,0.127
1310690029,2007,1310690,13,023,01,#,3.76,#,0.107
1310690032,2007,1310690,13,023,01,#,5.89,#,0.225
1310690035,2007,1310690,13,023,01,#,3.71,#,0.162
1310700001,2007,1310700,13,024,01,#,3.51,#,0.032
1310700004,2007,1310700,13,024,01,#,1.9,#,0.042
1310700007,2007,1310700,13,024,01,#,1.69,#,0.043
1310700010,2007,1310700,13,024,01,#,3.26,#,0.053
1310700013,2007,1310700,13,024,01,#,2.55,#,0.032
1310700016,2007,1310700,13,024,01,#,4.49,#,0.038
1310700019,2007,1310700,13,024,01,#,5.12,#,0.04
1310700022,2007,1310700,13,024,01,#,3.89,#,0.037
1310700025,2007,1310700,13,024,01,#,3.34,#,0.033
1310700028,2007,1310700,13,024,01,#,3.27,#,0.022
1310700031,2007,1310700,13,024,01,#,2.23,#,0.015
1310700034,2007,1310700,13,024,01,#,1.27,#,0.018
1310730002,2007,1310730,13,025,01,#,2.79,#,0.075
1310730004,2007,1310730,13,025,01,#,2.13,#,0.038
1310730007,2007,1310730,13,025,01,#,2.6,#,0.08
1310730011,2007,1310730,13,025,01,#,1.8,#,0.404
1310730014,2007,1310730,13,025,01,#,2.62,#,0.034
1310730017,2007,1310730,13,025,01,#,2.96,#,0.036
1310730020,2007,1310730,13,025,01,#,2.46,#,0.042
1310730022,2007,1310730,13,025,01,#,2.95,#,0.068
1310730026,2007,1310730,13,025,01,#,2.61,#,0.034
1310730029,2007,1310730,13,025,01,#,3.07,#,0.055
1310730032,2007,1310730,13,025,01,#,2.83,#,0.04
1310730035,2007,1310730,13,025,01,#,2.23,#,0.027
1310740001,2007,1310740,13,026,01,#,5.13,#,0.472
1310740003,2007,1310740,13,026,01,#,5.15,#,0.431
1310740005,2007,1310740,13,026,01,#,4.7,#,0.313
1310740007,2007,1310740,13,026,01,#,4.44,#,0.261
1310740009,2007,1310740,13,026,01,#,4.39,#,0.282
1310740011,2007,1310740,13,026,01,#,4.49,#,0.291
1310740013,2007,1310740,13,026,01,#,4.41,#,0.287
1310740015,2007,1310740,13,026,01,#,4.61,#,0.307
1310740017,2007,1310740,13,026,01,#,4.75,#,0.299
1310740019,2007,1310740,13,026,01,#,4.76,#,0.335
1310740021,2007,1310740,13,026,01,#,4.71,#,0.305
1310740023,2007,1310740,13,026,01,#,4.88,#,0.335
1310740025,2007,1310740,13,026,01,#,3.96,#,0.178
1310740027,2007,1310740,13,026,01,#,3.9,#,0.189
1310740029,2007,1310740,13,026,01,#,4.05,#,0.196
1310740031,2007,1310740,13,026,01,#,4.08,#,0.182
1310740033,2007,1310740,13,026,01,#,3.32,#,0.169
1310740035,2007,1310740,13,026,01,#,3.53,#,0.205
1310740037,2007,1310740,13,026,01,#,3.56,#,0.181
1310740039,2007,1310740,13,026,01,#,3.76,#,0.174
1310740041,2007,1310740,13,026,01,#,4.05,#,0.147
1310740043,2007,1310740,13,026,01,#,3.96,#,0.15
1310740045,2007,1310740,13,026,01,#,4.75,#,0.147
1310740047,2007,1310740,13,026,01,#,4.39,#,0.174
1310740049,2007,1310740,13,026,01,#,3.87,#,0.188
1310740051,2007,1310740,13,026,01,#,3.74,#,0.192
1310740053,2007,1310740,13,026,01,#,3.87,#,0.186
1310740055,2007,1310740,13,026,01,#,4.04,#,0.201
1310740057,2007,1310740,13,026,01,#,4.62,#,0.246
1310740059,2007,1310740,13,026,01,#,4.59,#,0.26
1310740061,2007,1310740,13,026,01,#,4.57,#,0.266
1310740063,2007,1310740,13,026,01,#,4.76,#,0.276
1310740065,2007,1310740,13,026,01,#,5.1,#,0.264
1310740067,2007,1310740,13,026,01,#,5.23,#,0.284
1310740069,2007,1310740,13,026,01,#,5.05,#,0.275
1310740071,2007,1310740,13,026,01,#,5.01,#,0.273
1310740073,2007,1310740,13,026,01,#,5.36,#,0.297
1310740075,2007,1310740,13,026,01,#,5.54,#,0.377
1310740077,2007,1310740,13,026,01,#,5.43,#,0.348
1310740079,2007,1310740,13,026,01,#,5.41,#,0.343
1310740081,2007,1310740,13,026,01,#,5.31,#,0.382
1310740083,2007,1310740,13,026,01,#,5.44,#,0.426
1310740085,2007,1310740,13,026,01,#,5.34,#,0.423
1310740087,2007,1310740,13,026,01,#,5.34,#,0.437
1310740089,2007,1310740,13,026,01,#,5.7,#,0.377
1310740091,2007,1310740,13,026,01,#,5.8,#,0.421
1310740093,2007,1310740,13,026,01,#,5.68,#,0.348
1310740095,2007,1310740,13,026,01,#,5.72,#,0.35
1310750002,2007,1310750,13,025,02,#,4.39,#,0.247
1310750004,2007,1310750,13,025,02,#,3.77,#,0.376
1310750007,2007,1310750,13,025,02,#,5.88,#,0.551
1310750011,2007,1310750,13,025,02,#,1.81,#,0.073
1310750014,2007,1310750,13,025,02,#,3.31,#,0.111
1310750017,2007,1310750,13,025,02,#,3.13,#,0.178
1310750020,2007,1310750,13,025,02,#,3.65,#,0.265
1310750022,2007,1310750,13,025,02,#,5.53,#,0.387
1310750026,2007,1310750,13,025,02,#,5.08,#,0.111
1310750029,2007,1310750,13,025,02,#,5.18,#,0.339
1310750032,2007,1310750,13,025,02,#,5.06,#,0.57
1310750035,2007,1310750,13,025,02,#,7.01,#,0.714
1310780002,2007,1310780,13,027,01,#,2.36,#,0.017
1310780004,2007,1310780,13,027,01,#,1.52,#,0.044
1310780007,2007,1310780,13,027,01,#,1.71,#,0.049
1310780011,2007,1310780,13,027,01,#,0.96,#,0.032
1310780014,2007,1310780,13,027,01,#,2.14,#,0.028
1310780017,2007,1310780,13,027,01,#,2.32,#,0.107
1310780020,2007,1310780,13,027,01,#,2.07,#,0.023
1310780022,2007,1310780,13,027,01,#,2.79,#,0.036
1310780026,2007,1310780,13,027,01,#,2.55,#,0.028
1310780029,2007,1310780,13,027,01,#,2.59,#,0.035
1310780032,2007,1310780,13,027,01,#,2.48,#,0.017
1310780035,2007,1310780,13,027,01,#,1.25,#,0.007
1310790001,2007,1310790,13,028,01,#,4.54,#,0.258
1310790004,2007,1310790,13,028,01,#,3.9,#,0.213
1310790007,2007,1310790,13,028,01,#,4.25,#,0.248
1310790010,2007,1310790,13,028,01,#,2.69,#,0.072
1310790013,2007,1310790,13,028,01,#,3.16,#,0.089
1310790016,2007,1310790,13,028,01,#,3.62,#,0.066
1310790019,2007,1310790,13,028,01,#,4.02,#,0.075
1310790022,2007,1310790,13,028,01,#,4.03,#,0.181
1310790025,2007,1310790,13,028,01,#,4.61,#,0.186
1310790028,2007,1310790,13,028,01,#,5.01,#,0.134
1310790031,2007,1310790,13,028,01,#,4.49,#,0.321
1310790034,2007,1310790,13,028,01,#,5.38,#,0.265
1310800001,2007,1310800,13,029,01,#,1.94,#,0.042
1310800004,2007,1310800,13,029,01,#,1.71,#,0.12
1310800007,2007,1310800,13,029,01,#,1.39,#,0.048
1310800010,2007,1310800,13,029,01,#,1.77,#,0.025
1310800013,2007,1310800,13,029,01,#,1.51,#,0.013
1310800016,2007,1310800,13,029,01,#,2.32,#,0.023
1310800019,2007,1310800,13,029,01,#,2.37,#,0.053
1310800022,2007,1310800,13,029,01,#,2.41,#,0.081
1310800025,2007,1310800,13,029,01,#,2.27,#,0.11
1310800028,2007,1310800,13,029,01,#,1.88,#,0.166
1310800031,2007,1310800,13,029,01,#,1.6,#,0.046
1310800034,2007,1310800,13,029,01,#,1.59,#,0.058
1310810001,2007,1310810,13,030,01,#,9.48,#,0.114
1310810003,2007,1310810,13,030,01,#,9.48,#,0.13
1310810005,2007,1310810,13,030,01,#,10.1,#,0.472
1310810007,2007,1310810,13,030,01,#,9.95,#,0.461
1310810009,2007,1310810,13,030,01,#,8.44,#,0.179
1310810011,2007,1310810,13,030,01,#,8.15,#,0.22
1310810013,2007,1310810,13,030,01,#,8.4,#,0.194
1310810015,2007,1310810,13,030,01,#,7.2,#,0.179
1310810017,2007,1310810,13,030,01,#,7.58,#,0.167
1310810019,2007,1310810,13,030,01,#,7.91,#,0.17
1310810021,2007,1310810,13,030,01,#,8.53,#,0.192
1310810023,2007,1310810,13,030,01,#,8.08,#,0.19
1310810025,2007,1310810,13,030,01,#,6.81,#,0.057
1310810027,2007,1310810,13,030,01,#,6.13,#,0.087
1310810029,2007,1310810,13,030,01,#,5.96,#,0.091
1310810031,2007,1310810,13,030,01,#,5.44,#,0.048
1310810033,2007,1310810,13,030,01,#,6.76,#,0.027
1310810035,2007,1310810,13,030,01,#,5.68,#,0.042
1310810037,2007,1310810,13,030,01,#,6.42,#,0.04
1310810039,2007,1310810,13,030,01,#,6.29,#,0.031
1310810041,2007,1310810,13,030,01,#,7.54,#,0.075
1310810043,2007,1310810,13,030,01,#,4.89,#,0.077
1310810045,2007,1310810,13,030,01,#,7.88,#,0.101
1310810047,2007,1310810,13,030,01,#,5.02,#,0.07
1310810049,2007,1310810,13,030,01,#,7.31,#,0.104
1310810051,2007,1310810,13,030,01,#,4.86,#,0.093
1310810053,2007,1310810,13,030,01,#,5.59,#,0.106
1310810055,2007,1310810,13,030,01,#,4,#,0.111
1310810057,2007,1310810,13,030,01,#,8.65,#,0.067
1310810059,2007,1310810,13,030,01,#,8.73,#,0.069
1310810061,2007,1310810,13,030,01,#,8.73,#,0.074
1310810063,2007,1310810,13,030,01,#,8.18,#,0.063
1310810065,2007,1310810,13,030,01,#,9.59,#,0.065
1310810067,2007,1310810,13,030,01,#,9.71,#,0.082
1310810069,2007,1310810,13,030,01,#,9.71,#,0.097
1310810071,2007,1310810,13,030,01,#,8.97,#,0.065
1310810073,2007,1310810,13,030,01,#,13.1,#,0.082
1310810075,2007,1310810,13,030,01,#,11.1,#,0.106
1310810077,2007,1310810,13,030,01,#,10.9,#,0.152
1310810079,2007,1310810,13,030,01,#,10.3,#,0.091
1310810081,2007,1310810,13,030,01,#,9.49,#,0.085
1310810083,2007,1310810,13,030,01,#,9.61,#,0.094
1310810085,2007,1310810,13,030,01,#,9.04,#,0.084
1310810087,2007,1310810,13,030,01,#,8.92,#,0.085
1310810089,2007,1310810,13,030,01,#,11.5,#,0.06
1310810091,2007,1310810,13,030,01,#,11.5,#,0.069
1310810093,2007,1310810,13,030,01,#,12.3,#,0.08
1310810095,2007,1310810,13,030,01,#,10.5,#,0.064
1310820001,2007,1310820,13,030,51,#,2.03,#,0.077
1310820002,2007,1310820,13,030,51,#,1.46,#,0.094
1310820003,2007,1310820,13,030,51,#,0.83,#,0.099
1310820004,2007,1310820,13,030,51,#,2.74,#,0.061
1310820005,2007,1310820,13,030,51,#,2.22,#,0.048
1310820006,2007,1310820,13,030,51,#,3.92,#,0.052
1310820007,2007,1310820,13,030,51,#,5.2,#,0.062
1310820008,2007,1310820,13,030,51,#,5.22,#,0.032
1310820009,2007,1310820,13,030,51,#,5.25,#,0.021
1310820010,2007,1310820,13,030,51,#,4.01,#,0.025
1310820011,2007,1310820,13,030,51,#,3.04,#,0.024
1310820012,2007,1310820,13,030,51,#,1.57,#,0.151
1310830001,2007,1310830,13,031,01,#,3.77,#,0.174
1310830004,2007,1310830,13,031,01,#,4.17,#,0.384
1310830007,2007,1310830,13,031,01,#,4.42,#,0.248
1310830010,2007,1310830,13,031,01,#,4.19,#,0.165
1310830013,2007,1310830,13,031,01,#,3.4,#,0.133
1310830016,2007,1310830,13,031,01,#,4.77,#,0.121
1310830019,2007,1310830,13,031,01,#,5.88,#,0.248
1310830022,2007,1310830,13,031,01,#,5.36,#,0.176
1310830025,2007,1310830,13,031,01,#,6.24,#,0.35
1310830028,2007,1310830,13,031,01,#,6.8,#,0.321
1310830031,2007,1310830,13,031,01,#,5.75,#,0.284
1310830034,2007,1310830,13,031,01,#,5.92,#,0.333
1310850001,2007,1310850,13,032,01,#,1.78,#,0.027
1310850003,2007,1310850,13,032,01,#,1.38,#,0.033
1310850005,2007,1310850,13,032,01,#,1.5,#,0.031
1310850007,2007,1310850,13,032,01,#,1.75,#,0.022
1310850009,2007,1310850,13,032,01,#,1.91,#,0.025
1310850011,2007,1310850,13,032,01,#,1.8,#,0.053
1310850013,2007,1310850,13,032,01,#,1.61,#,0.021
1310850015,2007,1310850,13,032,01,#,1.53,#,0.033
1310850017,2007,1310850,13,032,01,#,1.51,#,0.028
1310850019,2007,1310850,13,032,01,#,1.39,#,0.021
1310850021,2007,1310850,13,032,01,#,1.89,#,0.02
1310850023,2007,1310850,13,032,01,#,1.3,#,0.024
1310860001,2007,1310860,13,032,02,#,2.11,#,0.04
1310860003,2007,1310860,13,032,02,#,1.77,#,0.067
1310860005,2007,1310860,13,032,02,#,2.16,#,0.058
1310860007,2007,1310860,13,032,02,#,2.29,#,0.038
1310860009,2007,1310860,13,032,02,#,2.2,#,0.036
1310860011,2007,1310860,13,032,02,#,1.83,#,0.033
1310860013,2007,1310860,13,032,02,#,1.83,#,0.042
1310860015,2007,1310860,13,032,02,#,2.03,#,0.048
1310860017,2007,1310860,13,032,02,#,1.86,#,0.051
1310860019,2007,1310860,13,032,02,#,2.22,#,0.066
1310860021,2007,1310860,13,032,02,#,2.62,#,0.042
1310860023,2007,1310860,13,032,02,#,1.98,#,0.054
1310870001,2007,1310870,13,034,01,#,6.6,#,0.125
1310870004,2007,1310870,13,034,01,#,9.2,#,0.238
1310870007,2007,1310870,13,034,01,#,9.27,#,0.257
1310870010,2007,1310870,13,034,01,#,8.31,#,0.183
1310870013,2007,1310870,13,034,01,#,6.34,#,0.083
1310870016,2007,1310870,13,034,01,#,8.83,#,0.133
1310870019,2007,1310870,13,034,01,#,9.01,#,0.165
1310870022,2007,1310870,13,034,01,#,7.59,#,0.131
1310870025,2007,1310870,13,034,01,#,10.4,#,0.253
1310870028,2007,1310870,13,034,01,#,11,#,0.281
1310870031,2007,1310870,13,034,01,#,11.4,#,0.386
1310870034,2007,1310870,13,034,01,#,12.1,#,0.452
1310880001,2007,1310880,13,035,01,#,6.32,#,0.04
1310880004,2007,1310880,13,035,01,#,5.82,#,0.053
1310880007,2007,1310880,13,035,01,#,5.72,#,0.05
1310880010,2007,1310880,13,035,01,#,5.84,#,0.033
1310880013,2007,1310880,13,035,01,#,5.91,#,0.06
1310880016,2007,1310880,13,035,01,#,6.13,#,0.034
1310880019,2007,1310880,13,035,01,#,6.64,#,0.044
1310880022,2007,1310880,13,035,01,#,5.86,#,0.039
1310880025,2007,1310880,13,035,01,#,6.4,#,0.066
1310880028,2007,1310880,13,035,01,#,6.29,#,0.033
1310880031,2007,1310880,13,035,01,#,6.63,#,0.076
1310880034,2007,1310880,13,035,01,#,5.69,#,0.046
1310940001,2007,1310940,13,036,01,#,8.35,#,0.23
1310940004,2007,1310940,13,036,01,#,9.62,#,0.228
1310940007,2007,1310940,13,036,01,#,8.13,#,0.11
1310940010,2007,1310940,13,036,01,#,5.82,#,0.099
1310940013,2007,1310940,13,036,01,#,4.66,#,0.092
1310940016,2007,1310940,13,036,01,#,5.6,#,0.09
1310940019,2007,1310940,13,036,01,#,7.8,#,0.399
1310940022,2007,1310940,13,036,01,#,6.08,#,0.222
1310940025,2007,1310940,13,036,01,#,7.59,#,0.188
1310940028,2007,1310940,13,036,01,#,8.87,#,0.429
1310940031,2007,1310940,13,036,01,#,8.89,#,0.213
1310940034,2007,1310940,13,036,01,#,9.17,#,0.215
1310950001,2007,1310950,13,037,01,#,11.1,#,0.146
1310950004,2007,1310950,13,037,01,#,9.09,#,0.193
1310950007,2007,1310950,13,037,01,#,9.53,#,0.174
1310950010,2007,1310950,13,037,01,#,7.32,#,0.216
1310950013,2007,1310950,13,037,01,#,7.81,#,0.031
1310950016,2007,1310950,13,037,01,#,10.6,#,0.083
1310950019,2007,1310950,13,037,01,#,12.4,#,0.11
1310950022,2007,1310950,13,037,01,#,10.8,#,0.072
1310950025,2007,1310950,13,037,01,#,11.1,#,0.09
1310950028,2007,1310950,13,037,01,#,13.6,#,0.111
1310950031,2007,1310950,13,037,01,#,11.9,#,0.087
1310950034,2007,1310950,13,037,01,#,14,#,0.079
1310960001,2007,1310960,13,038,01,#,2.47,#,0.032
1310960004,2007,1310960,13,038,01,#,3.09,#,0.069
1310960007,2007,1310960,13,038,01,#,1.99,#,0.051
1310960010,2007,1310960,13,038,01,#,3.85,#,0.037
1310960013,2007,1310960,13,038,01,#,3.46,#,0.053
1310960016,2007,1310960,13,038,01,#,4.06,#,0.046
1310960019,2007,1310960,13,038,01,#,4.46,#,0.064
1310960022,2007,1310960,13,038,01,#,3.25,#,0.036
1310960025,2007,1310960,13,038,01,#,4.99,#,0.028
1310960028,2007,1310960,13,038,01,#,3.29,#,0.153
1310960031,2007,1310960,13,038,01,#,3.34,#,0.126
1310960034,2007,1310960,13,038,01,#,3.53,#,0.07
1310970004,2007,1310970,13,039,51,#,2.56,#,0.235
1310970011,2007,1310970,13,039,51,#,2.2,#,0.167
1310970018,2007,1310970,13,039,51,#,4.25,#,0.162
1310970025,2007,1310970,13,039,51,#,7.13,#,0.342
1310980001,2007,1310980,13,043,01,#,2.63,#,0.158
1310980004,2007,1310980,13,043,01,#,2.46,#,0.098
1310980007,2007,1310980,13,043,01,#,1.98,#,0.091
1310980010,2007,1310980,13,043,01,#,2.21,#,0.121
1310980013,2007,1310980,13,043,01,#,2.41,#,0.113
1310980016,2007,1310980,13,043,01,#,2.94,#,0.09
1310980019,2007,1310980,13,043,01,#,3.76,#,0.085
1310980022,2007,1310980,13,043,01,#,3.82,#,0.119
1310980025,2007,1310980,13,043,01,#,3.64,#,0.1
1310980028,2007,1310980,13,043,01,#,3.87,#,0.099
1310980031,2007,1310980,13,043,01,#,3.94,#,0.13
1310980034,2007,1310980,13,043,01,#,4.89,#,0.146
1310990001,2007,1310990,13,202,01,#,6.29,#,0.423
1310990004,2007,1310990,13,202,01,#,2.56,#,0.271
1310990007,2007,1310990,13,202,01,#,2.22,#,0.201
1310990010,2007,1310990,13,202,01,#,2.11,#,0.223
1310990013,2007,1310990,13,202,01,#,2.51,#,0.192
1310990016,2007,1310990,13,202,01,#,3.56,#,0.199
1310990019,2007,1310990,13,202,01,#,6.26,#,0.281
1310990022,2007,1310990,13,202,01,#,3.61,#,0.172
1310990025,2007,1310990,13,202,01,#,5.85,#,0.197
1310990028,2007,1310990,13,202,01,#,6.62,#,0.278
1310990031,2007,1310990,13,202,01,#,6.87,#,0.344
1310990034,2007,1310990,13,202,01,#,7.99,#,0.27
1311000001,2007,1311000,13,044,01,#,4.77,#,0.354
1311000004,2007,1311000,13,044,01,#,2.85,#,0.247
1311000007,2007,1311000,13,044,01,#,2.46,#,0.138
1311000010,2007,1311000,13,044,01,#,2.46,#,0.156
1311000013,2007,1311000,13,044,01,#,2.43,#,0.272
1311000016,2007,1311000,13,044,01,#,2.71,#,0.153
1311000019,2007,1311000,13,044,01,#,5.02,#,0.184
1311000022,2007,1311000,13,044,01,#,4.46,#,0.183
1311000025,2007,1311000,13,044,01,#,4.04,#,0.128
1311000028,2007,1311000,13,044,01,#,4.23,#,0.116
1311000031,2007,1311000,13,044,01,#,6.05,#,0.246
1311000034,2007,1311000,13,044,01,#,7.38,#,0.239
1311010001,2007,1311010,13,044,51,#,3.79,#,0.247
1311010004,2007,1311010,13,044,51,#,2.99,#,0.343
1311010007,2007,1311010,13,044,51,#,2.35,#,0.125
1311010010,2007,1311010,13,044,51,#,2.09,#,0.232
1311010013,2007,1311010,13,044,51,#,2.55,#,0.259
1311010016,2007,1311010,13,044,51,#,3.01,#,0.085
1311010019,2007,1311010,13,044,51,#,3.74,#,0.165
1311010022,2007,1311010,13,044,51,#,3.43,#,0.114
1311010025,2007,1311010,13,044,51,#,3.39,#,0.11
1311010028,2007,1311010,13,044,51,#,3.23,#,0.103
1311010031,2007,1311010,13,044,51,#,4.16,#,0.156
1311010034,2007,1311010,13,044,51,#,4.9,#,0.172
1311020001,2007,1311020,13,204,01,#,3.67,#,0.27
1311020002,2007,1311020,13,204,01,#,2.15,#,0.111
1311020003,2007,1311020,13,204,01,#,2.65,#,0.153
1311020004,2007,1311020,13,204,01,#,2.02,#,0.17
1311020005,2007,1311020,13,204,01,#,1.79,#,0.139
1311020006,2007,1311020,13,204,01,#,3.07,#,0.14
1311020007,2007,1311020,13,204,01,#,3.47,#,0.194
1311020008,2007,1311020,13,204,01,#,3.38,#,0.167
1311020009,2007,1311020,13,204,01,#,5.4,#,0.177
1311020010,2007,1311020,13,204,01,#,6.33,#,0.242
1311020011,2007,1311020,13,204,01,#,5.93,#,0.315
1311020012,2007,1311020,13,204,01,#,7.61,#,0.343
1311030001,2007,1311030,13,049,01,#,4.03,#,0.27
1311030004,2007,1311030,13,049,01,#,3.16,#,0.22
1311030007,2007,1311030,13,049,01,#,3.48,#,0.299
1311030010,2007,1311030,13,049,01,#,3.63,#,0.336
1311030013,2007,1311030,13,049,01,#,3.02,#,0.333
1311030016,2007,1311030,13,049,01,#,4.18,#,0.237
1311030019,2007,1311030,13,049,01,#,4.49,#,0.261
1311030022,2007,1311030,13,049,01,#,4.01,#,0.235
1311030025,2007,1311030,13,049,01,#,3.66,#,0.191
1311030028,2007,1311030,13,049,01,#,3.39,#,0.172
1311030031,2007,1311030,13,049,01,#,4.61,#,0.201
1311030034,2007,1311030,13,049,01,#,5.58,#,0.205
1311050001,2007,1311050,13,050,01,#,4.16,#,0.257
1311050004,2007,1311050,13,050,01,#,3.83,#,0.23
1311050007,2007,1311050,13,050,01,#,3.6,#,0.324
1311050010,2007,1311050,13,050,01,#,3.93,#,0.329
1311050013,2007,1311050,13,050,01,#,3.28,#,0.315
1311050016,2007,1311050,13,050,01,#,4.39,#,0.223
1311050019,2007,1311050,13,050,01,#,4.77,#,0.24
1311050022,2007,1311050,13,050,01,#,4.22,#,0.227
1311050025,2007,1311050,13,050,01,#,3.63,#,0.202
1311050028,2007,1311050,13,050,01,#,4.03,#,0.195
1311050031,2007,1311050,13,050,01,#,4.53,#,0.232
1311050034,2007,1311050,13,050,01,#,4.89,#,0.196
1311100001,2007,1311100,13,059,01,#,4.18,#,0.023
1311100004,2007,1311100,13,059,01,#,3.82,#,0.024
1311100007,2007,1311100,13,059,01,#,3.96,#,0.014
1311100010,2007,1311100,13,059,01,#,4.1,#,0.02
1311100013,2007,1311100,13,059,01,#,3.94,#,0.032
1311100016,2007,1311100,13,059,01,#,4.67,#,0.012
1311100019,2007,1311100,13,059,01,#,4.7,#,0.019
1311100022,2007,1311100,13,059,01,#,4.42,#,0.019
1311100025,2007,1311100,13,059,01,#,5.06,#,0.023
1311100028,2007,1311100,13,059,01,#,4.51,#,0.016
1311100031,2007,1311100,13,059,01,#,4.47,#,0.016
1311100034,2007,1311100,13,059,01,#,4.76,#,0.019
1311110001,2007,1311110,13,041,01,#,2.86,#,0.035
1311110004,2007,1311110,13,041,01,#,2.25,#,0.024
1311110007,2007,1311110,13,041,01,#,2.65,#,0.031
1311110010,2007,1311110,13,041,01,#,3.79,#,0.019
1311110013,2007,1311110,13,041,01,#,3.75,#,0.023
1311110016,2007,1311110,13,041,01,#,3.51,#,0.014
1311110019,2007,1311110,13,041,01,#,3.48,#,0.026
1311110022,2007,1311110,13,041,01,#,3.08,#,0.019
1311110025,2007,1311110,13,041,01,#,3,#,0.027
1311110028,2007,1311110,13,041,01,#,2.46,#,0.016
1311110031,2007,1311110,13,041,01,#,2.75,#,0.018
1311110034,2007,1311110,13,041,01,#,2.2,#,0.086
1311130001,2007,1311130,13,215,01,#,6.8,#,0.039
1311130004,2007,1311130,13,215,01,#,7.23,#,0.101
1311130007,2007,1311130,13,215,01,#,6.73,#,0.05
1311130010,2007,1311130,13,215,01,#,7.56,#,0.04
1311130013,2007,1311130,13,215,01,#,5.94,#,0.054
1311130016,2007,1311130,13,215,01,#,6.67,#,0.038
1311130019,2007,1311130,13,215,01,#,6.76,#,0.043
1311130022,2007,1311130,13,215,01,#,6.71,#,0.023
1311130025,2007,1311130,13,215,01,#,6.63,#,0.059
1311130028,2007,1311130,13,215,01,#,6.95,#,0.04
1311130031,2007,1311130,13,215,01,#,7.34,#,0.055
1311130034,2007,1311130,13,215,01,#,6.58,#,0.05
1311140001,2007,1311140,13,005,54,#,4.83,#,0.432
1311140004,2007,1311140,13,005,54,#,3.45,#,0.327
1311140007,2007,1311140,13,005,54,#,2.62,#,0.186
1311140010,2007,1311140,13,005,54,#,2.72,#,0.218
1311140013,2007,1311140,13,005,54,#,2.56,#,0.167
1311140016,2007,1311140,13,005,54,#,3.81,#,0.219
1311140019,2007,1311140,13,005,54,#,4.4,#,0.216
1311140023,2007,1311140,13,005,54,#,3.56,#,0.175
1311140025,2007,1311140,13,005,54,#,5.3,#,0.273
1311140028,2007,1311140,13,005,54,#,6.57,#,0.282
1311140031,2007,1311140,13,005,54,#,5.16,#,0.346
1311140034,2007,1311140,13,005,54,#,6.67,#,0.38
1311160001,2007,1311160,13,042,01,#,1.84,#,0.048
1311160004,2007,1311160,13,042,01,#,1.59,#,0.091
1311160007,2007,1311160,13,042,01,#,2.03,#,0.07
1311160010,2007,1311160,13,042,01,#,2.17,#,0.044
1311160013,2007,1311160,13,042,01,#,2.49,#,0.041
1311160016,2007,1311160,13,042,01,#,1.62,#,0.024
1311160019,2007,1311160,13,042,01,#,2.11,#,0.094
1311160022,2007,1311160,13,042,01,#,2.17,#,0.069
1311160025,2007,1311160,13,042,01,#,2.35,#,0.078
1311160028,2007,1311160,13,042,01,#,2.45,#,0.069
1311160031,2007,1311160,13,042,01,#,2.81,#,0.075
1311160034,2007,1311160,13,042,01,#,2.41,#,0.093
1311170001,2007,1311170,13,056,01,#,0.84,#,0.015
1311170003,2007,1311170,13,056,01,#,0.8,#,0.014
1311170005,2007,1311170,13,056,01,#,0.74,#,0.015
1311170007,2007,1311170,13,056,01,#,0.87,#,0.019
1311170009,2007,1311170,13,056,01,#,0.89,#,0.02
1311170011,2007,1311170,13,056,01,#,0.93,#,0.016
1311170013,2007,1311170,13,056,01,#,0.75,#,0.017
1311170015,2007,1311170,13,056,01,#,0.78,#,0.035
1311170017,2007,1311170,13,056,01,#,0.76,#,0.017
1311170019,2007,1311170,13,056,01,#,0.69,#,0.017
1311170021,2007,1311170,13,056,01,#,0.71,#,0.025
1311170023,2007,1311170,13,056,01,#,0.61,#,0.016
1311200001,2007,1311200,13,219,01,#,5.45,#,0.661
1311200004,2007,1311200,13,219,01,#,3.86,#,0.414
1311200007,2007,1311200,13,219,01,#,2.73,#,0.201
1311200010,2007,1311200,13,219,01,#,2.63,#,0.248
1311200013,2007,1311200,13,219,01,#,2.66,#,0.224
1311200016,2007,1311200,13,219,01,#,3.83,#,0.213
1311200019,2007,1311200,13,219,01,#,5.03,#,0.303
1311200022,2007,1311200,13,219,01,#,3.35,#,0.14
1311200025,2007,1311200,13,219,01,#,5.3,#,0.256
1311200028,2007,1311200,13,219,01,#,12.3,#,0.31
1311200031,2007,1311200,13,219,01,#,5.25,#,0.35
1311200034,2007,1311200,13,219,01,#,6.66,#,0.42
1311210002,2007,1311210,13,054,01,#,3.05,#,0.059
1311210004,2007,1311210,13,054,01,#,2.93,#,0.066
1311210007,2007,1311210,13,054,01,#,3.58,#,0.125
1311210011,2007,1311210,13,054,01,#,1.43,#,0.08
1311210014,2007,1311210,13,054,01,#,3.71,#,0.049
1311210017,2007,1311210,13,054,01,#,4.79,#,0.032
1311210020,2007,1311210,13,054,01,#,2.89,#,0.052
1311210022,2007,1311210,13,054,01,#,4.6,#,0.065
1311210026,2007,1311210,13,054,01,#,3.71,#,0.049
1311210029,2007,1311210,13,054,01,#,3.41,#,0.076
1311210032,2007,1311210,13,054,01,#,3.55,#,0.091
1311210035,2007,1311210,13,054,01,#,3.48,#,0.056
1311220002,2007,1311220,13,055,01,#,3.1,#,0.112
1311220004,2007,1311220,13,055,01,#,2.83,#,0.096
1311220007,2007,1311220,13,055,01,#,3.34,#,0.11
1311220011,2007,1311220,13,055,01,#,1.57,#,0.117
1311220014,2007,1311220,13,055,01,#,3.21,#,0.056
1311220017,2007,1311220,13,055,01,#,3.3,#,0.052
1311220020,2007,1311220,13,055,01,#,3.48,#,0.077
1311220022,2007,1311220,13,055,01,#,3.7,#,0.103
1311220026,2007,1311220,13,055,01,#,3.89,#,0.056
1311220029,2007,1311220,13,055,01,#,3.88,#,0.124
1311220032,2007,1311220,13,055,01,#,3.9,#,0.135
1311220035,2007,1311220,13,055,01,#,3.39,#,0.104
1311230001,2007,1311230,13,029,51,#,2.43,#,0.094
1311230002,2007,1311230,13,029,51,#,1.11,#,0.037
1311230003,2007,1311230,13,029,51,#,0.7,#,0.063
1311230004,2007,1311230,13,029,51,#,1.14,#,0.114
1311230005,2007,1311230,13,029,51,#,2.69,#,0.055
1311230006,2007,1311230,13,029,51,#,1.76,#,0.037
1311230007,2007,1311230,13,029,51,#,1.98,#,0.083
1311230008,2007,1311230,13,029,51,#,2.13,#,0.072
1311230009,2007,1311230,13,029,51,#,2.69,#,0.055
1311230010,2007,1311230,13,029,51,#,1.96,#,0.076
1311230011,2007,1311230,13,029,51,#,1.9,#,0.079
1311230012,2007,1311230,13,029,51,#,0.48,#,0.063
1311260001,2007,1311260,13,222,01,#,8.01,#,0.115
1311260004,2007,1311260,13,222,01,#,11.4,#,0.127
1311260007,2007,1311260,13,222,01,#,12.2,#,0.509
1311260010,2007,1311260,13,222,01,#,9.47,#,0.108
1311260013,2007,1311260,13,222,01,#,9.4,#,0.048
1311260016,2007,1311260,13,222,01,#,9.54,#,0.085
1311260019,2007,1311260,13,222,01,#,11.8,#,0.092
1311260022,2007,1311260,13,222,01,#,10.2,#,1.05
1311260025,2007,1311260,13,222,01,#,10.8,#,0.187
1311260028,2007,1311260,13,222,01,#,11.6,#,0.057
1311260031,2007,1311260,13,222,01,#,10.4,#,0.908
1311260034,2007,1311260,13,222,01,#,12.6,#,0.094
1311270001,2007,1311270,13,047,01,#,7.12,#,0.679
1311270004,2007,1311270,13,047,01,#,6.03,#,0.763
1311270007,2007,1311270,13,047,01,#,5.72,#,0.759
1311270010,2007,1311270,13,047,01,#,6.6,#,0.673
1311270013,2007,1311270,13,047,01,#,5.75,#,0.587
1311270016,2007,1311270,13,047,01,#,6.67,#,0.615
1311270019,2007,1311270,13,047,01,#,7.55,#,0.712
1311270022,2007,1311270,13,047,01,#,5.18,#,0.434
1311270025,2007,1311270,13,047,01,#,6.37,#,0.542
1311270028,2007,1311270,13,047,01,#,6.33,#,0.532
1311270031,2007,1311270,13,047,01,#,7.12,#,0.5
1311270034,2007,1311270,13,047,01,#,7.4,#,0.662
1311280001,2007,1311280,13,040,01,#,4.08,#,0.285
1311280004,2007,1311280,13,040,01,#,4.34,#,0.269
1311280007,2007,1311280,13,040,01,#,3.53,#,0.368
1311280010,2007,1311280,13,040,01,#,3.88,#,0.368
1311280013,2007,1311280,13,040,01,#,3.82,#,0.352
1311280016,2007,1311280,13,040,01,#,4.42,#,0.249
1311280019,2007,1311280,13,040,01,#,4.5,#,0.252
1311280022,2007,1311280,13,040,01,#,3.98,#,0.243
1311280025,2007,1311280,13,040,01,#,3.78,#,0.2
1311280028,2007,1311280,13,040,01,#,3.49,#,0.177
1311280031,2007,1311280,13,040,01,#,3.84,#,0.218
1311280034,2007,1311280,13,040,01,#,5.92,#,0.196
1311290001,2007,1311290,13,045,01,#,4.32,#,0.272
1311290004,2007,1311290,13,045,01,#,4.25,#,0.267
1311290007,2007,1311290,13,045,01,#,4.15,#,0.337
1311290010,2007,1311290,13,045,01,#,4.01,#,0.314
1311290013,2007,1311290,13,045,01,#,3.52,#,0.274
1311290016,2007,1311290,13,045,01,#,5.88,#,0.253
1311290019,2007,1311290,13,045,01,#,4.84,#,0.241
1311290022,2007,1311290,13,045,01,#,3.88,#,0.259
1311290025,2007,1311290,13,045,01,#,4.68,#,0.217
1311290028,2007,1311290,13,045,01,#,4.9,#,0.208
1311290031,2007,1311290,13,045,01,#,4.45,#,0.242
1311290034,2007,1311290,13,045,01,#,5.02,#,0.2
1311300001,2007,1311300,13,048,01,#,4.49,#,0.339
1311300004,2007,1311300,13,048,01,#,3.41,#,0.289
1311300007,2007,1311300,13,048,01,#,2.76,#,0.432
1311300010,2007,1311300,13,048,01,#,5.13,#,0.371
1311300013,2007,1311300,13,048,01,#,4.4,#,0.317
1311300016,2007,1311300,13,048,01,#,4.46,#,0.247
1311300019,2007,1311300,13,048,01,#,3.85,#,0.296
1311300022,2007,1311300,13,048,01,#,4.88,#,0.243
1311300025,2007,1311300,13,048,01,#,3.61,#,0.204
1311300028,2007,1311300,13,048,01,#,3.31,#,0.184
1311300031,2007,1311300,13,048,01,#,3.61,#,0.159
1311300034,2007,1311300,13,048,01,#,5.95,#,0.22
1311310001,2007,1311310,13,046,01,#,4.51,#,0.279
1311310004,2007,1311310,13,046,01,#,4.91,#,0.325
1311310007,2007,1311310,13,046,01,#,4.45,#,0.363
1311310010,2007,1311310,13,046,01,#,4.37,#,0.324
1311310013,2007,1311310,13,046,01,#,3.4,#,0.287
1311310016,2007,1311310,13,046,01,#,6.12,#,0.305
1311310019,2007,1311310,13,046,01,#,4.8,#,0.243
1311310022,2007,1311310,13,046,01,#,4.63,#,0.255
1311310025,2007,1311310,13,046,01,#,4.72,#,0.226
1311310028,2007,1311310,13,046,01,#,5.12,#,0.214
1311310031,2007,1311310,13,046,01,#,4.49,#,0.257
1311310034,2007,1311310,13,046,01,#,4.49,#,0.204
1311320001,2007,1311320,13,057,01,#,1.18,#,0.018
1311320003,2007,1311320,13,057,01,#,1.06,#,0.019
1311320005,2007,1311320,13,057,01,#,1.09,#,0.021
1311320007,2007,1311320,13,057,01,#,1.2,#,0.02
1311320009,2007,1311320,13,057,01,#,1.27,#,0.016
1311320011,2007,1311320,13,057,01,#,1.37,#,0.019
1311320013,2007,1311320,13,057,01,#,0.98,#,0.016
1311320015,2007,1311320,13,057,01,#,0.96,#,0.016
1311320017,2007,1311320,13,057,01,#,0.99,#,0.014
1311320019,2007,1311320,13,057,01,#,0.96,#,0.015
1311320021,2007,1311320,13,057,01,#,1.01,#,0.013
1311320023,2007,1311320,13,057,01,#,0.78,#,0.01
1311330001,2007,1311330,13,058,01,#,1.17,#,0.017
1311330003,2007,1311330,13,058,01,#,1.33,#,0.024
1311330005,2007,1311330,13,058,01,#,1.26,#,0.022
1311330007,2007,1311330,13,058,01,#,1.24,#,0.028
1311330009,2007,1311330,13,058,01,#,1.29,#,0.022
1311330011,2007,1311330,13,058,01,#,1.48,#,0.028
1311330013,2007,1311330,13,058,01,#,1.25,#,0.018
1311330015,2007,1311330,13,058,01,#,0.99,#,0.017
1311330017,2007,1311330,13,058,01,#,1.13,#,0.015
1311330019,2007,1311330,13,058,01,#,1.2,#,0.016
1311330021,2007,1311330,13,058,01,#,1.38,#,0.016
1311330023,2007,1311330,13,058,01,#,1.08,#,0.016
1311340002,2007,1311340,13,053,01,#,3.96,#,0.254
1311340004,2007,1311340,13,053,01,#,2.66,#,0.178
1311340007,2007,1311340,13,053,01,#,3.65,#,0.197
1311340011,2007,1311340,13,053,01,#,1.47,#,0.244
1311340014,2007,1311340,13,053,01,#,3.48,#,0.077
1311340017,2007,1311340,13,053,01,#,4.22,#,0.113
1311340020,2007,1311340,13,053,01,#,2.84,#,0.163
1311340022,2007,1311340,13,053,01,#,4.57,#,0.125
1311340026,2007,1311340,13,053,01,#,4.47,#,0.077
1311340029,2007,1311340,13,053,01,#,4.43,#,0.199
1311340032,2007,1311340,13,053,01,#,4.05,#,0.248
1311340035,2007,1311340,13,053,01,#,4.19,#,0.297
1311350002,2007,1311350,13,051,01,#,3.89,#,0.058
1311350003,2007,1311350,13,051,01,#,1.32,#,0.033
1311350005,2007,1311350,13,051,01,#,1.7,#,0.059
1311350008,2007,1311350,13,051,01,#,1.12,#,0.04
1311350010,2007,1311350,13,051,01,#,1.83,#,0.032
1311350012,2007,1311350,13,051,01,#,2.06,#,0.028
1311350014,2007,1311350,13,051,01,#,1.66,#,0.027
1311350015,2007,1311350,13,051,01,#,2,#,0.038
1311350018,2007,1311350,13,051,01,#,1.83,#,0.032
1311350020,2007,1311350,13,051,01,#,2.15,#,0.033
1311350022,2007,1311350,13,051,01,#,1.76,#,0.029
1311350024,2007,1311350,13,051,01,#,1,<,0.003
1311360001,2007,1311360,13,052,01,#,2.63,#,0.128
1311360003,2007,1311360,13,052,01,#,3.22,#,0.232
1311360005,2007,1311360,13,052,01,#,3.62,#,0.203
1311360007,2007,1311360,13,052,01,#,3.06,#,0.089
1311360009,2007,1311360,13,052,01,#,2.19,#,0.103
1311360011,2007,1311360,13,052,01,#,2.44,#,0.097
1311360013,2007,1311360,13,052,01,#,3.18,#,0.127
1311360015,2007,1311360,13,052,01,#,3.06,#,0.148
1311360017,2007,1311360,13,052,01,#,3.3,#,0.167
1311360019,2007,1311360,13,052,01,#,4.06,#,0.168
1311360021,2007,1311360,13,052,01,#,3.12,#,0.153
1311360023,2007,1311360,13,052,01,#,3.47,#,0.198
1320010001,2007,1320010,13,501,51,#,0.51,#,0.007
1320010002,2007,1320010,13,501,51,#,0.51,#,0.007
1320010003,2007,1320010,13,501,51,#,0.49,#,0.007
1320010004,2007,1320010,13,501,51,#,0.54,#,0.008
1320010005,2007,1320010,13,501,51,#,0.38,#,0.008
1320010006,2007,1320010,13,501,51,#,0.55,#,0.009
1320010007,2007,1320010,13,501,51,#,0.35,#,0.005
1320010008,2007,1320010,13,501,51,#,0.52,#,0.008
1320010009,2007,1320010,13,501,51,#,0.36,#,0.01
1320010010,2007,1320010,13,501,51,#,0.57,#,0.009
1320010011,2007,1320010,13,501,51,#,0.44,#,0.011
1320010012,2007,1320010,13,501,51,#,0.62,#,0.01
1320010013,2007,1320010,13,501,51,#,0.44,#,0.012
1320010014,2007,1320010,13,501,51,#,0.57,#,0.034
1320010015,2007,1320010,13,501,51,#,0.52,#,0.017
1320010016,2007,1320010,13,501,51,#,0.55,#,0.026
1320010017,2007,1320010,13,501,51,#,0.52,#,0.018
1320010018,2007,1320010,13,501,51,#,0.56,#,0.023
1320010019,2007,1320010,13,501,51,#,0.54,#,0.013
1320010020,2007,1320010,13,501,51,#,0.5,#,0.019
1320010021,2007,1320010,13,501,51,#,0.61,#,0.011
1320010022,2007,1320010,13,501,51,#,0.54,#,0.015
1320010023,2007,1320010,13,501,51,#,0.52,#,0.012
1320010024,2007,1320010,13,501,51,#,0.48,#,0.013
1320020001,2007,1320020,13,501,01,#,0.48,#,0.004
1320020002,2007,1320020,13,501,01,#,0.58,#,0.004
1320020003,2007,1320020,13,501,01,#,0.5,#,0.01
1320020004,2007,1320020,13,501,01,#,0.47,#,0.003
1320020005,2007,1320020,13,501,01,#,0.52,#,0.004
1320020006,2007,1320020,13,501,01,#,0.48,#,0.011
1320020007,2007,1320020,13,501,01,#,0.6,#,0.004
1320020008,2007,1320020,13,501,01,#,0.6,#,0.003
1320020009,2007,1320020,13,501,01,#,0.54,#,0.008
1320020010,2007,1320020,13,501,01,#,0.36,#,0.004
1320020011,2007,1320020,13,501,01,#,0.52,#,0.003
1320020012,2007,1320020,13,501,01,#,0.48,#,0.009
1320020013,2007,1320020,13,501,01,#,0.38,#,0.007
1320020014,2007,1320020,13,501,01,#,0.6,#,0.004
1320020015,2007,1320020,13,501,01,#,0.46,#,0.01
1320020016,2007,1320020,13,501,01,#,0.44,#,0.007
1320020017,2007,1320020,13,501,01,#,0.6,#,0.003
1320020018,2007,1320020,13,501,01,#,0.49,#,0.011
1320020019,2007,1320020,13,501,01,#,0.6,#,0.02
1320020020,2007,1320020,13,501,01,#,0.54,#,0.017
1320020021,2007,1320020,13,501,01,#,0.56,#,0.028
1320020022,2007,1320020,13,501,01,#,0.6,#,0.02
1320020023,2007,1320020,13,501,01,#,0.53,#,0.017
1320020024,2007,1320020,13,501,01,#,0.63,#,0.018
1320020025,2007,1320020,13,501,01,#,0.6,#,0.025
1320020026,2007,1320020,13,501,01,#,0.62,#,0.037
1320020027,2007,1320020,13,501,01,#,0.6,#,0.01
1320020028,2007,1320020,13,501,01,#,0.55,#,0.013
1320020029,2007,1320020,13,501,01,#,0.54,#,0.012
1320020030,2007,1320020,13,501,01,#,0.51,#,0.011
1320020031,2007,1320020,13,501,01,#,0.53,#,0.012
1320020032,2007,1320020,13,501,01,#,0.65,#,0.014
1320020033,2007,1320020,13,501,01,#,0.57,#,0.017
1320020034,2007,1320020,13,501,01,#,0.48,#,0.01
1320020035,2007,1320020,13,501,01,#,0.59,#,0.013
1320020036,2007,1320020,13,501,01,#,0.49,#,0.033
1330010001,2007,1330010,13,601,01,#,2.23,#,0.16
1330010002,2007,1330010,13,601,01,#,1.04,#,0.098
1330010003,2007,1330010,13,601,01,#,1.86,#,0.163
1330010004,2007,1330010,13,601,01,#,1.06,#,0.106
1330010005,2007,1330010,13,601,01,#,3.2,#,0.308
1330010006,2007,1330010,13,601,01,#,0.86,#,0.171
1330010007,2007,1330010,13,601,01,#,2.81,#,0.284
1330010008,2007,1330010,13,601,01,#,0.71,#,0.157
1330010009,2007,1330010,13,601,01,#,2.33,#,0.229
1330010010,2007,1330010,13,601,01,#,0.92,#,0.121
1330010012,2007,1330010,13,601,01,#,2.25,#,0.258
1330010013,2007,1330010,13,601,01,#,0.79,#,0.109
1330010014,2007,1330010,13,601,01,#,2.55,#,0.194
1330010015,2007,1330010,13,601,01,#,1.26,#,0.153
1330010016,2007,1330010,13,601,01,#,2.84,#,0.235
1330010017,2007,1330010,13,601,01,#,0.98,#,0.109
1330010018,2007,1330010,13,601,01,#,2.24,#,0.133
1330010019,2007,1330010,13,601,01,#,0.91,#,0.074
1330010020,2007,1330010,13,601,01,#,2.14,#,0.12
1330010021,2007,1330010,13,601,01,#,1.05,#,0.071
1330010022,2007,1330010,13,601,01,#,1.76,#,0.116
1330010023,2007,1330010,13,601,01,#,1.07,#,0.078
1330010025,2007,1330010,13,601,01,#,1.81,#,0.085
1330010026,2007,1330010,13,601,01,#,0.98,#,0.05
1330020001,2007,1330020,13,601,02,#,1.66,#,0.124
1330020002,2007,1330020,13,601,02,#,1.1,#,0.094
1330020003,2007,1330020,13,601,02,#,1.63,#,0.157
1330020004,2007,1330020,13,601,02,#,0.88,#,0.091
1330020005,2007,1330020,13,601,02,#,2.23,#,0.237
1330020006,2007,1330020,13,601,02,#,0.68,#,0.206
1330020007,2007,1330020,13,601,02,#,2.22,#,0.253
1330020008,2007,1330020,13,601,02,#,0.69,#,0.165
1330020009,2007,1330020,13,601,02,#,1.59,#,0.183
1330020010,2007,1330020,13,601,02,#,0.68,#,0.105
1330020012,2007,1330020,13,601,02,#,1.53,#,0.162
1330020013,2007,1330020,13,601,02,#,0.74,#,0.107
1330020014,2007,1330020,13,601,02,#,1.66,#,0.146
1330020015,2007,1330020,13,601,02,#,0.98,#,0.136
1330020016,2007,1330020,13,601,02,#,1.95,#,0.17
1330020017,2007,1330020,13,601,02,#,0.85,#,0.104
1330020018,2007,1330020,13,601,02,#,1.3,#,0.094
1330020019,2007,1330020,13,601,02,#,0.91,#,0.074
1330020020,2007,1330020,13,601,02,#,1.6,#,0.11
1330020021,2007,1330020,13,601,02,#,0.75,#,0.063
1330020022,2007,1330020,13,601,02,#,1.42,#,0.093
1330020023,2007,1330020,13,601,02,#,1.03,#,0.076
1330020025,2007,1330020,13,601,02,#,1.39,#,0.048
1330020026,2007,1330020,13,601,02,#,0.98,#,0.043
1330030001,2007,1330030,13,601,03,#,2.82,#,0.187
1330030002,2007,1330030,13,601,03,#,0.84,#,0.073
1330030003,2007,1330030,13,601,03,#,1.97,#,0.104
1330030004,2007,1330030,13,601,03,#,0.88,#,0.16
1330030005,2007,1330030,13,601,03,#,3.04,#,0.29
1330030006,2007,1330030,13,601,03,#,0.58,#,0.138
1330030007,2007,1330030,13,601,03,#,2.14,#,0.271
1330030008,2007,1330030,13,601,03,#,0.5,#,0.117
1330030009,2007,1330030,13,601,03,#,2.2,#,0.202
1330030010,2007,1330030,13,601,03,#,0.71,#,0.186
1330030012,2007,1330030,13,601,03,#,1.65,#,0.188
1330030013,2007,1330030,13,601,03,#,0.6,#,0.104
1330030014,2007,1330030,13,601,03,#,2.85,#,0.223
1330030015,2007,1330030,13,601,03,#,0.91,#,0.161
1330030016,2007,1330030,13,601,03,#,2.9,#,0.273
1330030017,2007,1330030,13,601,03,#,0.6,#,0.069
1330030018,2007,1330030,13,601,03,#,1.83,#,0.111
1330030019,2007,1330030,13,601,03,#,0.58,#,0.058
1330030020,2007,1330030,13,601,03,#,2.21,#,0.12
1330030021,2007,1330030,13,601,03,#,0.78,#,0.064
1330030022,2007,1330030,13,601,03,#,2.08,#,0.133
1330030023,2007,1330030,13,601,03,#,0.87,#,0.065
1330030025,2007,1330030,13,601,03,#,1.55,#,0.076
1330030026,2007,1330030,13,601,03,#,0.91,#,0.058
1330040001,2007,1330040,13,601,04,#,4.79,#,0.567
1330040002,2007,1330040,13,601,04,#,1.26,#,0.105
1330040003,2007,1330040,13,601,04,#,4.73,#,0.553
1330040004,2007,1330040,13,601,04,#,1.06,#,0.09
1330040005,2007,1330040,13,601,04,#,3.72,#,0.479
1330040006,2007,1330040,13,601,04,#,1.53,#,0.249
1330040007,2007,1330040,13,601,04,#,5.33,#,0.854
1330040008,2007,1330040,13,601,04,#,1.09,#,0.187
1330040009,2007,1330040,13,601,04,#,2.35,#,0.209
1330040010,2007,1330040,13,601,04,#,1.4,#,0.189
1330040012,2007,1330040,13,601,04,#,3.46,#,0.461
1330040013,2007,1330040,13,601,04,#,1.23,#,0.125
1330040014,2007,1330040,13,601,04,#,5.71,#,0.641
1330040015,2007,1330040,13,601,04,#,1.59,#,0.155
1330040016,2007,1330040,13,601,04,#,4.58,#,0.53
1330040017,2007,1330040,13,601,04,#,1.92,#,0.19
1330040018,2007,1330040,13,601,04,#,4.07,#,0.392
1330040019,2007,1330040,13,601,04,#,1.35,#,0.115
1330040020,2007,1330040,13,601,04,#,3.06,#,0.363
1330040021,2007,1330040,13,601,04,#,1.33,#,0.119
1330040022,2007,1330040,13,601,04,#,1.88,#,0.176
1330040023,2007,1330040,13,601,04,#,1.73,#,0.143
1330040025,2007,1330040,13,601,04,#,3.17,#,0.213
1330040026,2007,1330040,13,601,04,#,1.44,#,0.08
1330050001,2007,1330050,13,601,51,#,4.04,#,0.306
1330050002,2007,1330050,13,601,51,#,1.52,#,0.26
1330050003,2007,1330050,13,601,51,#,2.96,#,0.144
1330050004,2007,1330050,13,601,51,#,1.66,#,0.113
1330060001,2007,1330060,13,601,52,#,4.87,#,0.401
1330060002,2007,1330060,13,601,52,#,0.91,#,0.19
1330060003,2007,1330060,13,601,52,#,2.48,#,0.139
1330060004,2007,1330060,13,601,52,#,0.91,#,0.076
1330070001,2007,1330070,13,601,53,#,2.07,#,0.221
1330070002,2007,1330070,13,601,53,#,1.22,#,0.192
1330070003,2007,1330070,13,601,53,#,1.52,#,0.097
1330070004,2007,1330070,13,601,53,#,0.97,#,0.066
1330080001,2007,1330080,13,601,54,#,3.74,#,0.304
1330080002,2007,1330080,13,601,54,#,1.26,#,0.239
1330080003,2007,1330080,13,601,54,#,2.05,#,0.108
1330080004,2007,1330080,13,601,54,#,1.59,#,0.09
1330090001,2007,1330090,13,601,55,#,1.87,#,0.214
1330090002,2007,1330090,13,601,55,#,0.75,#,0.189
1330090003,2007,1330090,13,601,55,#,1.61,#,0.091
1330090004,2007,1330090,13,601,55,#,0.75,#,0.064
1330110001,2007,1330110,13,601,57,#,2.67,#,0.231
1330110002,2007,1330110,13,601,57,#,2.74,#,0.235
1330110003,2007,1330110,13,601,57,#,2.49,#,0.145
1330110004,2007,1330110,13,601,57,#,1.98,#,0.114
1330120001,2007,1330120,13,601,58,#,3.83,#,0.448
1330120003,2007,1330120,13,601,58,#,5.05,#,0.594
1330130001,2007,1330130,13,601,59,#,5.44,#,0.511
1330130003,2007,1330130,13,601,59,#,3.71,#,0.437
1330130005,2007,1330130,13,601,59,#,3.95,#,0.604
1330130007,2007,1330130,13,601,59,#,6.26,#,0.572
1330130009,2007,1330130,13,601,59,#,3.82,#,0.755
1330130011,2007,1330130,13,601,59,#,4.1,#,0.316
1330130013,2007,1330130,13,601,59,#,7.41,#,0.733
1330130015,2007,1330130,13,601,59,#,5.07,#,0.592
1330130017,2007,1330130,13,601,59,#,6.01,#,0.432
1330130019,2007,1330130,13,601,59,#,5.34,#,0.555
1330130021,2007,1330130,13,601,59,#,4.79,#,0.333
1330130023,2007,1330130,13,601,59,#,6.02,#,0.468
1330150001,2007,1330150,13,601,61,#,5.41,#,0.455
1330150003,2007,1330150,13,601,61,#,3.24,#,0.434
1330150005,2007,1330150,13,601,61,#,3.96,#,0.637
1330150007,2007,1330150,13,601,61,#,3.96,#,0.4
1330150009,2007,1330150,13,601,61,#,2.81,#,0.497
1330150011,2007,1330150,13,601,61,#,2.96,#,0.253
1330150013,2007,1330150,13,601,61,#,4.87,#,0.497
1330150015,2007,1330150,13,601,61,#,3.76,#,0.379
1330150017,2007,1330150,13,601,61,#,3.75,#,0.267
1330150019,2007,1330150,13,601,61,#,5.1,#,0.597
1330150021,2007,1330150,13,601,61,#,3.7,#,0.239
1330150023,2007,1330150,13,601,61,#,5.69,#,0.373
1330170001,2007,1330170,13,601,63,#,3.39,#,0.298
1330170003,2007,1330170,13,601,63,#,3.43,#,0.174
1330180001,2007,1330180,13,601,64,#,5.09,#,0.352
1330180003,2007,1330180,13,601,64,#,3.05,#,0.307
1330180005,2007,1330180,13,601,64,#,4.03,#,0.657
1330180007,2007,1330180,13,601,64,#,4,#,0.353
1330180009,2007,1330180,13,601,64,#,3.68,#,0.702
1330180011,2007,1330180,13,601,64,#,3.7,#,0.294
1330180013,2007,1330180,13,601,64,#,3.42,#,0.2
1330180015,2007,1330180,13,601,64,#,2.29,#,0.2
1330180017,2007,1330180,13,601,64,#,2.43,#,0.144
1330180019,2007,1330180,13,601,64,#,2.69,#,0.158
1330180021,2007,1330180,13,601,64,#,2.51,#,0.142
1330180023,2007,1330180,13,601,64,#,4.4,#,0.245
1330190001,2007,1330190,13,601,65,#,4.11,#,0.362
1330190003,2007,1330190,13,601,65,#,2.82,#,0.206
1330210001,2007,1330210,13,601,67,#,3.51,#,0.32
1330210003,2007,1330210,13,601,67,#,2.43,#,0.128
1330220001,2007,1330220,13,601,68,#,3.04,#,0.25
1330220003,2007,1330220,13,601,68,#,2.79,#,0.161
1330230001,2007,1330230,13,601,69,#,4.53,#,0.262
1330230003,2007,1330230,13,601,69,#,3.59,#,0.271
1330230005,2007,1330230,13,601,69,#,2.56,#,0.275
1330230007,2007,1330230,13,601,69,#,3.06,#,0.251
1330230009,2007,1330230,13,601,69,#,2.79,#,0.286
1330230011,2007,1330230,13,601,69,#,3.66,#,0.26
1330230013,2007,1330230,13,601,69,#,3.37,#,0.199
1330230015,2007,1330230,13,601,69,#,2.8,#,0.194
1330230017,2007,1330230,13,601,69,#,2.32,#,0.134
1330230019,2007,1330230,13,601,69,#,2.35,#,0.117
1330230021,2007,1330230,13,601,69,#,2.21,#,0.123
1330230023,2007,1330230,13,601,69,#,2.76,#,0.174
1330240001,2007,1330240,13,601,70,#,4.6,#,0.296
1330240003,2007,1330240,13,601,70,#,2.78,#,0.327
1330240005,2007,1330240,13,601,70,#,3.65,#,0.552
1330240007,2007,1330240,13,601,70,#,4.11,#,0.392
1330240009,2007,1330240,13,601,70,#,3.69,#,0.702
1330240011,2007,1330240,13,601,70,#,3.61,#,0.316
1330240013,2007,1330240,13,601,70,#,2.43,#,0.187
1330240015,2007,1330240,13,601,70,#,2.03,#,0.169
1330240017,2007,1330240,13,601,70,#,1.65,#,0.104
1330240019,2007,1330240,13,601,70,#,1.76,#,0.131
1330240021,2007,1330240,13,601,70,#,1.67,#,0.108
1330240023,2007,1330240,13,601,70,#,4.02,#,0.239
1330250001,2007,1330250,13,601,71,#,3.38,#,0.357
1330250003,2007,1330250,13,601,71,#,1.8,#,0.104
1330260001,2007,1330260,13,601,72,#,3.21,#,0.199
1330260003,2007,1330260,13,601,72,#,2.13,#,0.209
1330260005,2007,1330260,13,601,72,#,1.96,#,0.218
1330260007,2007,1330260,13,601,72,#,2.83,#,0.311
1330260009,2007,1330260,13,601,72,#,5.26,#,0.255
1330260011,2007,1330260,13,601,72,#,3.62,#,0.459
1330260013,2007,1330260,13,601,72,#,2.09,#,0.17
1330260015,2007,1330260,13,601,72,#,1.78,#,0.152
1330260017,2007,1330260,13,601,72,#,1.07,#,0.078
1330260019,2007,1330260,13,601,72,#,1.5,#,0.091
1330260021,2007,1330260,13,601,72,#,1.89,#,0.099
1330260023,2007,1330260,13,601,72,#,2.05,#,0.107
1330280001,2007,1330280,13,601,74,#,11.6,#,0.624
1330280003,2007,1330280,13,601,74,#,7.19,#,0.374
1330280005,2007,1330280,13,601,74,#,12.6,#,0.478
1330280007,2007,1330280,13,601,74,#,8.7,#,0.274
1330280009,2007,1330280,13,601,74,#,6.73,#,0.181
1330280011,2007,1330280,13,601,74,#,6.29,#,0.398
1330280013,2007,1330280,13,601,74,#,15.6,#,0.752
1330280015,2007,1330280,13,601,74,#,6.89,#,0.336
1330280017,2007,1330280,13,601,74,#,12.9,#,0.92
1330280019,2007,1330280,13,601,74,#,14.3,#,0.666
1330280021,2007,1330280,13,601,74,#,10.3,#,0.967
1330280023,2007,1330280,13,601,74,#,14.8,#,0.653
1330290001,2007,1330290,13,601,75,#,7.04,#,0.408
1330290003,2007,1330290,13,601,75,#,3.29,#,0.258
1330290005,2007,1330290,13,601,75,#,8.26,#,0.449
1330290007,2007,1330290,13,601,75,#,7.35,#,0.335
1330290009,2007,1330290,13,601,75,#,6.93,#,0.448
1330290011,2007,1330290,13,601,75,#,4.51,#,0.361
1330290013,2007,1330290,13,601,75,#,7.35,#,0.418
1330290015,2007,1330290,13,601,75,#,7,#,0.515
1330290017,2007,1330290,13,601,75,#,4.28,#,0.168
1330290019,2007,1330290,13,601,75,#,5.2,#,0.248
1330290021,2007,1330290,13,601,75,#,3.85,#,0.35
1330290023,2007,1330290,13,601,75,#,7.77,#,0.327
1330300001,2007,1330300,13,601,76,#,15.6,#,0.841
1330300003,2007,1330300,13,601,76,#,7.04,#,0.458
1330300005,2007,1330300,13,601,76,#,14.6,#,0.624
1330300007,2007,1330300,13,601,76,#,8.63,#,0.407
1330300009,2007,1330300,13,601,76,#,5.36,#,0.297
1330300011,2007,1330300,13,601,76,#,6.68,#,0.548
1330300013,2007,1330300,13,601,76,#,14.6,#,0.784
1330300015,2007,1330300,13,601,76,#,13.8,#,0.984
1330300017,2007,1330300,13,601,76,#,12.9,#,0.6
1330300019,2007,1330300,13,601,76,#,12.7,#,0.703
1330300021,2007,1330300,13,601,76,#,13.3,#,1.07
1330300023,2007,1330300,13,601,76,#,18.7,#,0.809
1330320001,2007,1330320,13,601,78,#,5.76,#,0.343
1330320003,2007,1330320,13,601,78,#,3.36,#,0.271
1330320005,2007,1330320,13,601,78,#,3.36,#,0.33
1330320007,2007,1330320,13,601,78,#,4,#,0.629
1330320009,2007,1330320,13,601,78,#,2.12,#,0.248
1330320011,2007,1330320,13,601,78,#,3.01,#,0.262
1330320013,2007,1330320,13,601,78,#,3.2,#,0.278
1330320015,2007,1330320,13,601,78,#,3.73,#,0.397
1330320017,2007,1330320,13,601,78,#,1.83,#,0.158
1330320019,2007,1330320,13,601,78,#,2.71,#,0.239
1330320021,2007,1330320,13,601,78,#,1.68,#,0.102
1330320023,2007,1330320,13,601,78,#,2.86,#,0.165
1330330001,2007,1330330,13,601,79,#,3.51,#,0.453
1330330003,2007,1330330,13,601,79,#,2.99,#,0.275
1330340001,2007,1330340,13,601,80,#,8.52,#,0.868
1330340003,2007,1330340,13,601,80,#,7.76,#,0.82
1330340005,2007,1330340,13,601,80,#,5.19,#,0.776
1330340007,2007,1330340,13,601,80,#,5.59,#,1.05
1330340009,2007,1330340,13,601,80,#,4.74,#,0.638
1330340011,2007,1330340,13,601,80,#,2.89,#,0.359
1330340013,2007,1330340,13,601,80,#,5.7,#,0.637
1330340015,2007,1330340,13,601,80,#,5.51,#,0.708
1330340017,2007,1330340,13,601,80,#,6.52,#,1.1
1330340019,2007,1330340,13,601,80,#,3.96,#,0.479
1330340021,2007,1330340,13,601,80,#,3.64,#,0.294
1330340023,2007,1330340,13,601,80,#,9.65,#,1.08
1330350001,2007,1330350,13,601,81,#,10.9,#,1.06
1330350003,2007,1330350,13,601,81,#,9.47,#,0.937
1330350005,2007,1330350,13,601,81,#,5.3,#,0.669
1330350007,2007,1330350,13,601,81,#,8.22,#,0.958
1330350009,2007,1330350,13,601,81,#,3.57,#,0.28
1330350011,2007,1330350,13,601,81,#,2.21,#,0.231
1330350013,2007,1330350,13,601,81,#,10.8,#,0.877
1330350015,2007,1330350,13,601,81,#,10.3,#,1.02
1330350017,2007,1330350,13,601,81,#,9.43,#,0.82
1330350019,2007,1330350,13,601,81,#,11.3,#,1.22
1330350021,2007,1330350,13,601,81,#,8.36,#,0.812
1330350023,2007,1330350,13,601,81,#,9.37,#,0.749
1330370001,2007,1330370,13,602,01,#,4.45,#,0.272
1330370002,2007,1330370,13,602,01,#,1.48,#,0.126
1330370003,2007,1330370,13,602,01,#,2.8,#,0.078
1330370004,2007,1330370,13,602,01,#,1.11,#,0.175
1330370005,2007,1330370,13,602,01,#,2.83,#,0.253
1330370006,2007,1330370,13,602,01,#,0.79,#,0.159
1330370007,2007,1330370,13,602,01,#,3.11,#,0.275
1330370008,2007,1330370,13,602,01,#,0.77,#,0.19
1330370009,2007,1330370,13,602,01,#,2.32,#,0.22
1330370010,2007,1330370,13,602,01,#,0.74,#,0.084
1330370012,2007,1330370,13,602,01,#,1.67,#,0.111
1330370013,2007,1330370,13,602,01,#,1.47,#,0.176
1330370014,2007,1330370,13,602,01,#,3.61,#,0.179
1330370015,2007,1330370,13,602,01,#,1.25,#,0.101
1330370016,2007,1330370,13,602,01,#,3.45,#,0.185
1330370017,2007,1330370,13,602,01,#,0.98,#,0.108
1330370018,2007,1330370,13,602,01,#,1.53,#,0.126
1330370019,2007,1330370,13,602,01,#,1.32,#,0.105
1330370020,2007,1330370,13,602,01,#,2.26,#,0.104
1330370021,2007,1330370,13,602,01,#,1.07,#,0.082
1330370022,2007,1330370,13,602,01,#,1.2,#,0.08
1330370023,2007,1330370,13,602,01,#,1.14,#,0.089
1330370025,2007,1330370,13,602,01,#,1.23,#,0.075
1330370026,2007,1330370,13,602,01,#,0.98,#,0.053
1330380001,2007,1330380,13,602,51,#,1.86,#,0.121
1330380002,2007,1330380,13,602,51,#,0.72,#,0.077
1330380003,2007,1330380,13,602,51,#,1.16,#,0.068
1330380004,2007,1330380,13,602,51,#,0.95,#,0.055
1330390001,2007,1330390,13,602,52,#,0.79,#,0.085
1330390002,2007,1330390,13,602,52,#,0.66,#,0.128
1330390003,2007,1330390,13,602,52,#,0.95,#,0.06
1330390004,2007,1330390,13,602,52,#,0.78,#,0.057
1330400001,2007,1330400,13,602,53,#,2.17,#,0.22
1330400002,2007,1330400,13,602,53,#,1.46,#,0.154
1330400003,2007,1330400,13,602,53,#,1.56,#,0.121
1330400004,2007,1330400,13,602,53,#,1.41,#,0.107
1330410001,2007,1330410,13,602,55,#,2.18,#,0.326
1330410002,2007,1330410,13,602,55,#,0.54,#,0.121
1330410003,2007,1330410,13,602,55,#,1.64,#,0.111
1330410004,2007,1330410,13,602,55,#,1.08,#,0.072
1330420001,2007,1330420,13,602,56,#,1.8,#,0.174
1330420002,2007,1330420,13,602,56,#,0.46,#,0.116
1330420003,2007,1330420,13,602,56,#,1.92,#,0.123
1330420004,2007,1330420,13,602,56,#,0.6,#,0.055
1330440001,2007,1330440,13,603,01,#,0.9,#,0.053
1330440002,2007,1330440,13,603,01,#,0.57,#,0.041
1330440003,2007,1330440,13,603,01,#,1.01,#,0.078
1330440004,2007,1330440,13,603,01,#,0.73,#,0.057
1330440005,2007,1330440,13,603,01,#,1.79,#,0.182
1330440006,2007,1330440,13,603,01,#,0.6,#,0.102
1330440007,2007,1330440,13,603,01,#,0.79,#,0.086
1330440008,2007,1330440,13,603,01,#,0.39,#,0.135
1330440009,2007,1330440,13,603,01,#,1.2,#,0.119
1330440010,2007,1330440,13,603,01,#,0.79,#,0.145
1330440012,2007,1330440,13,603,01,#,1.05,#,0.078
1330440013,2007,1330440,13,603,01,#,0.41,#,0.072
1330440014,2007,1330440,13,603,01,#,1.33,#,0.057
1330440015,2007,1330440,13,603,01,#,0.8,#,0.15
1330440016,2007,1330440,13,603,01,#,1.1,#,0.088
1330440017,2007,1330440,13,603,01,#,0.48,#,0.074
1330440018,2007,1330440,13,603,01,#,0.87,#,0.067
1330440019,2007,1330440,13,603,01,#,0.57,#,0.052
1330440020,2007,1330440,13,603,01,#,1.06,#,0.067
1330440021,2007,1330440,13,603,01,#,0.68,#,0.052
1330440022,2007,1330440,13,603,01,#,1.11,#,0.07
1330440023,2007,1330440,13,603,01,#,0.74,#,0.06
1330440025,2007,1330440,13,603,01,#,0.85,#,0.036
1330440026,2007,1330440,13,603,01,#,0.57,#,0.041
1330450001,2007,1330450,13,603,02,#,1.94,#,0.11
1330450002,2007,1330450,13,603,02,#,0.46,#,0.047
1330450003,2007,1330450,13,603,02,#,2.24,#,0.114
1330450004,2007,1330450,13,603,02,#,0.64,#,0.096
1330450005,2007,1330450,13,603,02,#,2.08,#,0.194
1330450006,2007,1330450,13,603,02,#,0.69,#,0.16
1330450007,2007,1330450,13,603,02,#,1.8,#,0.186
1330450008,2007,1330450,13,603,02,#,0.46,#,0.103
1330450009,2007,1330450,13,603,02,#,2.15,#,0.167
1330450010,2007,1330450,13,603,02,#,0.76,#,0.178
1330450012,2007,1330450,13,603,02,#,1.65,#,0.122
1330450013,2007,1330450,13,603,02,#,0.41,#,0.066
1330450014,2007,1330450,13,603,02,#,0.82,#,0.097
1330450015,2007,1330450,13,603,02,#,1.5,#,0.151
1330450016,2007,1330450,13,603,02,#,1.77,#,0.135
1330450017,2007,1330450,13,603,02,#,0.45,#,0.055
1330450018,2007,1330450,13,603,02,#,1.78,#,0.097
1330450019,2007,1330450,13,603,02,#,0.43,#,0.047
1330450020,2007,1330450,13,603,02,#,1.35,#,0.084
1330450021,2007,1330450,13,603,02,#,0.62,#,0.057
1330450022,2007,1330450,13,603,02,#,1.23,#,0.088
1330450023,2007,1330450,13,603,02,#,0.96,#,0.074
1330450025,2007,1330450,13,603,02,#,1.49,#,0.072
1330450026,2007,1330450,13,603,02,#,0.59,#,0.051
1330460001,2007,1330460,13,603,51,#,2.15,#,0.224
1330460002,2007,1330460,13,603,51,#,0.62,#,0.176
1330460003,2007,1330460,13,603,51,#,1.51,#,0.09
1330460004,2007,1330460,13,603,51,#,0.7,#,0.059
1330470001,2007,1330470,13,603,52,#,1.62,#,0.126
1330470002,2007,1330470,13,603,52,#,0.56,#,0.157
1330470003,2007,1330470,13,603,52,#,1.25,#,0.08
1330470004,2007,1330470,13,603,52,#,0.67,#,0.056
1330480001,2007,1330480,13,603,53,#,0.8,#,0.087
1330480002,2007,1330480,13,603,53,#,0.53,#,0.15
1330480003,2007,1330480,13,603,53,#,1.04,#,0.062
1330480004,2007,1330480,13,603,53,#,0.73,#,0.052
1330500001,2007,1330500,13,603,55,#,2.2,#,0.253
1330500002,2007,1330500,13,603,55,#,0.54,#,0.168
1330500003,2007,1330500,13,603,55,#,1.61,#,0.055
1330500004,2007,1330500,13,603,55,#,0.67,#,0.086
1330510001,2007,1330510,13,603,56,#,1.8,#,0.164
1330510002,2007,1330510,13,603,56,#,0.41,#,0.111
1330510003,2007,1330510,13,603,56,#,1.29,#,0.08
1330510004,2007,1330510,13,603,56,#,0.71,#,0.054
1330520001,2007,1330520,13,603,57,#,1.82,#,0.194
1330520002,2007,1330520,13,603,57,#,0.66,#,0.131
1330520003,2007,1330520,13,603,57,#,1.63,#,0.104
1330520004,2007,1330520,13,603,57,#,0.92,#,0.068
1330530001,2007,1330530,13,603,58,#,1.9,#,0.196
1330530002,2007,1330530,13,603,58,#,0.39,#,0.12
1330530003,2007,1330530,13,603,58,#,1.33,#,0.091
1330530004,2007,1330530,13,603,58,#,0.55,#,0.062
1330540001,2007,1330540,13,603,59,#,1.48,#,0.157
1330540002,2007,1330540,13,603,59,#,0.38,#,0.088
1330540003,2007,1330540,13,603,59,#,1.1,#,0.061
1330540004,2007,1330540,13,603,59,#,0.64,#,0.053
1330560001,2007,1330560,13,603,61,#,1.63,#,0.161
1330560002,2007,1330560,13,603,61,#,0.4,#,0.103
1330560003,2007,1330560,13,603,61,#,1.13,#,0.068
1330560004,2007,1330560,13,603,61,#,0.63,#,0.063
1330570001,2007,1330570,13,603,62,#,1.54,#,0.169
1330570002,2007,1330570,13,603,62,#,0.4,#,0.132
1330570003,2007,1330570,13,603,62,#,1.46,#,0.086
1330570004,2007,1330570,13,603,62,#,0.52,#,0.048
1330580001,2007,1330580,13,603,63,#,1.91,#,0.212
1330580002,2007,1330580,13,603,63,#,0.41,#,0.108
1330580003,2007,1330580,13,603,63,#,1.46,#,0.083
1330580004,2007,1330580,13,603,63,#,0.44,#,0.048
1330590001,2007,1330590,13,603,64,#,0.67,#,0.07
1330590002,2007,1330590,13,603,64,#,0.39,#,0.103
1330590003,2007,1330590,13,603,64,#,0.86,#,0.052
1330590004,2007,1330590,13,603,64,#,0.44,#,0.048
1330600001,2007,1330600,13,604,01,#,0.73,#,0.042
1330600002,2007,1330600,13,604,01,#,0.39,#,0.04
1330600003,2007,1330600,13,604,01,#,0.76,#,0.039
1330600004,2007,1330600,13,604,01,#,0.47,#,0.056
1330600005,2007,1330600,13,604,01,#,0.71,#,0.066
1330600006,2007,1330600,13,604,01,#,0.51,#,0.101
1330600007,2007,1330600,13,604,01,#,1.31,#,0.139
1330600008,2007,1330600,13,604,01,#,0.38,#,0.113
1330600009,2007,1330600,13,604,01,#,1.05,#,0.114
1330600010,2007,1330600,13,604,01,#,0.42,#,0.081
1330600012,2007,1330600,13,604,01,#,0.7,#,0.059
1330600013,2007,1330600,13,604,01,#,0.31,#,0.056
1330600014,2007,1330600,13,604,01,#,0.65,#,0.048
1330600015,2007,1330600,13,604,01,#,0.43,#,0.067
1330600016,2007,1330600,13,604,01,#,0.81,#,0.073
1330600017,2007,1330600,13,604,01,#,0.28,#,0.03
1330600018,2007,1330600,13,604,01,#,0.87,#,0.064
1330600019,2007,1330600,13,604,01,#,0.35,#,0.038
1330600020,2007,1330600,13,604,01,#,0.86,#,0.054
1330600021,2007,1330600,13,604,01,#,0.42,#,0.045
1330600022,2007,1330600,13,604,01,#,0.76,#,0.053
1330600023,2007,1330600,13,604,01,#,0.55,#,0.043
1330600025,2007,1330600,13,604,01,#,0.84,#,0.044
1330600026,2007,1330600,13,604,01,#,0.49,#,0.039
