レコードID,測定年度,絶対番号,都道府県コード,水域コード,地点コード,全窒素_C,全窒素(mg/l),全燐_C,全燐(mg/l)
1310010001,2003,1310010,13,001,01,#,2.29,#,0.201
1310010005,2003,1310010,13,001,01,#,1.6,#,0.059
1310010009,2003,1310010,13,001,01,#,1.87,#,0.076
1310010013,2003,1310010,13,001,01,#,2.21,#,0.093
1310010021,2003,1310010,13,001,01,#,2.35,#,0.119
1310010025,2003,1310010,13,001,01,#,2.97,#,0.076
1310010029,2003,1310010,13,001,01,#,3.25,#,0.087
1310010033,2003,1310010,13,001,01,#,2.91,#,0.108
1310010037,2003,1310010,13,001,01,#,3.12,#,0.092
1310010045,2003,1310010,13,001,01,#,3.11,#,0.072
1310010049,2003,1310010,13,001,01,#,3.3,#,0.117
1310010053,2003,1310010,13,001,01,#,2.6,#,0.106
1310030001,2003,1310030,13,002,01,#,2.19,#,0.17
1310030005,2003,1310030,13,002,01,#,1.44,#,0.073
1310030009,2003,1310030,13,002,01,#,1.75,#,0.061
1310030013,2003,1310030,13,002,01,#,2.27,#,0.096
1310030021,2003,1310030,13,002,01,#,2.34,#,0.095
1310030025,2003,1310030,13,002,01,#,2.79,#,0.083
1310030029,2003,1310030,13,002,01,#,3.13,#,0.12
1310030033,2003,1310030,13,002,01,#,3.41,#,0.157
1310030037,2003,1310030,13,002,01,#,3.14,#,0.173
1310030045,2003,1310030,13,002,01,#,3.18,#,0.167
1310030049,2003,1310030,13,002,01,#,3.26,#,0.105
1310030053,2003,1310030,13,002,01,#,2.44,#,0.092
1310040001,2003,1310040,13,002,51,#,2.08,#,0.105
1310040004,2003,1310040,13,002,51,#,1.63,#,0.064
1310040007,2003,1310040,13,002,51,#,1.77,#,0.061
1310040010,2003,1310040,13,002,51,#,2.31,#,0.086
1310040013,2003,1310040,13,002,51,#,2.26,#,0.084
1310040016,2003,1310040,13,002,51,#,3.07,#,0.086
1310040019,2003,1310040,13,002,51,#,3.15,#,0.087
1310040022,2003,1310040,13,002,51,#,2.91,#,0.107
1310040025,2003,1310040,13,002,51,#,3.04,#,0.096
1310040028,2003,1310040,13,002,51,#,3.24,#,0.072
1310040031,2003,1310040,13,002,51,#,3.19,#,0.105
1310040034,2003,1310040,13,002,51,#,2.66,#,0.104
1310060001,2003,1310060,13,003,01,#,3.19,#,0.147
1310060004,2003,1310060,13,003,01,#,2.53,#,0.066
1310060007,2003,1310060,13,003,01,#,2.15,#,0.11
1310060010,2003,1310060,13,003,01,#,2.7,#,0.101
1310060014,2003,1310060,13,003,01,#,2.96,#,0.066
1310060016,2003,1310060,13,003,01,#,2.75,#,0.081
1310060019,2003,1310060,13,003,01,#,3.2,#,0.082
1310060022,2003,1310060,13,003,01,#,4.47,#,0.131
1310060025,2003,1310060,13,003,01,#,3.47,#,0.074
1310060028,2003,1310060,13,003,01,#,4.88,#,0.162
1310060031,2003,1310060,13,003,01,#,4.08,#,0.126
1310060034,2003,1310060,13,003,01,#,4.02,#,0.087
1310070001,2003,1310070,13,003,51,#,3.39,#,0.135
1310070002,2003,1310070,13,003,51,#,2.16,#,0.079
1310070003,2003,1310070,13,003,51,#,3.22,#,0.091
1310070004,2003,1310070,13,003,51,#,4.73,#,0.112
1310070005,2003,1310070,13,003,51,#,2.9,#,0.066
1310070006,2003,1310070,13,003,51,#,3.34,#,0.073
1310070007,2003,1310070,13,003,51,#,3.76,#,0.086
1310070008,2003,1310070,13,003,51,#,3.87,#,0.089
1310070009,2003,1310070,13,003,51,#,4.01,#,0.091
1310070010,2003,1310070,13,003,51,#,4.87,#,0.154
1310070011,2003,1310070,13,003,51,#,6.34,#,0.248
1310070012,2003,1310070,13,003,51,#,4.58,#,0.092
1310090002,2003,1310090,13,004,01,#,5.05,#,0.256
1310090005,2003,1310090,13,004,01,#,2.86,#,0.205
1310090008,2003,1310090,13,004,01,#,2.69,#,0.237
1310090011,2003,1310090,13,004,01,#,2.97,#,0.247
1310090019,2003,1310090,13,004,01,#,2.47,#,0.158
1310090022,2003,1310090,13,004,01,#,3.54,#,0.152
1310090025,2003,1310090,13,004,01,#,5.31,#,0.251
1310090028,2003,1310090,13,004,01,#,4.41,#,0.229
1310090031,2003,1310090,13,004,01,#,5.78,#,0.242
1310090034,2003,1310090,13,004,01,#,8.7,#,0.281
1310090042,2003,1310090,13,004,01,#,8.43,#,0.447
1310090045,2003,1310090,13,004,01,#,8.45,#,0.34
1310100001,2003,1310100,13,004,02,#,4.89,#,0.239
1310100004,2003,1310100,13,004,02,#,3.5,#,0.168
1310100007,2003,1310100,13,004,02,#,2.56,#,0.162
1310100010,2003,1310100,13,004,02,#,2.84,#,0.163
1310100014,2003,1310100,13,004,02,#,3,#,0.098
1310100016,2003,1310100,13,004,02,#,2.71,#,0.149
1310100019,2003,1310100,13,004,02,#,2.43,#,0.124
1310100022,2003,1310100,13,004,02,#,2.57,#,0.221
1310100025,2003,1310100,13,004,02,#,2.67,#,0.176
1310100028,2003,1310100,13,004,02,#,2.32,#,0.101
1310100031,2003,1310100,13,004,02,#,2.4,#,0.179
1310100034,2003,1310100,13,004,02,#,6.08,#,0.208
1310110002,2003,1310110,13,004,51,#,5.4,#,0.311
1310110005,2003,1310110,13,004,51,#,2.76,#,0.193
1310110008,2003,1310110,13,004,51,#,2.51,#,0.174
1310110011,2003,1310110,13,004,51,#,2.64,#,0.147
1310110014,2003,1310110,13,004,51,#,2.56,#,0.153
1310110017,2003,1310110,13,004,51,#,2.95,#,0.141
1310110020,2003,1310110,13,004,51,#,4.85,#,0.231
1310110023,2003,1310110,13,004,51,#,4.53,#,0.221
1310110026,2003,1310110,13,004,51,#,5.47,#,0.207
1310110029,2003,1310110,13,004,51,#,7.81,#,0.212
1310110032,2003,1310110,13,004,51,#,8.25,#,0.388
1310110035,2003,1310110,13,004,51,#,7.28,#,0.262
1310140002,2003,1310140,13,005,01,#,5.03,#,0.39
1310140005,2003,1310140,13,005,01,#,3.73,#,0.364
1310140008,2003,1310140,13,005,01,#,3.53,#,0.36
1310140012,2003,1310140,13,005,01,#,3.34,#,0.382
1310140025,2003,1310140,13,005,01,#,3.06,#,0.285
1310140028,2003,1310140,13,005,01,#,3.52,#,0.216
1310140031,2003,1310140,13,005,01,#,5.26,#,0.274
1310140034,2003,1310140,13,005,01,#,4.28,#,0.251
1310140037,2003,1310140,13,005,01,#,4.95,#,0.23
1310140041,2003,1310140,13,005,01,#,6.71,#,0.4
1310140054,2003,1310140,13,005,01,#,8.01,#,0.508
1310140057,2003,1310140,13,005,01,#,5.97,#,0.422
1310160001,2003,1310160,13,005,52,#,4.66,#,0.291
1310160004,2003,1310160,13,005,52,#,3.43,#,0.266
1310160007,2003,1310160,13,005,52,#,2.86,#,0.244
1310160010,2003,1310160,13,005,52,#,3.14,#,0.297
1310160014,2003,1310160,13,005,52,#,4.52,#,0.226
1310160016,2003,1310160,13,005,52,#,4.91,#,0.206
1310160019,2003,1310160,13,005,52,#,4.89,#,0.214
1310160022,2003,1310160,13,005,52,#,6.01,#,0.463
1310160025,2003,1310160,13,005,52,#,5.5,#,0.23
1310160028,2003,1310160,13,005,52,#,6.24,#,0.252
1310160031,2003,1310160,13,005,52,#,6.59,#,0.293
1310160034,2003,1310160,13,005,52,#,8.11,#,0.345
1310180001,2003,1310180,13,006,01,#,3.53,#,0.332
1310180005,2003,1310180,13,006,01,#,5.19,#,0.308
1310180009,2003,1310180,13,006,01,#,4.31,#,0.214
1310180017,2003,1310180,13,006,01,#,5.74,#,0.257
1310180020,2003,1310180,13,006,01,#,6.05,#,0.396
1310180024,2003,1310180,13,006,01,#,6.86,#,0.354
1310180027,2003,1310180,13,006,01,#,5.86,#,0.222
1310180031,2003,1310180,13,006,01,#,7.2,#,0.24
1310180034,2003,1310180,13,006,01,#,5.89,#,0.31
1310180043,2003,1310180,13,006,01,#,9.37,#,0.454
1310190001,2003,1310190,13,006,02,E,99999,#,0.22
1310190005,2003,1310190,13,006,02,E,99999,#,0.237
1310190009,2003,1310190,13,006,02,E,99999,#,0.218
1310190017,2003,1310190,13,006,02,E,99999,#,0.167
1310190020,2003,1310190,13,006,02,E,99999,#,0.214
1310190024,2003,1310190,13,006,02,E,99999,#,0.168
1310190027,2003,1310190,13,006,02,E,99999,#,0.138
1310190031,2003,1310190,13,006,02,E,99999,#,0.105
1310190034,2003,1310190,13,006,02,E,99999,#,0.283
1310190043,2003,1310190,13,006,02,E,99999,#,0.307
1310230001,2003,1310230,13,007,01,#,8.69,#,0.434
1310230004,2003,1310230,13,007,01,#,7.48,#,0.316
1310230007,2003,1310230,13,007,01,#,5.18,#,0.342
1310230010,2003,1310230,13,007,01,#,6.22,#,0.314
1310230014,2003,1310230,13,007,01,#,7.56,#,0.35
1310230017,2003,1310230,13,007,01,#,5.12,#,0.22
1310230020,2003,1310230,13,007,01,#,5.03,#,0.232
1310230022,2003,1310230,13,007,01,#,5.28,#,0.292
1310230025,2003,1310230,13,007,01,#,6.98,#,0.375
1310230028,2003,1310230,13,007,01,#,7.55,#,0.497
1310230031,2003,1310230,13,007,01,#,8.83,#,0.513
1310230034,2003,1310230,13,007,01,#,6.84,#,0.255
1310240001,2003,1310240,13,007,02,#,8.36,#,0.433
1310240004,2003,1310240,13,007,02,#,12.9,#,0.568
1310240007,2003,1310240,13,007,02,#,8.91,#,0.593
1310240010,2003,1310240,13,007,02,#,10.3,#,0.522
1310240014,2003,1310240,13,007,02,#,8.58,#,0.304
1310240017,2003,1310240,13,007,02,#,8.75,#,0.357
1310240020,2003,1310240,13,007,02,#,9.61,#,0.292
1310240022,2003,1310240,13,007,02,#,9.45,#,0.402
1310240025,2003,1310240,13,007,02,#,10.3,#,0.403
1310240028,2003,1310240,13,007,02,#,13.1,#,0.641
1310240031,2003,1310240,13,007,02,#,16.5,#,0.932
1310240034,2003,1310240,13,007,02,#,13.2,#,0.54
1310260001,2003,1310260,13,007,53,#,8.33,#,0.4
1310260004,2003,1310260,13,007,53,#,9.55,#,0.365
1310260007,2003,1310260,13,007,53,#,7.03,#,0.421
1310260010,2003,1310260,13,007,53,#,8.3,#,0.34
1310260014,2003,1310260,13,007,53,#,7.9,#,0.323
1310260017,2003,1310260,13,007,53,#,7.64,#,0.245
1310260020,2003,1310260,13,007,53,#,7.76,#,0.25
1310260022,2003,1310260,13,007,53,#,8.99,#,0.387
1310260025,2003,1310260,13,007,53,#,7.56,#,0.267
1310260028,2003,1310260,13,007,53,#,9.49,#,0.378
1310260031,2003,1310260,13,007,53,#,13,#,0.628
1310260034,2003,1310260,13,007,53,#,9.47,#,0.348
1310290001,2003,1310290,13,008,01,#,6.79,#,0.404
1310290004,2003,1310290,13,008,01,#,7.24,#,1.06
1310290007,2003,1310290,13,008,01,#,5.24,#,0.54
1310290010,2003,1310290,13,008,01,#,4.44,#,0.518
1310290014,2003,1310290,13,008,01,#,6.94,#,0.434
1310290016,2003,1310290,13,008,01,#,4.6,#,0.54
1310290019,2003,1310290,13,008,01,#,5.62,#,0.536
1310290022,2003,1310290,13,008,01,#,7.03,#,0.634
1310290025,2003,1310290,13,008,01,#,8.78,#,0.598
1310290028,2003,1310290,13,008,01,#,8.28,#,0.763
1310290031,2003,1310290,13,008,01,#,12.8,#,1.11
1310290034,2003,1310290,13,008,01,#,9.32,#,0.839
1310300001,2003,1310300,13,009,01,#,9.01,#,0.475
1310300004,2003,1310300,13,009,01,#,10.5,#,1.47
1310300007,2003,1310300,13,009,01,#,7.85,#,0.756
1310300010,2003,1310300,13,009,01,#,5.59,#,0.756
1310300014,2003,1310300,13,009,01,#,9.39,#,0.399
1310300016,2003,1310300,13,009,01,#,11.1,#,0.812
1310300019,2003,1310300,13,009,01,#,11.8,#,1.14
1310300022,2003,1310300,13,009,01,#,7.73,#,0.807
1310300025,2003,1310300,13,009,01,#,9.88,#,0.736
1310300028,2003,1310300,13,009,01,#,12.9,#,1.26
1310300031,2003,1310300,13,009,01,#,15.4,#,1.74
1310300034,2003,1310300,13,009,01,#,12.5,#,1.3
1310310001,2003,1310310,13,010,01,#,3.64,#,0.013
1310310003,2003,1310310,13,010,01,#,3.41,#,0.009
1310310005,2003,1310310,13,010,01,#,3.51,#,0.01
1310310007,2003,1310310,13,010,01,#,3.57,#,0.025
1310310010,2003,1310310,13,010,01,#,3.65,#,0.017
1310310011,2003,1310310,13,010,01,#,3.86,#,0.012
1310310013,2003,1310310,13,010,01,#,3.59,#,0.028
1310310015,2003,1310310,13,010,01,#,3.32,#,0.068
1310310017,2003,1310310,13,010,01,#,3.71,#,0.015
1310310019,2003,1310310,13,010,01,#,2.92,#,0.04
1310310021,2003,1310310,13,010,01,#,3.53,#,0.018
1310310023,2003,1310310,13,010,01,#,3.67,#,0.007
1310320001,2003,1310320,13,011,01,#,5.05,#,0.321
1310320004,2003,1310320,13,011,01,#,6.68,#,0.542
1310320007,2003,1310320,13,011,01,#,3.14,#,0.341
1310320010,2003,1310320,13,011,01,#,4.3,#,0.542
1310320014,2003,1310320,13,011,01,#,2.17,#,0.584
1310320016,2003,1310320,13,011,01,#,6.89,#,0.579
1310320019,2003,1310320,13,011,01,#,3.15,#,0.379
1310320022,2003,1310320,13,011,01,#,6.99,#,0.633
1310320025,2003,1310320,13,011,01,#,6.67,#,0.512
1310320028,2003,1310320,13,011,01,#,7.93,#,0.635
1310320031,2003,1310320,13,011,01,#,10.8,#,0.908
1310320034,2003,1310320,13,011,01,#,10.4,#,0.685
1310330001,2003,1310330,13,012,01,#,7.01,#,0.56
1310330004,2003,1310330,13,012,01,#,7.3,#,1.25
1310330007,2003,1310330,13,012,01,#,7.53,#,0.803
1310330010,2003,1310330,13,012,01,#,6.5,#,0.767
1310330014,2003,1310330,13,012,01,#,9.53,#,0.398
1310330016,2003,1310330,13,012,01,#,5.79,#,0.799
1310330019,2003,1310330,13,012,01,#,6.89,#,0.923
1310330022,2003,1310330,13,012,01,#,7.99,#,0.962
1310330025,2003,1310330,13,012,01,#,9.16,#,0.73
1310330028,2003,1310330,13,012,01,#,9.29,#,0.925
1310330031,2003,1310330,13,012,01,#,12.8,#,1.33
1310330034,2003,1310330,13,012,01,#,9.72,#,0.95
1310340001,2003,1310340,13,013,01,#,0.8,#,0.013
1310340004,2003,1310340,13,013,01,#,0.71,#,0.012
1310340007,2003,1310340,13,013,01,#,1.04,#,0.02
1310340010,2003,1310340,13,013,01,#,0.83,#,0.016
1310340013,2003,1310340,13,013,01,#,0.86,#,0.017
1310340015,2003,1310340,13,013,01,#,0.84,#,0.013
1310340018,2003,1310340,13,013,01,#,0.84,#,0.013
1310340021,2003,1310340,13,013,01,#,0.74,#,0.012
1310340024,2003,1310340,13,013,01,#,0.77,#,0.01
1310340027,2003,1310340,13,013,01,#,0.67,#,0.009
1310340030,2003,1310340,13,013,01,#,0.64,#,0.01
1310340033,2003,1310340,13,013,01,#,0.63,#,0.008
1310370001,2003,1310370,13,014,01,#,1.72,#,0.013
1310370002,2003,1310370,13,014,01,#,1.67,#,0.017
1310370003,2003,1310370,13,014,01,#,1.73,#,0.013
1310370004,2003,1310370,13,014,01,#,1.92,#,0.041
1310370005,2003,1310370,13,014,01,#,1.76,#,0.016
1310370006,2003,1310370,13,014,01,#,1.61,#,0.016
1310370007,2003,1310370,13,014,01,#,1.59,#,0.018
1310370008,2003,1310370,13,014,01,#,1.55,#,0.018
1310370009,2003,1310370,13,014,01,#,1.66,#,0.024
1310370010,2003,1310370,13,014,01,#,1.68,#,0.022
1310370011,2003,1310370,13,014,01,#,1.5,#,0.018
1310370012,2003,1310370,13,014,01,#,1.55,#,0.015
1310370013,2003,1310370,13,014,01,#,1.9,#,0.016
1310370014,2003,1310370,13,014,01,#,1.81,#,0.018
1310370015,2003,1310370,13,014,01,#,1.95,#,0.022
1310370016,2003,1310370,13,014,01,#,1.85,#,0.041
1310370017,2003,1310370,13,014,01,#,1.79,#,0.009
1310370018,2003,1310370,13,014,01,#,1.67,#,0.01
1310370019,2003,1310370,13,014,01,#,1.93,#,0.076
1310370020,2003,1310370,13,014,01,#,2.21,#,0.112
1310370021,2003,1310370,13,014,01,#,1.14,#,0.009
1310370022,2003,1310370,13,014,01,#,1.12,#,0.011
1310370023,2003,1310370,13,014,01,#,1.17,#,0.015
1310370024,2003,1310370,13,014,01,#,1.17,#,0.009
1310370025,2003,1310370,13,014,01,#,1.59,#,0.012
1310370026,2003,1310370,13,014,01,#,1.48,#,0.013
1310370027,2003,1310370,13,014,01,#,1.55,#,0.016
1310370028,2003,1310370,13,014,01,#,1.53,#,0.009
1310370029,2003,1310370,13,014,01,#,1.62,#,0.007
1310370030,2003,1310370,13,014,01,#,1.53,#,0.011
1310370031,2003,1310370,13,014,01,#,1.45,#,0.01
1310370032,2003,1310370,13,014,01,#,1.7,#,0.008
1310370033,2003,1310370,13,014,01,#,1.65,#,0.005
1310370034,2003,1310370,13,014,01,#,1.5,#,0.007
1310370035,2003,1310370,13,014,01,#,1.56,#,0.007
1310370036,2003,1310370,13,014,01,#,1.54,#,0.005
1310370037,2003,1310370,13,014,01,#,1.3,#,0.006
1310370038,2003,1310370,13,014,01,#,1.38,#,0.006
1310370039,2003,1310370,13,014,01,#,1.27,#,0.008
1310370040,2003,1310370,13,014,01,#,1.3,#,0.005
1310370041,2003,1310370,13,014,01,#,0.99,#,0.006
1310370042,2003,1310370,13,014,01,#,0.95,#,0.01
1310370043,2003,1310370,13,014,01,#,0.92,#,0.011
1310370044,2003,1310370,13,014,01,#,1.03,#,0.01
1310370045,2003,1310370,13,014,01,#,1.04,#,0.006
1310370046,2003,1310370,13,014,01,#,1.05,#,0.01
1310370047,2003,1310370,13,014,01,#,1.07,#,0.016
1310370048,2003,1310370,13,014,01,#,1.02,#,0.012
1310380001,2003,1310380,13,014,51,#,1.09,#,0.014
1310380004,2003,1310380,13,014,51,#,1.2,#,0.01
1310380007,2003,1310380,13,014,51,#,1.38,#,0.019
1310380010,2003,1310380,13,014,51,#,1.19,#,0.015
1310380013,2003,1310380,13,014,51,#,1.44,#,0.012
1310380016,2003,1310380,13,014,51,#,0.84,#,0.008
1310380019,2003,1310380,13,014,51,#,0.86,#,0.011
1310380022,2003,1310380,13,014,51,#,0.79,#,0.007
1310380025,2003,1310380,13,014,51,#,0.92,#,0.003
1310380028,2003,1310380,13,014,51,#,0.74,#,0.008
1310380031,2003,1310380,13,014,51,#,0.76,#,0.008
1310380034,2003,1310380,13,014,51,#,0.65,#,0.006
1310390001,2003,1310390,13,014,52,#,0.91,#,0.012
1310390002,2003,1310390,13,014,52,#,0.76,#,0.012
1310390003,2003,1310390,13,014,52,#,1,#,0.022
1310390004,2003,1310390,13,014,52,#,0.95,#,0.018
1310390005,2003,1310390,13,014,52,#,0.93,#,0.017
1310390006,2003,1310390,13,014,52,#,0.79,#,0.013
1310390007,2003,1310390,13,014,52,#,0.87,#,0.012
1310390008,2003,1310390,13,014,52,#,0.85,#,0.014
1310390009,2003,1310390,13,014,52,#,0.82,#,0.013
1310390010,2003,1310390,13,014,52,#,0.72,#,0.009
1310390011,2003,1310390,13,014,52,#,0.63,#,0.008
1310390012,2003,1310390,13,014,52,#,0.64,#,0.01
1310400001,2003,1310400,13,014,53,#,1.73,#,0.014
1310400002,2003,1310400,13,014,53,#,1.19,#,0.023
1310400003,2003,1310400,13,014,53,#,1.51,#,0.023
1310400004,2003,1310400,13,014,53,#,1.48,#,0.02
1310400005,2003,1310400,13,014,53,#,1.89,#,0.018
1310400006,2003,1310400,13,014,53,#,1.2,#,0.013
1310400007,2003,1310400,13,014,53,#,1.78,#,0.014
1310400008,2003,1310400,13,014,53,#,1.47,#,0.017
1310400009,2003,1310400,13,014,53,#,1.29,#,0.014
1310400010,2003,1310400,13,014,53,#,1.27,#,0.007
1310400011,2003,1310400,13,014,53,#,0.95,#,0.008
1310400012,2003,1310400,13,014,53,#,0.93,#,0.009
1310410001,2003,1310410,13,015,01,#,6.8,#,0.444
1310410003,2003,1310410,13,015,01,#,6.12,#,0.436
1310410005,2003,1310410,13,015,01,#,5.64,#,0.32
1310410007,2003,1310410,13,015,01,#,6.2,#,0.404
1310410009,2003,1310410,13,015,01,#,6.78,#,0.625
1310410011,2003,1310410,13,015,01,#,7.07,#,0.575
1310410013,2003,1310410,13,015,01,#,6.78,#,0.597
1310410015,2003,1310410,13,015,01,#,6.9,#,0.545
1310410017,2003,1310410,13,015,01,#,4.07,#,0.311
1310410019,2003,1310410,13,015,01,#,3.78,#,0.279
1310410021,2003,1310410,13,015,01,#,5.98,#,0.321
1310410023,2003,1310410,13,015,01,#,4.57,#,0.319
1310410025,2003,1310410,13,015,01,#,6.07,#,0.83
1310410027,2003,1310410,13,015,01,#,5.71,#,0.741
1310410029,2003,1310410,13,015,01,#,6.44,#,0.976
1310410031,2003,1310410,13,015,01,#,6.31,#,0.629
1310410033,2003,1310410,13,015,01,#,6.4,#,0.62
1310410035,2003,1310410,13,015,01,#,6.19,#,0.667
1310410037,2003,1310410,13,015,01,#,6.19,#,0.911
1310410039,2003,1310410,13,015,01,#,3.39,#,0.324
1310410041,2003,1310410,13,015,01,#,4.95,#,0.467
1310410043,2003,1310410,13,015,01,#,4.15,#,0.469
1310410045,2003,1310410,13,015,01,#,5.24,#,0.589
1310410047,2003,1310410,13,015,01,#,4.7,#,0.448
1310410049,2003,1310410,13,015,01,#,6.92,#,0.742
1310410051,2003,1310410,13,015,01,#,6.96,#,0.849
1310410053,2003,1310410,13,015,01,#,7.76,#,0.936
1310410055,2003,1310410,13,015,01,#,7.28,#,0.965
1310410057,2003,1310410,13,015,01,#,6.9,#,0.616
1310410059,2003,1310410,13,015,01,#,7.14,#,0.752
1310410061,2003,1310410,13,015,01,#,8.16,#,0.843
1310410063,2003,1310410,13,015,01,#,7.18,#,0.741
1310410065,2003,1310410,13,015,01,#,6.79,#,0.672
1310410067,2003,1310410,13,015,01,#,6.43,#,0.644
1310410069,2003,1310410,13,015,01,#,7.4,#,0.764
1310410071,2003,1310410,13,015,01,#,6.63,#,0.637
1310410073,2003,1310410,13,015,01,#,8.37,#,1.09
1310410075,2003,1310410,13,015,01,#,7.77,#,1.1
1310410077,2003,1310410,13,015,01,#,9.14,#,1.23
1310410079,2003,1310410,13,015,01,#,9.14,#,1.2
1310410081,2003,1310410,13,015,01,#,9.04,#,1.18
1310410083,2003,1310410,13,015,01,#,8.11,#,1.26
1310410085,2003,1310410,13,015,01,#,9.4,#,1.29
1310410087,2003,1310410,13,015,01,#,8.63,#,1.21
1310410089,2003,1310410,13,015,01,#,10.3,#,1.17
1310410091,2003,1310410,13,015,01,#,8.67,#,1.24
1310410093,2003,1310410,13,015,01,#,10.2,#,1.45
1310410095,2003,1310410,13,015,01,#,9.74,#,1.21
1310420001,2003,1310420,13,015,02,#,5.6,#,0.393
1310420003,2003,1310420,13,015,02,#,5.6,#,0.368
1310420005,2003,1310420,13,015,02,#,5.35,#,0.361
1310420007,2003,1310420,13,015,02,#,5.56,#,0.357
1310420009,2003,1310420,13,015,02,#,5.72,#,0.421
1310420011,2003,1310420,13,015,02,#,5.72,#,0.407
1310420013,2003,1310420,13,015,02,#,5.89,#,0.463
1310420015,2003,1310420,13,015,02,#,5.72,#,0.449
1310420017,2003,1310420,13,015,02,#,4.19,#,0.279
1310420019,2003,1310420,13,015,02,#,4.19,#,0.268
1310420021,2003,1310420,13,015,02,#,3.82,#,0.287
1310420023,2003,1310420,13,015,02,#,4.11,#,0.284
1310420025,2003,1310420,13,015,02,#,4.91,#,0.376
1310420027,2003,1310420,13,015,02,#,4.99,#,0.381
1310420029,2003,1310420,13,015,02,#,4.87,#,0.368
1310420031,2003,1310420,13,015,02,#,4.78,#,0.368
1310420033,2003,1310420,13,015,02,#,4.93,#,0.305
1310420035,2003,1310420,13,015,02,#,4.56,#,0.28
1310420037,2003,1310420,13,015,02,#,3.8,#,0.235
1310420039,2003,1310420,13,015,02,#,3.09,#,0.335
1310420041,2003,1310420,13,015,02,#,4.02,#,0.223
1310420043,2003,1310420,13,015,02,#,3.65,#,0.23
1310420045,2003,1310420,13,015,02,#,3.6,#,0.244
1310420047,2003,1310420,13,015,02,#,3.27,#,0.221
1310420049,2003,1310420,13,015,02,#,5.41,#,0.344
1310420051,2003,1310420,13,015,02,#,5.37,#,0.351
1310420053,2003,1310420,13,015,02,#,5.57,#,0.389
1310420055,2003,1310420,13,015,02,#,5.41,#,0.355
1310420057,2003,1310420,13,015,02,#,5.88,#,0.358
1310420059,2003,1310420,13,015,02,#,5.6,#,0.365
1310420061,2003,1310420,13,015,02,#,5.68,#,0.37
1310420063,2003,1310420,13,015,02,#,5.6,#,0.354
1310420065,2003,1310420,13,015,02,#,5.13,#,0.302
1310420067,2003,1310420,13,015,02,#,4.73,#,0.318
1310420069,2003,1310420,13,015,02,#,5.05,#,0.306
1310420071,2003,1310420,13,015,02,#,4.81,#,0.293
1310420073,2003,1310420,13,015,02,#,7.16,#,0.455
1310420075,2003,1310420,13,015,02,#,7.12,#,0.495
1310420077,2003,1310420,13,015,02,#,7.04,#,0.493
1310420079,2003,1310420,13,015,02,#,7.12,#,0.473
1310420081,2003,1310420,13,015,02,#,6.78,#,0.488
1310420083,2003,1310420,13,015,02,#,6.78,#,0.476
1310420085,2003,1310420,13,015,02,#,6.53,#,0.488
1310420087,2003,1310420,13,015,02,#,6.7,#,0.495
1310420089,2003,1310420,13,015,02,#,7.27,#,0.589
1310420091,2003,1310420,13,015,02,#,7.56,#,0.585
1310420093,2003,1310420,13,015,02,#,7.27,#,0.591
1310420095,2003,1310420,13,015,02,#,7.56,#,0.607
1310430001,2003,1310430,13,015,51,#,5.36,#,0.326
1310430006,2003,1310430,13,015,51,#,8.6,#,0.697
1310430011,2003,1310430,13,015,51,#,3.35,#,0.214
1310430016,2003,1310430,13,015,51,#,3.65,#,0.275
1310430021,2003,1310430,13,015,51,#,3.85,#,0.18
1310430026,2003,1310430,13,015,51,#,2.56,#,0.098
1310430031,2003,1310430,13,015,51,#,5.22,#,0.451
1310430036,2003,1310430,13,015,51,#,5.05,#,0.451
1310430041,2003,1310430,13,015,51,#,3.12,#,0.161
1310430046,2003,1310430,13,015,51,#,7.33,#,0.696
1310430051,2003,1310430,13,015,51,#,7.51,#,0.786
1310430056,2003,1310430,13,015,51,#,8.47,#,0.831
1310440001,2003,1310440,13,015,52,#,6.15,#,0.402
1310440006,2003,1310440,13,015,52,#,7.84,#,0.56
1310440011,2003,1310440,13,015,52,#,3.68,#,0.234
1310440016,2003,1310440,13,015,52,#,4.62,#,0.341
1310440021,2003,1310440,13,015,52,#,4.2,#,0.216
1310440026,2003,1310440,13,015,52,#,3.45,#,0.17
1310440031,2003,1310440,13,015,52,#,5.34,#,0.388
1310440036,2003,1310440,13,015,52,#,5.3,#,0.358
1310440041,2003,1310440,13,015,52,#,3.86,#,0.199
1310440046,2003,1310440,13,015,52,#,6.74,#,0.481
1310440051,2003,1310440,13,015,52,#,7.47,#,0.557
1310440056,2003,1310440,13,015,52,#,8.01,#,0.674
1310450001,2003,1310450,13,015,53,#,6.46,#,0.442
1310450006,2003,1310450,13,015,53,#,8.87,#,0.572
1310450011,2003,1310450,13,015,53,#,4.06,#,0.263
1310450016,2003,1310450,13,015,53,#,5.34,#,0.322
1310450021,2003,1310450,13,015,53,#,4.81,#,0.214
1310450026,2003,1310450,13,015,53,#,4.21,#,0.235
1310450031,2003,1310450,13,015,53,#,6.49,#,0.346
1310450036,2003,1310450,13,015,53,#,5.88,#,0.411
1310450041,2003,1310450,13,015,53,#,4.39,#,0.257
1310450046,2003,1310450,13,015,53,#,7.52,#,0.525
1310450051,2003,1310450,13,015,53,#,7.74,#,0.586
1310450056,2003,1310450,13,015,53,#,8.09,#,0.7
1310460001,2003,1310460,13,015,54,#,6.2,#,0.414
1310460006,2003,1310460,13,015,54,#,6.38,#,0.577
1310460011,2003,1310460,13,015,54,#,4.11,#,0.291
1310460016,2003,1310460,13,015,54,#,4.91,#,0.384
1310460021,2003,1310460,13,015,54,#,5.31,#,0.303
1310460026,2003,1310460,13,015,54,#,3.94,#,0.251
1310460031,2003,1310460,13,015,54,#,4.77,#,0.204
1310460036,2003,1310460,13,015,54,#,5.56,#,0.222
1310460041,2003,1310460,13,015,54,#,5.58,#,0.304
1310460046,2003,1310460,13,015,54,#,6.51,#,0.43
1310460051,2003,1310460,13,015,54,#,6.66,#,0.405
1310460056,2003,1310460,13,015,54,#,6.12,#,0.323
1310480001,2003,1310480,13,015,56,#,5.96,#,0.377
1310480006,2003,1310480,13,015,56,#,6.38,#,0.424
1310480011,2003,1310480,13,015,56,#,4.36,#,0.302
1310480016,2003,1310480,13,015,56,#,5.15,#,0.384
1310480021,2003,1310480,13,015,56,#,5.02,#,0.278
1310480026,2003,1310480,13,015,56,#,4.53,#,0.198
1310480031,2003,1310480,13,015,56,#,6.05,#,0.275
1310480036,2003,1310480,13,015,56,#,6.01,#,0.363
1310480041,2003,1310480,13,015,56,#,4.73,#,0.32
1310480046,2003,1310480,13,015,56,#,7.12,#,0.521
1310480051,2003,1310480,13,015,56,#,6.98,#,0.529
1310480056,2003,1310480,13,015,56,#,7.52,#,0.671
1310530001,2003,1310530,13,015,03,#,7.37,#,0.439
1310530003,2003,1310530,13,015,03,#,4.27,#,0.332
1310530005,2003,1310530,13,015,03,#,5.56,#,0.395
1310530007,2003,1310530,13,015,03,#,3.82,#,0.261
1310530009,2003,1310530,13,015,03,#,5.72,#,0.391
1310530011,2003,1310530,13,015,03,#,5.4,#,0.346
1310530013,2003,1310530,13,015,03,#,4.79,#,0.3
1310530015,2003,1310530,13,015,03,#,5.28,#,0.33
1310530017,2003,1310530,13,015,03,#,3.4,#,0.254
1310530019,2003,1310530,13,015,03,#,3.03,#,0.247
1310530021,2003,1310530,13,015,03,#,3.61,#,0.261
1310530023,2003,1310530,13,015,03,#,2.95,#,0.222
1310530025,2003,1310530,13,015,03,#,4.74,#,0.343
1310530027,2003,1310530,13,015,03,#,2.69,#,0.258
1310530029,2003,1310530,13,015,03,#,4.18,#,0.29
1310530031,2003,1310530,13,015,03,#,4.91,#,0.322
1310530033,2003,1310530,13,015,03,#,5.48,#,0.333
1310530035,2003,1310530,13,015,03,#,4.14,#,0.287
1310530037,2003,1310530,13,015,03,#,4.22,#,0.282
1310530039,2003,1310530,13,015,03,#,4.35,#,0.285
1310530041,2003,1310530,13,015,03,#,4.19,#,0.214
1310530043,2003,1310530,13,015,03,#,4.07,#,0.216
1310530045,2003,1310530,13,015,03,#,3.65,#,0.205
1310530047,2003,1310530,13,015,03,#,3.23,#,0.212
1310530049,2003,1310530,13,015,03,#,4.69,#,0.351
1310530051,2003,1310530,13,015,03,#,3.42,#,0.273
1310530053,2003,1310530,13,015,03,#,4.42,#,0.296
1310530055,2003,1310530,13,015,03,#,3.98,#,0.293
1310530057,2003,1310530,13,015,03,#,5.27,#,0.313
1310530059,2003,1310530,13,015,03,#,6.78,#,0.345
1310530061,2003,1310530,13,015,03,#,5.23,#,0.275
1310530063,2003,1310530,13,015,03,#,3.08,#,0.195
1310530065,2003,1310530,13,015,03,#,4.65,#,0.265
1310530067,2003,1310530,13,015,03,#,4.89,#,0.267
1310530069,2003,1310530,13,015,03,#,4.36,#,0.274
1310530071,2003,1310530,13,015,03,#,4.24,#,0.249
1310530073,2003,1310530,13,015,03,#,4.97,#,0.229
1310530075,2003,1310530,13,015,03,#,5.38,#,0.236
1310530077,2003,1310530,13,015,03,#,5.09,#,0.281
1310530079,2003,1310530,13,015,03,#,4.2,#,0.222
1310530081,2003,1310530,13,015,03,#,4.96,#,0.234
1310530083,2003,1310530,13,015,03,#,6.62,#,0.339
1310530085,2003,1310530,13,015,03,#,7.46,#,0.318
1310530087,2003,1310530,13,015,03,#,5.12,#,0.289
1310530089,2003,1310530,13,015,03,#,3.41,#,0.213
1310530091,2003,1310530,13,015,03,#,8.87,#,0.551
1310530093,2003,1310530,13,015,03,#,8.67,#,0.52
1310530095,2003,1310530,13,015,03,#,6.78,#,0.395
1310540001,2003,1310540,13,015,58,#,7.25,#,0.542
1310540006,2003,1310540,13,015,58,#,4.63,#,0.375
1310540011,2003,1310540,13,015,58,#,4.57,#,0.296
1310540016,2003,1310540,13,015,58,#,5.99,#,0.383
1310540021,2003,1310540,13,015,58,#,2.46,#,0.223
1310540026,2003,1310540,13,015,58,#,4.23,#,0.221
1310540031,2003,1310540,13,015,58,#,5.49,#,0.392
1310540036,2003,1310540,13,015,58,#,6.9,#,0.392
1310540041,2003,1310540,13,015,58,#,5.5,#,0.299
1310540046,2003,1310540,13,015,58,#,5.09,#,0.254
1310540051,2003,1310540,13,015,58,#,6.66,#,0.325
1310540056,2003,1310540,13,015,58,#,3.45,#,0.192
1310550001,2003,1310550,13,017,01,#,8.33,#,0.351
1310550004,2003,1310550,13,017,01,#,12.3,#,0.434
1310550007,2003,1310550,13,017,01,#,7.08,#,0.295
1310550010,2003,1310550,13,017,01,#,8.99,#,0.474
1310550014,2003,1310550,13,017,01,#,7.35,#,0.3
1310550017,2003,1310550,13,017,01,#,8.2,#,0.282
1310550020,2003,1310550,13,017,01,#,8.45,#,0.337
1310550022,2003,1310550,13,017,01,#,8.43,#,0.313
1310550025,2003,1310550,13,017,01,#,8.85,#,0.348
1310550028,2003,1310550,13,017,01,#,12.4,#,0.718
1310550031,2003,1310550,13,017,01,#,16.3,#,0.747
1310550034,2003,1310550,13,017,01,#,13.6,#,0.555
1310560001,2003,1310560,13,017,51,#,6.38,#,0.313
1310560004,2003,1310560,13,017,51,#,8.68,#,0.235
1310560007,2003,1310560,13,017,51,#,6.07,#,0.231
1310560010,2003,1310560,13,017,51,#,6.47,#,0.26
1310560014,2003,1310560,13,017,51,#,7.44,#,0.298
1310560017,2003,1310560,13,017,51,#,8.23,#,0.216
1310560020,2003,1310560,13,017,51,#,7.6,#,0.215
1310560022,2003,1310560,13,017,51,#,7.48,#,0.286
1310560025,2003,1310560,13,017,51,#,7.36,#,0.171
1310560028,2003,1310560,13,017,51,#,13.9,#,0.614
1310560031,2003,1310560,13,017,51,#,13.6,#,0.578
1310560034,2003,1310560,13,017,51,#,11.8,#,0.421
1310570001,2003,1310570,13,017,52,#,7.17,#,0.489
1310570004,2003,1310570,13,017,52,#,10.7,#,0.312
1310570007,2003,1310570,13,017,52,#,7.17,#,0.365
1310570010,2003,1310570,13,017,52,#,7.72,#,0.517
1310570014,2003,1310570,13,017,52,#,7.63,#,0.348
1310570017,2003,1310570,13,017,52,#,8.16,#,0.321
1310570020,2003,1310570,13,017,52,#,8.78,#,0.454
1310570022,2003,1310570,13,017,52,#,8.25,#,0.336
1310570025,2003,1310570,13,017,52,#,8.04,#,0.303
1310570028,2003,1310570,13,017,52,#,12.2,#,0.707
1310570031,2003,1310570,13,017,52,#,15.4,#,0.905
1310570034,2003,1310570,13,017,52,#,16,#,0.84
1310580001,2003,1310580,13,018,01,#,4.06,#,0.061
1310580004,2003,1310580,13,018,01,#,7.88,#,0.102
1310580007,2003,1310580,13,018,01,#,7.58,#,0.033
1310580010,2003,1310580,13,018,01,#,7.48,#,0.159
1310580014,2003,1310580,13,018,01,#,8.1,#,0.251
1310580017,2003,1310580,13,018,01,#,9.38,#,0.334
1310580020,2003,1310580,13,018,01,#,8.22,#,0.276
1310580022,2003,1310580,13,018,01,#,8.02,#,0.26
1310580025,2003,1310580,13,018,01,#,8.85,#,0.153
1310580028,2003,1310580,13,018,01,#,12.6,#,0.582
1310580031,2003,1310580,13,018,01,#,15.7,#,0.502
1310580034,2003,1310580,13,018,01,#,11.6,#,0.31
1310600001,2003,1310600,13,019,01,#,5,#,0.083
1310600004,2003,1310600,13,019,01,#,11.7,#,0.501
1310600007,2003,1310600,13,019,01,#,6.1,#,0.061
1310600010,2003,1310600,13,019,01,#,9.19,#,0.451
1310600014,2003,1310600,13,019,01,#,7.77,#,0.272
1310600017,2003,1310600,13,019,01,#,8.38,#,0.288
1310600020,2003,1310600,13,019,01,#,10.4,#,0.281
1310600022,2003,1310600,13,019,01,#,9.04,#,0.349
1310600025,2003,1310600,13,019,01,#,9.37,#,0.35
1310600028,2003,1310600,13,019,01,#,8.51,#,0.235
1310600031,2003,1310600,13,019,01,#,10.7,#,0.183
1310600034,2003,1310600,13,019,01,#,6.83,#,0.053
1310630001,2003,1310630,13,020,01,#,7.88,#,0.565
1310630004,2003,1310630,13,020,01,#,6.92,#,0.88
1310630007,2003,1310630,13,020,01,#,7.78,#,0.649
1310630010,2003,1310630,13,020,01,#,7.54,#,0.605
1310630014,2003,1310630,13,020,01,#,8.75,#,0.495
1310630017,2003,1310630,13,020,01,#,7.27,#,0.497
1310630020,2003,1310630,13,020,01,#,8.4,#,0.55
1310630022,2003,1310630,13,020,01,#,9.51,#,0.67
1310630025,2003,1310630,13,020,01,#,8.66,#,0.496
1310630028,2003,1310630,13,020,01,#,9.61,#,0.709
1310630031,2003,1310630,13,020,01,#,13.9,#,0.971
1310630034,2003,1310630,13,020,01,#,9.46,#,0.717
1310650001,2003,1310650,13,020,52,#,7.94,#,0.558
1310650004,2003,1310650,13,020,52,#,8.82,#,1.14
1310650007,2003,1310650,13,020,52,#,8.5,#,0.858
1310650010,2003,1310650,13,020,52,#,8.58,#,0.849
1310650014,2003,1310650,13,020,52,#,9.65,#,0.643
1310650017,2003,1310650,13,020,52,#,9.56,#,0.811
1310650020,2003,1310650,13,020,52,#,9.94,#,0.794
1310650022,2003,1310650,13,020,52,#,9.96,#,0.612
1310650025,2003,1310650,13,020,52,#,10.4,#,0.823
1310650028,2003,1310650,13,020,52,#,11.4,#,0.994
1310650031,2003,1310650,13,020,52,#,15.5,#,1.13
1310650034,2003,1310650,13,020,52,#,11.4,#,1
1310660001,2003,1310660,13,021,01,#,3.36,#,0.015
1310660004,2003,1310660,13,021,01,#,2.87,#,0.017
1310660007,2003,1310660,13,021,01,#,2.88,#,0.024
1310660010,2003,1310660,13,021,01,#,3,#,0.029
1310660013,2003,1310660,13,021,01,#,3.71,#,0.021
1310660016,2003,1310660,13,021,01,#,3.68,#,0.02
1310660019,2003,1310660,13,021,01,#,3.84,#,0.019
1310660022,2003,1310660,13,021,01,#,3.34,#,0.02
1310660025,2003,1310660,13,021,01,#,3.99,#,0.023
1310660028,2003,1310660,13,021,01,#,3.16,#,0.01
1310660031,2003,1310660,13,021,01,#,2.93,#,0.011
1310660034,2003,1310660,13,021,01,#,2.73,#,0.012
1310670001,2003,1310670,13,022,01,#,1.74,#,0.016
1310670003,2003,1310670,13,022,01,#,1.44,#,0.018
1310670005,2003,1310670,13,022,01,#,1.6,#,0.022
1310670007,2003,1310670,13,022,01,#,1.45,#,0.021
1310670009,2003,1310670,13,022,01,#,1.33,#,0.018
1310670011,2003,1310670,13,022,01,#,1.22,#,0.014
1310670013,2003,1310670,13,022,01,#,1.33,#,0.014
1310670015,2003,1310670,13,022,01,#,1.3,#,0.014
1310670017,2003,1310670,13,022,01,#,1.42,#,0.02
1310670019,2003,1310670,13,022,01,#,1.18,#,0.008
1310670021,2003,1310670,13,022,01,#,1.15,#,0.008
1310670023,2003,1310670,13,022,01,#,1.09,#,0.009
1310690001,2003,1310690,13,023,01,#,2.97,#,0.095
1310690004,2003,1310690,13,023,01,#,3.22,#,0.218
1310690007,2003,1310690,13,023,01,#,3.8,#,0.171
1310690010,2003,1310690,13,023,01,#,3.37,#,0.14
1310690013,2003,1310690,13,023,01,#,3.6,#,0.088
1310690016,2003,1310690,13,023,01,#,3.29,#,0.121
1310690019,2003,1310690,13,023,01,#,3.43,#,0.072
1310690023,2003,1310690,13,023,01,#,3.2,#,0.103
1310690025,2003,1310690,13,023,01,#,3.52,#,0.051
1310690028,2003,1310690,13,023,01,#,4.62,#,0.255
1310690031,2003,1310690,13,023,01,#,5.13,#,0.224
1310690034,2003,1310690,13,023,01,#,5.06,#,0.532
1310700001,2003,1310700,13,024,01,#,3.75,#,0.026
1310700004,2003,1310700,13,024,01,#,1.81,#,0.046
1310700007,2003,1310700,13,024,01,#,2.89,#,0.056
1310700010,2003,1310700,13,024,01,#,2.6,#,0.041
1310700013,2003,1310700,13,024,01,#,6.44,#,0.049
1310700016,2003,1310700,13,024,01,#,4.09,#,0.03
1310700019,2003,1310700,13,024,01,#,3.66,#,0.032
1310700022,2003,1310700,13,024,01,#,3.03,#,0.036
1310700025,2003,1310700,13,024,01,#,4.61,#,0.039
1310700028,2003,1310700,13,024,01,#,3.39,#,0.022
1310700031,2003,1310700,13,024,01,#,2.11,#,0.026
1310700034,2003,1310700,13,024,01,#,1.52,#,0.015
1310730001,2003,1310730,13,025,01,#,2.76,#,0.074
1310730004,2003,1310730,13,025,01,#,2.78,#,0.122
1310730007,2003,1310730,13,025,01,#,2.68,#,0.076
1310730010,2003,1310730,13,025,01,#,2.68,#,0.072
1310730013,2003,1310730,13,025,01,#,2.49,#,0.051
1310730016,2003,1310730,13,025,01,#,2.33,#,0.046
1310730019,2003,1310730,13,025,01,#,2.45,#,0.042
1310730023,2003,1310730,13,025,01,#,2.49,#,0.073
1310730025,2003,1310730,13,025,01,#,2.28,#,0.04
1310730028,2003,1310730,13,025,01,#,3.28,#,0.086
1310730031,2003,1310730,13,025,01,#,3.63,#,0.101
1310730034,2003,1310730,13,025,01,#,3.66,#,0.145
1310740001,2003,1310740,13,026,01,#,5.34,#,0.283
1310740003,2003,1310740,13,026,01,#,5.19,#,0.252
1310740005,2003,1310740,13,026,01,#,5.21,#,0.296
1310740007,2003,1310740,13,026,01,#,5.2,#,0.291
1310740009,2003,1310740,13,026,01,#,5.12,#,0.341
1310740011,2003,1310740,13,026,01,#,6.58,#,0.354
1310740013,2003,1310740,13,026,01,#,6.64,#,0.362
1310740015,2003,1310740,13,026,01,#,6.67,#,0.369
1310740017,2003,1310740,13,026,01,#,4.35,#,0.195
1310740019,2003,1310740,13,026,01,#,3.68,#,0.181
1310740021,2003,1310740,13,026,01,#,4.87,#,0.206
1310740023,2003,1310740,13,026,01,#,4.59,#,0.2
1310740025,2003,1310740,13,026,01,#,5.04,#,0.249
1310740027,2003,1310740,13,026,01,#,4.76,#,0.237
1310740029,2003,1310740,13,026,01,#,4.01,#,0.204
1310740031,2003,1310740,13,026,01,#,4.23,#,0.247
1310740033,2003,1310740,13,026,01,#,4.38,#,0.187
1310740035,2003,1310740,13,026,01,#,3.96,#,0.167
1310740037,2003,1310740,13,026,01,#,3.05,#,0.228
1310740039,2003,1310740,13,026,01,#,2.97,#,0.124
1310740041,2003,1310740,13,026,01,#,4.8,#,0.184
1310740043,2003,1310740,13,026,01,#,4.36,#,0.173
1310740045,2003,1310740,13,026,01,#,4.39,#,0.176
1310740047,2003,1310740,13,026,01,#,4.43,#,0.174
1310740049,2003,1310740,13,026,01,#,4.63,#,0.228
1310740051,2003,1310740,13,026,01,#,4.44,#,0.206
1310740053,2003,1310740,13,026,01,#,4.57,#,0.22
1310740055,2003,1310740,13,026,01,#,4.68,#,0.241
1310740057,2003,1310740,13,026,01,#,4.5,#,0.206
1310740059,2003,1310740,13,026,01,#,4.39,#,0.187
1310740061,2003,1310740,13,026,01,#,4.34,#,0.208
1310740063,2003,1310740,13,026,01,#,4.74,#,0.219
1310740065,2003,1310740,13,026,01,#,4.4,#,0.165
1310740067,2003,1310740,13,026,01,#,4.3,#,0.161
1310740069,2003,1310740,13,026,01,#,4.38,#,0.176
1310740071,2003,1310740,13,026,01,#,4.5,#,0.18
1310740073,2003,1310740,13,026,01,#,6.69,#,0.295
1310740075,2003,1310740,13,026,01,#,6.13,#,0.266
1310740077,2003,1310740,13,026,01,#,6.01,#,0.237
1310740079,2003,1310740,13,026,01,#,6.19,#,0.25
1310740081,2003,1310740,13,026,01,#,6.55,#,0.371
1310740083,2003,1310740,13,026,01,#,6.55,#,0.381
1310740085,2003,1310740,13,026,01,#,6.32,#,0.335
1310740087,2003,1310740,13,026,01,#,6.46,#,0.359
1310740089,2003,1310740,13,026,01,#,6.22,#,0.365
1310740091,2003,1310740,13,026,01,#,6.53,#,0.378
1310740093,2003,1310740,13,026,01,#,6.36,#,0.331
1310740095,2003,1310740,13,026,01,#,6.38,#,0.348
1310750001,2003,1310750,13,025,02,#,3.53,#,0.163
1310750004,2003,1310750,13,025,02,#,5.98,#,0.317
1310750007,2003,1310750,13,025,02,#,4.49,#,0.388
1310750010,2003,1310750,13,025,02,#,4.43,#,0.339
1310750013,2003,1310750,13,025,02,#,3.12,#,0.122
1310750016,2003,1310750,13,025,02,#,4.12,#,0.23
1310750019,2003,1310750,13,025,02,#,3.94,#,0.174
1310750023,2003,1310750,13,025,02,#,3.48,#,0.17
1310750025,2003,1310750,13,025,02,#,2.83,#,0.073
1310750028,2003,1310750,13,025,02,#,5.98,#,0.378
1310750031,2003,1310750,13,025,02,#,6.47,#,0.441
1310750034,2003,1310750,13,025,02,#,6.71,#,0.959
1310780001,2003,1310780,13,027,01,#,1.85,#,0.027
1310780004,2003,1310780,13,027,01,#,2.03,#,0.077
1310780007,2003,1310780,13,027,01,#,2,#,0.032
1310780010,2003,1310780,13,027,01,#,2.15,#,0.051
1310780013,2003,1310780,13,027,01,#,1.97,#,0.033
1310780016,2003,1310780,13,027,01,#,2.25,#,0.024
1310780019,2003,1310780,13,027,01,#,2.05,#,0.017
1310780023,2003,1310780,13,027,01,#,2.36,#,0.168
1310780025,2003,1310780,13,027,01,#,1.99,#,0.041
1310780028,2003,1310780,13,027,01,#,3.7,#,0.471
1310780031,2003,1310780,13,027,01,#,2.61,#,0.012
1310780034,2003,1310780,13,027,01,#,2.88,#,0.059
1310790001,2003,1310790,13,028,01,#,3.65,#,0.178
1310790004,2003,1310790,13,028,01,#,4.5,#,0.233
1310790006,2003,1310790,13,028,01,#,3.28,#,0.081
1310790009,2003,1310790,13,028,01,#,3.08,#,0.043
1310790012,2003,1310790,13,028,01,#,3.27,#,0.045
1310790015,2003,1310790,13,028,01,#,3.69,#,0.086
1310790018,2003,1310790,13,028,01,#,4.68,#,0.158
1310790021,2003,1310790,13,028,01,#,3.8,#,0.105
1310790024,2003,1310790,13,028,01,#,4.24,#,0.132
1310790027,2003,1310790,13,028,01,#,4.99,#,0.173
1310790030,2003,1310790,13,028,01,#,6.03,#,0.267
1310790033,2003,1310790,13,028,01,#,5.63,#,0.183
1310800001,2003,1310800,13,029,01,#,2.09,#,0.045
1310800003,2003,1310800,13,029,01,#,2.65,#,0.063
1310800005,2003,1310800,13,029,01,#,2.07,#,0.062
1310800007,2003,1310800,13,029,01,#,2.65,#,0.094
1310800009,2003,1310800,13,029,01,#,2.46,#,0.085
1310800011,2003,1310800,13,029,01,#,2.5,#,0.089
1310800013,2003,1310800,13,029,01,#,2.43,#,0.1
1310800015,2003,1310800,13,029,01,#,2.83,#,0.107
1310800017,2003,1310800,13,029,01,#,2.38,#,0.051
1310800019,2003,1310800,13,029,01,#,2.18,#,0.045
1310800021,2003,1310800,13,029,01,#,2.08,#,0.047
1310800023,2003,1310800,13,029,01,#,2.4,#,0.043
1310800025,2003,1310800,13,029,01,#,2.29,#,0.06
1310800027,2003,1310800,13,029,01,#,2.13,#,0.059
1310800029,2003,1310800,13,029,01,#,2.68,#,0.066
1310800031,2003,1310800,13,029,01,#,2.92,#,0.079
1310800033,2003,1310800,13,029,01,#,1.62,#,0.03
1310800035,2003,1310800,13,029,01,#,1.39,#,0.036
1310800037,2003,1310800,13,029,01,#,2.85,#,0.249
1310800039,2003,1310800,13,029,01,#,1.93,#,0.063
1310800041,2003,1310800,13,029,01,#,1.88,#,0.05
1310800043,2003,1310800,13,029,01,#,1.82,#,0.053
1310800045,2003,1310800,13,029,01,#,2.03,#,0.045
1310800047,2003,1310800,13,029,01,#,1.93,#,0.047
1310800049,2003,1310800,13,029,01,#,2.32,#,0.035
1310800051,2003,1310800,13,029,01,#,2.23,#,0.046
1310800053,2003,1310800,13,029,01,#,2.03,#,0.046
1310800055,2003,1310800,13,029,01,#,2.15,#,0.035
1310800057,2003,1310800,13,029,01,#,2.5,#,0.069
1310800059,2003,1310800,13,029,01,#,2.34,#,0.067
1310800061,2003,1310800,13,029,01,#,2.19,#,0.059
1310800063,2003,1310800,13,029,01,#,2.34,#,0.063
1310800065,2003,1310800,13,029,01,#,2.7,#,0.038
1310800067,2003,1310800,13,029,01,#,2.26,#,0.047
1310800069,2003,1310800,13,029,01,#,2.4,#,0.044
1310800071,2003,1310800,13,029,01,#,2.51,#,0.049
1310800073,2003,1310800,13,029,01,#,2.26,#,0.042
1310800075,2003,1310800,13,029,01,#,1.99,#,0.048
1310800077,2003,1310800,13,029,01,#,2.07,#,0.064
1310800079,2003,1310800,13,029,01,#,2.6,#,0.127
1310800081,2003,1310800,13,029,01,#,1.94,#,0.057
1310800083,2003,1310800,13,029,01,#,1.89,#,0.069
1310800085,2003,1310800,13,029,01,#,1.65,#,0.084
1310800087,2003,1310800,13,029,01,#,1.67,#,0.077
1310800089,2003,1310800,13,029,01,#,2.28,#,0.053
1310800091,2003,1310800,13,029,01,#,2.36,#,0.067
1310800093,2003,1310800,13,029,01,#,2.56,#,0.166
1310800095,2003,1310800,13,029,01,#,2.06,#,0.099
1310810001,2003,1310810,13,030,01,#,7.31,#,0.247
1310810003,2003,1310810,13,030,01,#,6.64,#,0.228
1310810005,2003,1310810,13,030,01,#,7.04,#,0.155
1310810007,2003,1310810,13,030,01,#,7.31,#,0.167
1310810009,2003,1310810,13,030,01,#,8.46,#,0.184
1310810011,2003,1310810,13,030,01,#,6.02,#,0.14
1310810013,2003,1310810,13,030,01,#,9.54,#,0.28
1310810015,2003,1310810,13,030,01,#,7.85,#,0.188
1310810017,2003,1310810,13,030,01,#,7.48,#,0.131
1310810019,2003,1310810,13,030,01,#,7.27,#,0.159
1310810021,2003,1310810,13,030,01,#,6.16,#,0.143
1310810023,2003,1310810,13,030,01,#,6.92,#,0.131
1310810025,2003,1310810,13,030,01,#,8.92,#,0.135
1310810027,2003,1310810,13,030,01,#,8.18,#,0.137
1310810029,2003,1310810,13,030,01,#,8.31,#,0.122
1310810031,2003,1310810,13,030,01,#,8.25,#,0.114
1310810033,2003,1310810,13,030,01,#,5.79,#,0.145
1310810035,2003,1310810,13,030,01,#,5.09,#,0.141
1310810037,2003,1310810,13,030,01,#,5.93,#,0.223
1310810039,2003,1310810,13,030,01,#,4.46,#,0.308
1310810041,2003,1310810,13,030,01,#,7.06,#,0.083
1310810043,2003,1310810,13,030,01,#,5.8,#,0.08
1310810045,2003,1310810,13,030,01,#,5.66,#,0.091
1310810047,2003,1310810,13,030,01,#,6.57,#,0.078
1310810049,2003,1310810,13,030,01,#,7.69,#,0.069
1310810051,2003,1310810,13,030,01,#,7.96,#,0.067
1310810053,2003,1310810,13,030,01,#,7.5,#,0.074
1310810055,2003,1310810,13,030,01,#,7.36,#,0.071
1310810057,2003,1310810,13,030,01,#,8.79,#,0.06
1310810059,2003,1310810,13,030,01,#,8.25,#,0.069
1310810061,2003,1310810,13,030,01,#,8.32,#,0.064
1310810063,2003,1310810,13,030,01,#,8.25,#,0.06
1310810065,2003,1310810,13,030,01,#,8.49,#,0.061
1310810067,2003,1310810,13,030,01,#,8.22,#,0.069
1310810069,2003,1310810,13,030,01,#,7.82,#,0.063
1310810071,2003,1310810,13,030,01,#,7.75,#,0.072
1310810073,2003,1310810,13,030,01,#,9.51,#,0.094
1310810075,2003,1310810,13,030,01,#,8.97,#,0.096
1310810077,2003,1310810,13,030,01,#,8.9,#,0.092
1310810079,2003,1310810,13,030,01,#,8.9,#,0.094
1310810081,2003,1310810,13,030,01,#,8.88,#,0.11
1310810083,2003,1310810,13,030,01,#,9.28,#,0.124
1310810085,2003,1310810,13,030,01,#,9.01,#,0.131
1310810087,2003,1310810,13,030,01,#,8.81,#,0.127
1310810089,2003,1310810,13,030,01,#,10.2,#,0.174
1310810091,2003,1310810,13,030,01,#,10.3,#,0.194
1310810093,2003,1310810,13,030,01,#,10.6,#,0.204
1310810095,2003,1310810,13,030,01,#,9.72,#,0.156
1310820001,2003,1310820,13,030,51,#,4.56,#,0.075
1310820002,2003,1310820,13,030,51,#,3.12,#,0.092
1310820003,2003,1310820,13,030,51,#,3.08,#,0.062
1310820004,2003,1310820,13,030,51,#,2.36,#,0.085
1310820005,2003,1310820,13,030,51,#,5.99,#,0.058
1310820006,2003,1310820,13,030,51,#,6.01,#,0.062
1310820007,2003,1310820,13,030,51,#,7.38,#,0.037
1310820008,2003,1310820,13,030,51,#,6.73,#,0.036
1310820009,2003,1310820,13,030,51,#,7.01,#,0.031
1310820010,2003,1310820,13,030,51,#,6.16,#,0.02
1310820011,2003,1310820,13,030,51,#,5.91,#,0.048
1310820012,2003,1310820,13,030,51,#,4.41,#,0.037
1310830001,2003,1310830,13,031,01,#,6.06,#,0.351
1310830004,2003,1310830,13,031,01,#,4.29,#,0.561
1310830007,2003,1310830,13,031,01,#,5.21,#,0.381
1310830010,2003,1310830,13,031,01,#,5.15,#,0.299
1310830013,2003,1310830,13,031,01,#,5.26,#,0.129
1310830016,2003,1310830,13,031,01,#,5.52,#,0.332
1310830019,2003,1310830,13,031,01,#,6.12,#,0.306
1310830022,2003,1310830,13,031,01,#,5.9,#,0.267
1310830025,2003,1310830,13,031,01,#,5.95,#,0.24
1310830028,2003,1310830,13,031,01,#,7.42,#,0.387
1310830031,2003,1310830,13,031,01,#,5.87,#,0.371
1310830034,2003,1310830,13,031,01,#,7.19,#,0.638
1310850001,2003,1310850,13,032,01,#,1.55,#,0.021
1310850003,2003,1310850,13,032,01,#,1.38,#,0.035
1310850005,2003,1310850,13,032,01,#,1.66,#,0.025
1310850007,2003,1310850,13,032,01,#,1.94,#,0.029
1310850009,2003,1310850,13,032,01,#,1.77,#,0.026
1310850011,2003,1310850,13,032,01,#,1.53,#,0.026
1310850013,2003,1310850,13,032,01,#,1.49,#,0.026
1310850015,2003,1310850,13,032,01,#,1.48,#,0.024
1310850017,2003,1310850,13,032,01,#,1.65,#,0.02
1310850019,2003,1310850,13,032,01,#,1.23,#,0.015
1310850021,2003,1310850,13,032,01,#,1.39,#,0.019
1310850023,2003,1310850,13,032,01,#,1.2,#,0.027
1310860001,2003,1310860,13,032,02,#,2.08,#,0.034
1310860003,2003,1310860,13,032,02,#,1.88,#,0.089
1310860005,2003,1310860,13,032,02,#,2.22,#,0.058
1310860007,2003,1310860,13,032,02,#,2.1,#,0.043
1310860009,2003,1310860,13,032,02,#,2.66,#,0.041
1310860011,2003,1310860,13,032,02,#,1.71,#,0.037
1310860013,2003,1310860,13,032,02,#,2.03,#,0.045
1310860015,2003,1310860,13,032,02,#,1.66,#,0.04
1310860017,2003,1310860,13,032,02,#,2.08,#,0.034
1310860019,2003,1310860,13,032,02,#,1.67,#,0.037
1310860021,2003,1310860,13,032,02,#,2.1,#,0.053
1310860023,2003,1310860,13,032,02,#,1.58,#,0.049
1310870001,2003,1310870,13,034,01,#,10.1,#,0.283
1310870004,2003,1310870,13,034,01,#,12.3,#,0.44
1310870007,2003,1310870,13,034,01,#,11.8,#,0.277
1310870010,2003,1310870,13,034,01,#,9.99,#,0.257
1310870013,2003,1310870,13,034,01,#,8.67,#,0.123
1310870016,2003,1310870,13,034,01,#,10.7,#,0.207
1310870019,2003,1310870,13,034,01,#,11,#,0.208
1310870022,2003,1310870,13,034,01,#,11.9,#,0.284
1310870025,2003,1310870,13,034,01,#,10.8,#,0.175
1310870028,2003,1310870,13,034,01,#,11.8,#,0.378
1310870031,2003,1310870,13,034,01,#,14.9,#,0.729
1310870034,2003,1310870,13,034,01,#,13.6,#,0.774
1310880001,2003,1310880,13,035,01,#,7.14,#,0.05
1310880004,2003,1310880,13,035,01,#,7.16,#,0.118
1310880007,2003,1310880,13,035,01,#,8.04,#,0.246
1310880010,2003,1310880,13,035,01,#,6.93,#,0.072
1310880013,2003,1310880,13,035,01,#,6.81,#,0.069
1310880016,2003,1310880,13,035,01,#,7.94,#,0.064
1310880019,2003,1310880,13,035,01,#,7.13,#,0.041
1310880022,2003,1310880,13,035,01,#,7.13,#,0.052
1310880025,2003,1310880,13,035,01,#,7.3,#,0.045
1310880028,2003,1310880,13,035,01,#,7.56,#,0.05
1310880031,2003,1310880,13,035,01,#,6.88,#,0.07
1310880034,2003,1310880,13,035,01,#,6.21,#,0.064
1310940001,2003,1310940,13,036,01,#,4.72,#,0.154
1310940004,2003,1310940,13,036,01,#,3.28,#,0.172
1310940007,2003,1310940,13,036,01,#,3.26,#,0.121
1310940010,2003,1310940,13,036,01,#,2.88,#,0.134
1310940013,2003,1310940,13,036,01,#,2.22,#,0.106
1310940016,2003,1310940,13,036,01,#,3.14,#,0.107
1310940019,2003,1310940,13,036,01,#,4.08,#,0.175
1310940022,2003,1310940,13,036,01,#,3.69,#,0.151
1310940025,2003,1310940,13,036,01,#,3.74,#,0.084
1310940028,2003,1310940,13,036,01,#,9.21,#,0.239
1310940031,2003,1310940,13,036,01,#,3.67,#,0.145
1310940034,2003,1310940,13,036,01,#,3.73,#,0.181
1310950001,2003,1310950,13,037,01,#,9.65,#,0.439
1310950004,2003,1310950,13,037,01,#,12.1,#,0.21
1310950007,2003,1310950,13,037,01,#,11.1,#,0.204
1310950010,2003,1310950,13,037,01,#,8.91,#,0.122
1310950013,2003,1310950,13,037,01,#,8.59,#,0.245
1310950016,2003,1310950,13,037,01,#,9.28,#,0.096
1310950019,2003,1310950,13,037,01,#,10.3,#,0.075
1310950022,2003,1310950,13,037,01,#,9.23,#,0.108
1310950025,2003,1310950,13,037,01,#,10.1,#,0.073
1310950028,2003,1310950,13,037,01,#,13.1,#,0.199
1310950031,2003,1310950,13,037,01,#,11.3,#,0.137
1310950034,2003,1310950,13,037,01,#,12,#,0.156
1310960001,2003,1310960,13,038,01,#,2.59,#,0.065
1310960004,2003,1310960,13,038,01,#,0.89,#,0.145
1310960007,2003,1310960,13,038,01,#,2.95,#,0.08
1310960010,2003,1310960,13,038,01,#,2.45,#,0.064
1310960013,2003,1310960,13,038,01,#,3.8,#,0.06
1310960016,2003,1310960,13,038,01,#,4.04,#,0.067
1310960019,2003,1310960,13,038,01,#,3.39,#,0.07
1310960022,2003,1310960,13,038,01,#,3.68,#,0.074
1310960025,2003,1310960,13,038,01,#,4.29,#,0.312
1310960028,2003,1310960,13,038,01,#,4.02,#,0.086
1310960031,2003,1310960,13,038,01,#,2.16,#,0.097
1310960034,2003,1310960,13,038,01,#,0.39,#,0.062
1310970002,2003,1310970,13,039,51,#,4.4,#,0.226
1310970006,2003,1310970,13,039,51,#,2.42,#,0.208
1310970010,2003,1310970,13,039,51,#,2.55,#,0.202
1310970013,2003,1310970,13,039,51,#,3.1,#,0.204
1310970016,2003,1310970,13,039,51,#,3.39,#,0.155
1310970019,2003,1310970,13,039,51,#,3.16,#,0.128
1310970022,2003,1310970,13,039,51,#,4.34,#,0.19
1310970025,2003,1310970,13,039,51,#,4.29,#,0.211
1310970028,2003,1310970,13,039,51,#,6.16,#,0.156
1310970031,2003,1310970,13,039,51,#,7.52,#,0.249
1310970034,2003,1310970,13,039,51,#,7.39,#,0.411
1310970037,2003,1310970,13,039,51,#,8.15,#,0.351
1310980001,2003,1310980,13,043,01,#,3.66,#,0.153
1310980004,2003,1310980,13,043,01,#,1.74,#,0.04
1310980007,2003,1310980,13,043,01,#,1.67,#,0.054
1310980010,2003,1310980,13,043,01,#,2.42,#,0.084
1310980014,2003,1310980,13,043,01,#,2.75,#,0.06
1310980016,2003,1310980,13,043,01,#,2.64,#,0.061
1310980019,2003,1310980,13,043,01,#,3.21,#,0.065
1310980022,2003,1310980,13,043,01,#,3.63,#,0.101
1310980025,2003,1310980,13,043,01,#,3.04,#,0.065
1310980028,2003,1310980,13,043,01,#,3.86,#,0.092
1310980031,2003,1310980,13,043,01,#,3.9,#,0.111
1310980034,2003,1310980,13,043,01,#,4.57,#,0.116
1310990001,2003,1310990,13,202,01,#,5.51,#,0.253
1310990004,2003,1310990,13,202,01,#,3.84,#,0.241
1310990007,2003,1310990,13,202,01,#,3.09,#,0.184
1310990010,2003,1310990,13,202,01,#,3.35,#,0.203
1310990014,2003,1310990,13,202,01,#,3.99,#,0.215
1310990016,2003,1310990,13,202,01,#,3.07,#,0.139
1310990019,2003,1310990,13,202,01,#,4.6,#,0.219
1310990022,2003,1310990,13,202,01,#,4.85,#,0.203
1310990025,2003,1310990,13,202,01,#,9.44,#,0.209
1310990028,2003,1310990,13,202,01,#,7.43,#,0.204
1310990031,2003,1310990,13,202,01,#,7.87,#,0.382
1310990034,2003,1310990,13,202,01,#,8.39,#,0.317
1311000001,2003,1311000,13,044,01,#,4.07,#,0.178
1311000004,2003,1311000,13,044,01,#,2.82,#,0.124
1311000007,2003,1311000,13,044,01,#,2.35,#,0.115
1311000010,2003,1311000,13,044,01,#,3.03,#,0.123
1311000014,2003,1311000,13,044,01,#,2.58,#,0.073
1311000016,2003,1311000,13,044,01,#,2.81,#,0.087
1311000020,2003,1311000,13,044,01,#,3.17,#,0.115
1311000022,2003,1311000,13,044,01,#,3.6,#,0.111
1311000025,2003,1311000,13,044,01,#,3.36,#,0.059
1311000028,2003,1311000,13,044,01,#,4.46,#,0.127
1311000031,2003,1311000,13,044,01,#,4.62,#,0.144
1311000034,2003,1311000,13,044,01,#,6.87,#,0.234
1311010001,2003,1311010,13,044,51,#,3.09,#,0.168
1311010004,2003,1311010,13,044,51,#,2.07,#,0.106
1311010007,2003,1311010,13,044,51,#,2.48,#,0.248
1311010010,2003,1311010,13,044,51,#,3.35,#,0.326
1311010014,2003,1311010,13,044,51,#,2.88,#,0.047
1311010016,2003,1311010,13,044,51,#,2.88,#,0.101
1311010019,2003,1311010,13,044,51,#,3.31,#,0.073
1311010022,2003,1311010,13,044,51,#,3.25,#,0.106
1311010025,2003,1311010,13,044,51,#,3.26,#,0.064
1311010028,2003,1311010,13,044,51,#,4.88,#,0.152
1311010031,2003,1311010,13,044,51,#,4.58,#,0.155
1311010034,2003,1311010,13,044,51,#,5.41,#,0.169
1311020001,2003,1311020,13,204,01,#,5.35,#,0.216
1311020002,2003,1311020,13,204,01,#,3.14,#,0.161
1311020003,2003,1311020,13,204,01,#,2.07,#,0.101
1311020004,2003,1311020,13,204,01,#,2.51,#,0.122
1311020005,2003,1311020,13,204,01,#,3.21,#,0.074
1311020006,2003,1311020,13,204,01,#,2.92,#,0.084
1311020007,2003,1311020,13,204,01,#,3.76,#,0.101
1311020008,2003,1311020,13,204,01,#,4.08,#,0.144
1311020009,2003,1311020,13,204,01,#,4.55,#,0.164
1311020010,2003,1311020,13,204,01,#,6.89,#,0.18
1311020011,2003,1311020,13,204,01,#,6.67,#,0.279
1311020012,2003,1311020,13,204,01,#,6.42,#,0.176
1311030001,2003,1311030,13,049,01,#,5.43,#,0.276
1311030004,2003,1311030,13,049,01,#,4.3,#,0.247
1311030007,2003,1311030,13,049,01,#,4.34,#,0.321
1311030010,2003,1311030,13,049,01,#,3.36,#,0.332
1311030014,2003,1311030,13,049,01,#,4.54,#,0.215
1311030017,2003,1311030,13,049,01,#,3.39,#,0.236
1311030020,2003,1311030,13,049,01,#,3.52,#,0.213
1311030022,2003,1311030,13,049,01,#,3.59,#,0.231
1311030025,2003,1311030,13,049,01,#,3.57,#,0.187
1311030028,2003,1311030,13,049,01,#,3.76,#,0.158
1311030031,2003,1311030,13,049,01,#,5.8,#,0.234
1311030034,2003,1311030,13,049,01,#,7.1,#,0.215
1311050001,2003,1311050,13,050,01,#,5.1,#,0.241
1311050004,2003,1311050,13,050,01,#,4.96,#,0.26
1311050007,2003,1311050,13,050,01,#,3.91,#,0.255
1311050010,2003,1311050,13,050,01,#,3.74,#,0.318
1311050014,2003,1311050,13,050,01,#,5.11,#,0.218
1311050017,2003,1311050,13,050,01,#,4.43,#,0.204
1311050020,2003,1311050,13,050,01,#,4.36,#,0.226
1311050022,2003,1311050,13,050,01,#,4.42,#,0.249
1311050025,2003,1311050,13,050,01,#,5.57,#,0.208
1311050028,2003,1311050,13,050,01,#,5.04,#,0.22
1311050031,2003,1311050,13,050,01,#,5.53,#,0.281
1311050034,2003,1311050,13,050,01,#,6.76,#,0.239
1311100001,2003,1311100,13,059,01,#,4.76,#,0.068
1311100004,2003,1311100,13,059,01,#,4.54,#,0.028
1311100007,2003,1311100,13,059,01,#,4.48,#,0.056
1311100010,2003,1311100,13,059,01,#,4.42,#,0.05
1311100013,2003,1311100,13,059,01,#,4.63,#,0.021
1311100027,2003,1311100,13,059,01,#,5.13,#,0.045
1311100030,2003,1311100,13,059,01,#,5.18,#,0.049
1311100033,2003,1311100,13,059,01,#,5.4,#,0.043
1311100036,2003,1311100,13,059,01,#,5,#,0.051
1311100039,2003,1311100,13,059,01,#,5.03,#,0.029
1311100042,2003,1311100,13,059,01,#,4.58,#,0.021
1311100056,2003,1311100,13,059,01,#,5.32,#,0.022
1311110001,2003,1311110,13,041,01,#,3.28,#,0.021
1311110004,2003,1311110,13,041,01,#,2.78,#,0.024
1311110007,2003,1311110,13,041,01,#,3.42,#,0.029
1311110010,2003,1311110,13,041,01,#,3.64,#,0.02
1311110013,2003,1311110,13,041,01,#,2.93,#,0.036
1311110016,2003,1311110,13,041,01,#,3.93,#,0.022
1311110019,2003,1311110,13,041,01,#,3.69,#,0.016
1311110022,2003,1311110,13,041,01,#,3.09,#,0.017
1311110025,2003,1311110,13,041,01,#,3.76,#,0.01
1311110028,2003,1311110,13,041,01,#,2.92,#,0.018
1311110031,2003,1311110,13,041,01,#,4.64,#,0.035
1311110034,2003,1311110,13,041,01,#,10.3,#,0.023
1311130001,2003,1311130,13,215,01,#,7.66,#,0.049
1311130004,2003,1311130,13,215,01,#,7.65,#,0.078
1311130007,2003,1311130,13,215,01,#,7.84,#,0.044
1311130010,2003,1311130,13,215,01,#,8.12,#,0.041
1311130013,2003,1311130,13,215,01,#,8.62,#,0.031
1311130016,2003,1311130,13,215,01,#,7.81,#,0.026
1311130019,2003,1311130,13,215,01,#,8.08,#,0.027
1311130022,2003,1311130,13,215,01,#,8.47,#,0.032
1311130025,2003,1311130,13,215,01,#,8.56,#,0.041
1311130028,2003,1311130,13,215,01,#,7.98,#,0.033
1311130031,2003,1311130,13,215,01,#,8.43,#,0.047
1311130034,2003,1311130,13,215,01,#,7.05,#,0.03
1311140001,2003,1311140,13,005,54,#,5.22,#,0.21
1311140004,2003,1311140,13,005,54,#,4,#,0.227
1311140007,2003,1311140,13,005,54,#,3.03,#,0.201
1311140010,2003,1311140,13,005,54,#,3.23,#,0.192
1311140014,2003,1311140,13,005,54,#,4.21,#,0.281
1311140016,2003,1311140,13,005,54,#,3.6,#,0.152
1311140019,2003,1311140,13,005,54,#,4.33,#,0.154
1311140022,2003,1311140,13,005,54,#,4.46,#,0.252
1311140025,2003,1311140,13,005,54,#,5.15,#,0.192
1311140028,2003,1311140,13,005,54,#,6.17,#,0.274
1311140031,2003,1311140,13,005,54,#,6.73,#,0.433
1311140034,2003,1311140,13,005,54,#,6.13,#,0.34
1311160001,2003,1311160,13,042,01,#,2.02,#,0.047
1311160004,2003,1311160,13,042,01,#,2.22,#,0.19
1311160007,2003,1311160,13,042,01,#,2.35,#,0.096
1311160010,2003,1311160,13,042,01,#,2.32,#,0.075
1311160013,2003,1311160,13,042,01,#,2.38,#,0.054
1311160016,2003,1311160,13,042,01,#,1.96,#,0.069
1311160019,2003,1311160,13,042,01,#,2.22,#,0.079
1311160022,2003,1311160,13,042,01,#,2,#,0.08
1311160025,2003,1311160,13,042,01,#,2.18,#,0.046
1311160028,2003,1311160,13,042,01,#,2.09,#,0.078
1311160031,2003,1311160,13,042,01,#,2.72,#,0.094
1311160034,2003,1311160,13,042,01,#,2.35,#,0.117
1311170001,2003,1311170,13,056,01,#,0.86,#,0.016
1311170003,2003,1311170,13,056,01,#,0.83,#,0.018
1311170005,2003,1311170,13,056,01,#,1.01,#,0.022
1311170007,2003,1311170,13,056,01,#,0.9,#,0.019
1311170009,2003,1311170,13,056,01,#,1.15,#,0.02
1311170011,2003,1311170,13,056,01,#,0.86,#,0.017
1311170013,2003,1311170,13,056,01,#,0.96,#,0.015
1311170015,2003,1311170,13,056,01,#,0.76,#,0.019
1311170017,2003,1311170,13,056,01,#,0.88,#,0.018
1311170019,2003,1311170,13,056,01,#,0.79,#,0.018
1311170021,2003,1311170,13,056,01,#,0.71,#,0.011
1311170023,2003,1311170,13,056,01,#,0.7,#,0.012
1311200001,2003,1311200,13,219,01,#,5.05,#,0.227
1311200004,2003,1311200,13,219,01,#,3.88,#,0.287
1311200007,2003,1311200,13,219,01,#,3,#,0.204
1311200010,2003,1311200,13,219,01,#,3.05,#,0.182
1311200014,2003,1311200,13,219,01,#,4.14,#,0.205
1311200016,2003,1311200,13,219,01,#,3.45,#,0.143
1311200019,2003,1311200,13,219,01,#,4.21,#,0.17
1311200022,2003,1311200,13,219,01,#,4.51,#,0.226
1311200025,2003,1311200,13,219,01,#,5.22,#,0.187
1311200028,2003,1311200,13,219,01,#,5.94,#,0.249
1311200031,2003,1311200,13,219,01,#,6.37,#,0.454
1311200034,2003,1311200,13,219,01,#,5.98,#,0.394
1311210001,2003,1311210,13,054,01,#,3.94,#,0.166
1311210004,2003,1311210,13,054,01,#,4.15,#,0.222
1311210007,2003,1311210,13,054,01,#,4.69,#,0.186
1311210010,2003,1311210,13,054,01,#,4.26,#,0.175
1311210013,2003,1311210,13,054,01,#,4.35,#,0.158
1311210016,2003,1311210,13,054,01,#,5.96,#,0.116
1311210019,2003,1311210,13,054,01,#,4.32,#,0.065
1311210023,2003,1311210,13,054,01,#,3.39,#,0.094
1311210025,2003,1311210,13,054,01,#,3.27,#,0.057
1311210028,2003,1311210,13,054,01,#,5.55,#,0.219
1311210031,2003,1311210,13,054,01,#,5.56,#,0.24
1311210034,2003,1311210,13,054,01,#,5.22,#,0.298
1311220001,2003,1311220,13,055,01,#,3.18,#,0.112
1311220004,2003,1311220,13,055,01,#,4.57,#,0.226
1311220007,2003,1311220,13,055,01,#,4.12,#,0.199
1311220010,2003,1311220,13,055,01,#,3.84,#,0.143
1311220013,2003,1311220,13,055,01,#,3.16,#,0.095
1311220016,2003,1311220,13,055,01,#,4.08,#,0.113
1311220019,2003,1311220,13,055,01,#,3.78,#,0.103
1311220023,2003,1311220,13,055,01,#,3.52,#,0.113
1311220025,2003,1311220,13,055,01,#,3.27,#,0.067
1311220028,2003,1311220,13,055,01,#,4.99,#,0.165
1311220031,2003,1311220,13,055,01,#,4.95,#,0.201
1311220034,2003,1311220,13,055,01,#,4.21,#,0.249
1311230001,2003,1311230,13,029,51,#,1.77,#,0.04
1311230002,2003,1311230,13,029,51,#,1.32,#,0.022
1311230003,2003,1311230,13,029,51,#,1.86,#,0.054
1311230004,2003,1311230,13,029,51,#,1.81,#,0.061
1311230005,2003,1311230,13,029,51,#,1.51,#,0.057
1311230006,2003,1311230,13,029,51,#,1.21,#,0.047
1311230007,2003,1311230,13,029,51,#,1.73,#,0.048
1311230008,2003,1311230,13,029,51,#,1.82,#,0.05
1311230009,2003,1311230,13,029,51,#,2.08,#,0.043
1311230010,2003,1311230,13,029,51,#,2.21,#,0.069
1311230011,2003,1311230,13,029,51,#,1.73,#,0.041
1311230012,2003,1311230,13,029,51,#,1.35,#,0.068
1311250001,2003,1311250,13,014,54,#,1.12,#,0.013
1311250004,2003,1311250,13,014,54,#,1.07,#,0.014
1311250007,2003,1311250,13,014,54,#,1.04,#,0.022
1311250010,2003,1311250,13,014,54,#,1.3,#,0.015
1311250013,2003,1311250,13,014,54,#,1.2,#,0.01
1311250016,2003,1311250,13,014,54,#,0.77,#,0.006
1311250019,2003,1311250,13,014,54,#,1.17,#,0.009
1311250022,2003,1311250,13,014,54,#,0.99,#,0.008
1311250025,2003,1311250,13,014,54,#,0.95,#,0.004
1311250028,2003,1311250,13,014,54,#,0.74,#,0.005
1311250031,2003,1311250,13,014,54,#,0.66,#,0.008
1311250034,2003,1311250,13,014,54,#,0.71,#,0.009
1311260001,2003,1311260,13,222,01,#,8.17,#,0.347
1311260004,2003,1311260,13,222,01,#,9.11,#,0.03
1311260007,2003,1311260,13,222,01,#,7.02,#,0.256
1311260010,2003,1311260,13,222,01,#,6.97,#,0.051
1311260014,2003,1311260,13,222,01,#,7.82,#,0.588
1311260017,2003,1311260,13,222,01,#,8.78,#,0.074
1311260020,2003,1311260,13,222,01,#,9.18,#,0.113
1311260022,2003,1311260,13,222,01,#,8.86,#,0.61
1311260025,2003,1311260,13,222,01,#,9.17,#,0.724
1311260028,2003,1311260,13,222,01,#,10.7,#,0.376
1311260031,2003,1311260,13,222,01,#,13.9,#,0.914
1311260034,2003,1311260,13,222,01,#,10.1,#,0.148
1311270001,2003,1311270,13,047,01,#,7.89,#,0.55
1311270004,2003,1311270,13,047,01,#,5.4,#,0.729
1311270007,2003,1311270,13,047,01,#,5.64,#,0.493
1311270010,2003,1311270,13,047,01,#,4.91,#,0.485
1311270014,2003,1311270,13,047,01,#,8.91,#,0.566
1311270017,2003,1311270,13,047,01,#,6.53,#,0.536
1311270020,2003,1311270,13,047,01,#,6.34,#,0.538
1311270022,2003,1311270,13,047,01,#,6.1,#,0.425
1311270025,2003,1311270,13,047,01,#,6.06,#,0.314
1311270028,2003,1311270,13,047,01,#,6.88,#,0.364
1311270031,2003,1311270,13,047,01,#,5.72,#,0.416
1311270034,2003,1311270,13,047,01,#,6.09,#,0.388
1311280001,2003,1311280,13,040,01,#,5.73,#,0.266
1311280004,2003,1311280,13,040,01,#,4.28,#,0.296
1311280007,2003,1311280,13,040,01,#,7.25,#,0.8
1311280010,2003,1311280,13,040,01,#,3.81,#,0.363
1311280014,2003,1311280,13,040,01,#,4.89,#,0.261
1311280017,2003,1311280,13,040,01,#,4.08,#,0.226
1311280020,2003,1311280,13,040,01,#,4.37,#,0.224
1311280022,2003,1311280,13,040,01,#,3.95,#,0.23
1311280025,2003,1311280,13,040,01,#,4.45,#,0.194
1311280028,2003,1311280,13,040,01,#,3.88,#,0.169
1311280031,2003,1311280,13,040,01,#,6.05,#,0.276
1311280034,2003,1311280,13,040,01,#,7.94,#,0.271
1311290001,2003,1311290,13,045,01,#,6,#,0.265
1311290004,2003,1311290,13,045,01,#,5.04,#,0.25
1311290007,2003,1311290,13,045,01,#,4.16,#,0.309
1311290010,2003,1311290,13,045,01,#,3.75,#,0.313
1311290014,2003,1311290,13,045,01,#,5.61,#,0.284
1311290017,2003,1311290,13,045,01,#,4.65,#,0.21
1311290020,2003,1311290,13,045,01,#,5,#,0.237
1311290022,2003,1311290,13,045,01,#,4.98,#,0.245
1311290025,2003,1311290,13,045,01,#,5.29,#,0.189
1311290028,2003,1311290,13,045,01,#,6.93,#,0.275
1311290031,2003,1311290,13,045,01,#,5.02,#,0.259
1311290034,2003,1311290,13,045,01,#,6.6,#,0.248
1311300001,2003,1311300,13,048,01,#,5.63,#,0.369
1311300004,2003,1311300,13,048,01,#,6.78,#,0.35
1311300007,2003,1311300,13,048,01,#,4.03,#,0.329
1311300010,2003,1311300,13,048,01,#,3.66,#,0.41
1311300014,2003,1311300,13,048,01,#,6.08,#,0.302
1311300017,2003,1311300,13,048,01,#,5.57,#,0.268
1311300020,2003,1311300,13,048,01,#,3.74,#,0.25
1311300022,2003,1311300,13,048,01,#,4.56,#,0.248
1311300025,2003,1311300,13,048,01,#,5.63,#,0.215
1311300028,2003,1311300,13,048,01,#,5.84,#,0.234
1311300031,2003,1311300,13,048,01,#,6.41,#,0.315
1311300034,2003,1311300,13,048,01,#,8.19,#,0.297
1311310001,2003,1311310,13,046,01,#,6.64,#,0.303
1311310004,2003,1311310,13,046,01,#,6.72,#,0.305
1311310007,2003,1311310,13,046,01,#,3.92,#,0.276
1311310010,2003,1311310,13,046,01,#,5,#,0.322
1311310014,2003,1311310,13,046,01,#,5.8,#,0.236
1311310017,2003,1311310,13,046,01,#,4.89,#,0.215
1311310020,2003,1311310,13,046,01,#,5.32,#,0.239
1311310022,2003,1311310,13,046,01,#,5.41,#,0.261
1311310025,2003,1311310,13,046,01,#,5.68,#,0.226
1311310028,2003,1311310,13,046,01,#,6.15,#,0.253
1311310031,2003,1311310,13,046,01,#,5.4,#,0.275
1311310034,2003,1311310,13,046,01,#,6.09,#,0.256
1311320001,2003,1311320,13,057,01,#,1.1,#,0.016
1311320003,2003,1311320,13,057,01,#,1.07,#,0.025
1311320005,2003,1311320,13,057,01,#,1.42,#,0.021
1311320007,2003,1311320,13,057,01,#,1.16,#,0.022
1311320009,2003,1311320,13,057,01,#,1.14,#,0.019
1311320011,2003,1311320,13,057,01,#,1.13,#,0.016
1311320013,2003,1311320,13,057,01,#,1.17,#,0.017
1311320015,2003,1311320,13,057,01,#,1.01,#,0.019
1311320017,2003,1311320,13,057,01,#,1.16,#,0.015
1311320019,2003,1311320,13,057,01,#,0.94,#,0.015
1311320021,2003,1311320,13,057,01,#,1.09,#,0.017
1311320023,2003,1311320,13,057,01,#,1,#,0.013
1311330001,2003,1311330,13,058,01,#,1.22,#,0.02
1311330003,2003,1311330,13,058,01,#,1.34,#,0.031
1311330005,2003,1311330,13,058,01,#,1.31,#,0.025
1311330007,2003,1311330,13,058,01,#,1.28,#,0.023
1311330009,2003,1311330,13,058,01,#,1.21,#,0.023
1311330011,2003,1311330,13,058,01,#,1.08,#,0.021
1311330013,2003,1311330,13,058,01,#,1.33,#,0.02
1311330015,2003,1311330,13,058,01,#,1.29,#,0.021
1311330017,2003,1311330,13,058,01,#,1.33,#,0.019
1311330019,2003,1311330,13,058,01,#,1.11,#,0.015
1311330021,2003,1311330,13,058,01,#,1.2,#,0.017
1311330023,2003,1311330,13,058,01,#,1.09,#,0.017
1311340001,2003,1311340,13,053,01,#,5,#,0.35
1311340004,2003,1311340,13,053,01,#,4.04,#,0.384
1311340007,2003,1311340,13,053,01,#,4.4,#,0.329
1311340010,2003,1311340,13,053,01,#,4.26,#,0.25
1311340013,2003,1311340,13,053,01,#,3.85,#,0.179
1311340016,2003,1311340,13,053,01,#,4.88,#,0.309
1311340019,2003,1311340,13,053,01,#,4.17,#,0.136
1311340023,2003,1311340,13,053,01,#,3.69,#,0.188
1311340025,2003,1311340,13,053,01,#,3.85,#,0.137
1311340028,2003,1311340,13,053,01,#,6.71,#,0.418
1311340031,2003,1311340,13,053,01,#,7.04,#,0.464
1311340034,2003,1311340,13,053,01,#,6.34,#,0.54
1311350001,2003,1311350,13,051,01,#,1.62,#,0.023
1311350003,2003,1311350,13,051,01,#,1.84,#,0.014
1311350005,2003,1311350,13,051,01,#,1.63,#,0.049
1311350007,2003,1311350,13,051,01,#,1.68,#,0.033
1311350009,2003,1311350,13,051,01,#,1.68,#,0.023
1311350011,2003,1311350,13,051,01,#,1.62,#,0.028
1311350013,2003,1311350,13,051,01,#,1.56,#,0.018
1311350016,2003,1311350,13,051,01,#,1.64,#,0.028
1311350017,2003,1311350,13,051,01,#,1.61,#,0.017
1311350019,2003,1311350,13,051,01,#,1.79,#,0.023
1311350021,2003,1311350,13,051,01,#,1.8,#,0.029
1311350023,2003,1311350,13,051,01,#,1.95,#,0.075
1311360001,2003,1311360,13,052,01,#,4.6,#,0.357
1311360002,2003,1311360,13,052,01,#,5.48,#,0.663
1311360004,2003,1311360,13,052,01,#,3.47,#,0.386
1311360006,2003,1311360,13,052,01,#,3.08,#,0.41
1311360008,2003,1311360,13,052,01,#,4.33,#,0.227
1311360010,2003,1311360,13,052,01,#,3.28,#,0.258
1311360012,2003,1311360,13,052,01,#,5.25,#,0.699
1311360014,2003,1311360,13,052,01,#,4.15,#,0.401
1311360016,2003,1311360,13,052,01,#,4.24,#,0.302
1311360017,2003,1311360,13,052,01,#,5.12,#,0.473
1311360019,2003,1311360,13,052,01,#,4.22,#,0.426
1311360021,2003,1311360,13,052,01,#,4.21,#,0.658
1320010001,2003,1320010,13,501,51,#,0.62,#,0.013
1320010002,2003,1320010,13,501,51,#,0.62,#,0.012
1320010003,2003,1320010,13,501,51,#,0.53,#,0.012
1320010004,2003,1320010,13,501,51,#,0.62,#,0.009
1320010005,2003,1320010,13,501,51,#,0.44,#,0.015
1320010006,2003,1320010,13,501,51,#,0.58,#,0.009
1320010007,2003,1320010,13,501,51,#,0.46,#,0.01
1320010008,2003,1320010,13,501,51,#,0.57,#,0.006
1320010009,2003,1320010,13,501,51,#,0.99,#,0.03
1320010010,2003,1320010,13,501,51,#,0.57,#,0.008
1320010011,2003,1320010,13,501,51,#,1.04,#,0.025
1320010012,2003,1320010,13,501,51,#,0.63,#,0.007
1320010013,2003,1320010,13,501,51,#,0.58,#,0.013
1320010014,2003,1320010,13,501,51,#,0.66,#,0.01
1320010015,2003,1320010,13,501,51,#,0.64,#,0.012
1320010016,2003,1320010,13,501,51,#,0.68,#,0.011
1320010017,2003,1320010,13,501,51,#,0.55,#,0.007
1320010018,2003,1320010,13,501,51,#,0.62,#,0.009
1320010019,2003,1320010,13,501,51,#,0.57,#,0.008
1320010020,2003,1320010,13,501,51,#,0.56,#,0.013
1320010021,2003,1320010,13,501,51,#,0.6,#,0.008
1320010022,2003,1320010,13,501,51,#,0.62,#,0.013
1320010023,2003,1320010,13,501,51,#,0.57,#,0.012
1320010024,2003,1320010,13,501,51,#,0.51,#,0.012
1320020001,2003,1320020,13,501,01,#,0.54,#,0.006
1320020002,2003,1320020,13,501,01,#,0.56,#,0.005
1320020003,2003,1320020,13,501,01,#,0.58,#,0.006
1320020004,2003,1320020,13,501,01,#,0.55,#,0.006
1320020005,2003,1320020,13,501,01,#,0.57,#,0.004
1320020006,2003,1320020,13,501,01,#,0.59,#,0.008
1320020007,2003,1320020,13,501,01,#,0.49,#,0.008
1320020008,2003,1320020,13,501,01,#,0.56,#,0.006
1320020009,2003,1320020,13,501,01,#,0.63,#,0.007
1320020010,2003,1320020,13,501,01,#,0.58,#,0.006
1320020011,2003,1320020,13,501,01,#,0.53,#,0.004
1320020012,2003,1320020,13,501,01,#,0.58,#,0.006
1320020013,2003,1320020,13,501,01,#,0.48,#,0.011
1320020014,2003,1320020,13,501,01,#,0.79,#,0.008
1320020015,2003,1320020,13,501,01,#,0.69,#,0.009
1320020016,2003,1320020,13,501,01,#,0.76,#,0.012
1320020017,2003,1320020,13,501,01,#,0.59,#,0.004
1320020018,2003,1320020,13,501,01,#,0.59,#,0.01
1320020019,2003,1320020,13,501,01,#,0.59,#,0.01
1320020020,2003,1320020,13,501,01,#,0.51,#,0.004
1320020021,2003,1320020,13,501,01,#,0.57,#,0.006
1320020022,2003,1320020,13,501,01,#,0.59,#,0.01
1320020023,2003,1320020,13,501,01,#,0.58,#,0.008
1320020024,2003,1320020,13,501,01,#,0.42,#,0.014
1320020025,2003,1320020,13,501,01,#,0.64,#,0.006
1320020026,2003,1320020,13,501,01,#,0.54,#,0.005
1320020027,2003,1320020,13,501,01,#,0.58,#,0.007
1320020028,2003,1320020,13,501,01,#,0.54,#,0.009
1320020029,2003,1320020,13,501,01,#,0.59,#,0.008
1320020030,2003,1320020,13,501,01,#,0.58,#,0.006
1320020031,2003,1320020,13,501,01,#,0.6,#,0.006
1320020032,2003,1320020,13,501,01,#,0.57,#,0.009
1320020033,2003,1320020,13,501,01,#,0.59,#,0.006
1320020034,2003,1320020,13,501,01,#,0.6,#,0.006
1320020035,2003,1320020,13,501,01,#,0.6,#,0.006
1320020036,2003,1320020,13,501,01,#,0.65,#,0.005
1330010001,2003,1330010,13,601,01,#,2.4,#,0.119
1330010002,2003,1330010,13,601,01,#,1.13,#,0.086
1330010003,2003,1330010,13,601,01,#,3.29,#,0.261
1330010004,2003,1330010,13,601,01,#,1.47,#,0.111
1330010005,2003,1330010,13,601,01,#,2.52,#,0.182
1330010006,2003,1330010,13,601,01,#,1.23,#,0.193
1330010007,2003,1330010,13,601,01,#,2.62,#,0.227
1330010008,2003,1330010,13,601,01,#,1.09,#,0.14
1330010009,2003,1330010,13,601,01,#,3.64,#,0.257
1330010010,2003,1330010,13,601,01,#,0.86,#,0.094
1330010012,2003,1330010,13,601,01,#,2.52,#,0.169
1330010013,2003,1330010,13,601,01,#,0.74,#,0.147
1330010014,2003,1330010,13,601,01,#,2.42,#,0.197
1330010015,2003,1330010,13,601,01,#,0.78,#,0.092
1330010016,2003,1330010,13,601,01,#,2.65,#,0.204
1330010017,2003,1330010,13,601,01,#,0.76,#,0.074
1330010018,2003,1330010,13,601,01,#,1.82,#,0.106
1330010019,2003,1330010,13,601,01,#,0.8,#,0.053
1330010020,2003,1330010,13,601,01,#,2.27,#,0.125
1330010021,2003,1330010,13,601,01,#,1.07,#,0.066
1330010022,2003,1330010,13,601,01,#,2.21,#,0.127
1330010023,2003,1330010,13,601,01,#,0.66,#,0.052
1330010025,2003,1330010,13,601,01,#,2.21,#,0.085
1330010026,2003,1330010,13,601,01,#,1.27,#,0.056
1330020001,2003,1330020,13,601,02,#,1.75,#,0.136
1330020002,2003,1330020,13,601,02,#,1.15,#,0.084
1330020003,2003,1330020,13,601,02,#,2.04,#,0.171
1330020004,2003,1330020,13,601,02,#,1.37,#,0.13
1330020005,2003,1330020,13,601,02,#,1.78,#,0.145
1330020006,2003,1330020,13,601,02,#,1.29,#,0.168
1330020007,2003,1330020,13,601,02,#,2.73,#,0.236
1330020008,2003,1330020,13,601,02,#,0.83,#,0.146
1330020009,2003,1330020,13,601,02,#,2.41,#,0.224
1330020010,2003,1330020,13,601,02,#,0.69,#,0.109
1330020012,2003,1330020,13,601,02,#,1.66,#,0.136
1330020013,2003,1330020,13,601,02,#,0.42,#,0.121
1330020014,2003,1330020,13,601,02,#,1.38,#,0.112
1330020015,2003,1330020,13,601,02,#,0.58,#,0.081
1330020016,2003,1330020,13,601,02,#,1.54,#,0.128
1330020017,2003,1330020,13,601,02,#,0.96,#,0.08
1330020018,2003,1330020,13,601,02,#,1.77,#,0.123
1330020019,2003,1330020,13,601,02,#,0.65,#,0.059
1330020020,2003,1330020,13,601,02,#,2.01,#,0.092
1330020021,2003,1330020,13,601,02,#,0.95,#,0.06
1330020022,2003,1330020,13,601,02,#,1.9,#,0.098
1330020023,2003,1330020,13,601,02,#,0.72,#,0.056
1330020025,2003,1330020,13,601,02,#,1.55,#,0.068
1330020026,2003,1330020,13,601,02,#,1.23,#,0.054
1330030001,2003,1330030,13,601,03,#,2.34,#,0.127
1330030002,2003,1330030,13,601,03,#,0.93,#,0.073
1330030003,2003,1330030,13,601,03,#,3.3,#,0.236
1330030004,2003,1330030,13,601,03,#,1.04,#,0.113
1330030005,2003,1330030,13,601,03,#,2.52,#,0.19
1330030006,2003,1330030,13,601,03,#,0.86,#,0.174
1330030007,2003,1330030,13,601,03,#,2.3,#,0.214
1330030008,2003,1330030,13,601,03,#,0.54,#,0.117
1330030009,2003,1330030,13,601,03,#,3.43,#,0.261
1330030010,2003,1330030,13,601,03,#,0.79,#,0.142
1330030012,2003,1330030,13,601,03,#,2.5,#,0.167
1330030013,2003,1330030,13,601,03,#,0.61,#,0.114
1330030014,2003,1330030,13,601,03,#,1.69,#,0.144
1330030015,2003,1330030,13,601,03,#,0.49,#,0.065
1330030016,2003,1330030,13,601,03,#,2.51,#,0.193
1330030017,2003,1330030,13,601,03,#,0.71,#,0.06
1330030018,2003,1330030,13,601,03,#,2.04,#,0.121
1330030019,2003,1330030,13,601,03,#,0.48,#,0.046
1330030020,2003,1330030,13,601,03,#,2.32,#,0.134
1330030021,2003,1330030,13,601,03,#,0.75,#,0.041
1330030022,2003,1330030,13,601,03,#,2.24,#,0.128
1330030023,2003,1330030,13,601,03,#,0.66,#,0.034
1330030025,2003,1330030,13,601,03,#,1.86,#,0.073
1330030026,2003,1330030,13,601,03,#,1.1,#,0.043
1330040001,2003,1330040,13,601,04,#,5.41,#,0.334
1330040002,2003,1330040,13,601,04,#,2.32,#,0.125
1330040003,2003,1330040,13,601,04,#,3.58,#,0.308
1330040004,2003,1330040,13,601,04,#,1.66,#,0.134
1330040005,2003,1330040,13,601,04,#,2,#,0.133
1330040006,2003,1330040,13,601,04,#,1.95,#,0.158
1330040007,2003,1330040,13,601,04,#,2.24,#,0.234
1330040008,2003,1330040,13,601,04,#,1.13,#,0.136
1330040009,2003,1330040,13,601,04,#,2.32,#,0.238
1330040010,2003,1330040,13,601,04,#,1.09,#,0.118
1330040012,2003,1330040,13,601,04,#,3.7,#,0.318
1330040013,2003,1330040,13,601,04,#,1.79,#,0.147
1330040014,2003,1330040,13,601,04,#,1.84,#,0.13
1330040015,2003,1330040,13,601,04,#,1.09,#,0.102
1330040016,2003,1330040,13,601,04,#,6.86,#,0.78
1330040017,2003,1330040,13,601,04,#,1.77,#,0.141
1330040018,2003,1330040,13,601,04,#,1.84,#,0.131
1330040019,2003,1330040,13,601,04,#,1.67,#,0.113
1330040020,2003,1330040,13,601,04,#,4.92,#,0.478
1330040021,2003,1330040,13,601,04,#,1.76,#,0.112
1330040022,2003,1330040,13,601,04,#,6.3,#,0.443
1330040023,2003,1330040,13,601,04,#,1.82,#,0.108
1330040025,2003,1330040,13,601,04,#,5.29,#,0.506
1330040026,2003,1330040,13,601,04,#,1.71,#,0.078
1330050001,2003,1330050,13,601,51,#,4.24,#,0.459
1330050002,2003,1330050,13,601,51,#,1.78,#,0.304
1330050003,2003,1330050,13,601,51,#,3.87,#,0.146
1330050004,2003,1330050,13,601,51,#,2.64,#,0.114
1330060001,2003,1330060,13,601,52,#,3.04,#,0.257
1330060002,2003,1330060,13,601,52,#,0.69,#,0.169
1330060003,2003,1330060,13,601,52,#,2.18,#,0.137
1330060004,2003,1330060,13,601,52,#,0.95,#,0.079
1330070001,2003,1330070,13,601,53,#,2.36,#,0.265
1330070002,2003,1330070,13,601,53,#,1.13,#,0.145
1330070003,2003,1330070,13,601,53,#,1.83,#,0.099
1330070004,2003,1330070,13,601,53,#,1.16,#,0.068
1330080001,2003,1330080,13,601,54,#,1.72,#,0.188
1330080002,2003,1330080,13,601,54,#,0.89,#,0.17
1330080003,2003,1330080,13,601,54,#,2.46,#,0.118
1330080004,2003,1330080,13,601,54,#,2.14,#,0.11
1330090001,2003,1330090,13,601,55,#,2.33,#,0.215
1330090002,2003,1330090,13,601,55,#,0.67,#,0.162
1330090003,2003,1330090,13,601,55,#,1.74,#,0.087
1330090004,2003,1330090,13,601,55,#,0.86,#,0.055
1330110001,2003,1330110,13,601,57,#,1.78,#,0.243
1330110002,2003,1330110,13,601,57,#,1.52,#,0.16
1330110003,2003,1330110,13,601,57,#,4.52,#,0.184
1330110004,2003,1330110,13,601,57,#,3.32,#,0.159
1330120001,2003,1330120,13,601,58,#,4.31,#,0.547
1330120003,2003,1330120,13,601,58,#,6.43,#,0.487
1330130001,2003,1330130,13,601,59,#,7.26,#,0.779
1330130003,2003,1330130,13,601,59,#,6.28,#,1.09
1330130005,2003,1330130,13,601,59,#,6.09,#,0.897
1330130007,2003,1330130,13,601,59,#,6.38,#,0.959
1330130009,2003,1330130,13,601,59,#,6.15,#,0.582
1330130011,2003,1330130,13,601,59,#,5.94,#,0.703
1330130013,2003,1330130,13,601,59,#,6.54,#,1.04
1330130015,2003,1330130,13,601,59,#,7.44,#,0.792
1330130017,2003,1330130,13,601,59,#,7.71,#,0.91
1330130019,2003,1330130,13,601,59,#,7.27,#,0.66
1330130021,2003,1330130,13,601,59,#,8.23,#,0.64
1330130023,2003,1330130,13,601,59,#,5.12,#,0.396
1330150001,2003,1330150,13,601,61,#,6.03,#,0.532
1330150003,2003,1330150,13,601,61,#,6.65,#,1.17
1330150005,2003,1330150,13,601,61,#,5.07,#,0.955
1330150007,2003,1330150,13,601,61,#,4.52,#,0.633
1330150009,2003,1330150,13,601,61,#,5.45,#,0.58
1330150011,2003,1330150,13,601,61,#,3.73,#,0.451
1330150013,2003,1330150,13,601,61,#,4.12,#,0.519
1330150015,2003,1330150,13,601,61,#,5.44,#,0.678
1330150017,2003,1330150,13,601,61,#,4.72,#,0.545
1330150019,2003,1330150,13,601,61,#,4.18,#,0.346
1330150021,2003,1330150,13,601,61,#,6.75,#,0.494
1330150023,2003,1330150,13,601,61,#,2.81,#,0.184
1330170001,2003,1330170,13,601,63,#,3,#,0.282
1330170003,2003,1330170,13,601,63,#,3.91,#,0.188
1330180001,2003,1330180,13,601,64,#,3.7,#,0.285
1330180003,2003,1330180,13,601,64,#,5.06,#,0.659
1330180005,2003,1330180,13,601,64,#,4.24,#,0.734
1330180007,2003,1330180,13,601,64,#,3.41,#,0.376
1330180009,2003,1330180,13,601,64,#,4.71,#,0.435
1330180011,2003,1330180,13,601,64,#,4.18,#,0.403
1330180013,2003,1330180,13,601,64,#,3.17,#,0.165
1330180015,2003,1330180,13,601,64,#,3.53,#,0.257
1330180017,2003,1330180,13,601,64,#,3.77,#,0.185
1330180019,2003,1330180,13,601,64,#,4.59,#,0.204
1330180021,2003,1330180,13,601,64,#,2.66,#,0.176
1330180023,2003,1330180,13,601,64,#,4.86,#,0.244
1330190001,2003,1330190,13,601,65,#,3.48,#,0.363
1330190003,2003,1330190,13,601,65,#,3.43,#,0.195
1330210001,2003,1330210,13,601,67,#,3.34,#,0.274
1330210003,2003,1330210,13,601,67,#,3.03,#,0.165
1330220001,2003,1330220,13,601,68,#,4.17,#,0.241
1330220003,2003,1330220,13,601,68,#,2.35,#,0.128
1330230001,2003,1330230,13,601,69,#,3.96,#,0.265
1330230003,2003,1330230,13,601,69,#,5.44,#,0.32
1330230005,2003,1330230,13,601,69,#,4.55,#,0.318
1330230007,2003,1330230,13,601,69,#,3.29,#,0.22
1330230009,2003,1330230,13,601,69,#,5.04,#,0.247
1330230011,2003,1330230,13,601,69,#,4.31,#,0.25
1330230013,2003,1330230,13,601,69,#,2.67,#,0.139
1330230015,2003,1330230,13,601,69,#,3.95,#,0.194
1330230017,2003,1330230,13,601,69,#,2.27,#,0.126
1330230019,2003,1330230,13,601,69,#,2.46,#,0.118
1330230021,2003,1330230,13,601,69,#,1.8,#,0.097
1330230023,2003,1330230,13,601,69,#,3.89,#,0.13
1330240001,2003,1330240,13,601,70,#,4.26,#,0.338
1330240003,2003,1330240,13,601,70,#,5.02,#,0.58
1330240005,2003,1330240,13,601,70,#,4.38,#,0.786
1330240007,2003,1330240,13,601,70,#,3.82,#,0.45
1330240009,2003,1330240,13,601,70,#,4.73,#,0.406
1330240011,2003,1330240,13,601,70,#,2.61,#,0.304
1330240013,2003,1330240,13,601,70,#,2.1,#,0.13
1330240015,2003,1330240,13,601,70,#,2.11,#,0.185
1330240017,2003,1330240,13,601,70,#,2.75,#,0.154
1330240019,2003,1330240,13,601,70,#,2.64,#,0.154
1330240021,2003,1330240,13,601,70,#,2.85,#,0.199
1330240023,2003,1330240,13,601,70,#,4.14,#,0.186
1330250001,2003,1330250,13,601,71,#,2.73,#,0.261
1330250003,2003,1330250,13,601,71,#,2.27,#,0.134
1330260001,2003,1330260,13,601,72,#,2.34,#,0.18
1330260003,2003,1330260,13,601,72,#,2.9,#,0.248
1330260005,2003,1330260,13,601,72,#,2.08,#,0.203
1330260007,2003,1330260,13,601,72,#,2.35,#,0.203
1330260009,2003,1330260,13,601,72,#,3.63,#,0.232
1330260011,2003,1330260,13,601,72,#,3.11,#,0.223
1330260013,2003,1330260,13,601,72,#,2.03,#,0.101
1330260015,2003,1330260,13,601,72,#,1.95,#,0.136
1330260017,2003,1330260,13,601,72,#,2.1,#,0.098
1330260019,2003,1330260,13,601,72,#,2.1,#,0.103
1330260021,2003,1330260,13,601,72,#,1.34,#,0.068
1330260023,2003,1330260,13,601,72,#,3.55,#,0.112
1330280001,2003,1330280,13,601,74,#,11.3,#,0.598
1330280003,2003,1330280,13,601,74,#,8.58,#,1.21
1330280005,2003,1330280,13,601,74,#,7.96,#,0.326
1330280007,2003,1330280,13,601,74,#,10.5,#,0.566
1330280009,2003,1330280,13,601,74,#,13,#,0.899
1330280011,2003,1330280,13,601,74,#,11.6,#,0.584
1330280013,2003,1330280,13,601,74,#,8.79,#,0.328
1330280015,2003,1330280,13,601,74,#,8.49,#,0.322
1330280017,2003,1330280,13,601,74,#,15.5,#,0.713
1330280019,2003,1330280,13,601,74,#,15.7,#,0.745
1330280021,2003,1330280,13,601,74,#,16.5,#,0.635
1330280023,2003,1330280,13,601,74,#,11.5,#,0.461
1330290001,2003,1330290,13,601,75,#,4.84,#,0.331
1330290003,2003,1330290,13,601,75,#,6.52,#,0.601
1330290005,2003,1330290,13,601,75,#,4.61,#,0.282
1330290007,2003,1330290,13,601,75,#,6.23,#,0.475
1330290009,2003,1330290,13,601,75,#,8.93,#,0.646
1330290011,2003,1330290,13,601,75,#,6.14,#,0.507
1330290013,2003,1330290,13,601,75,#,3.75,#,0.188
1330290015,2003,1330290,13,601,75,#,2.86,#,0.135
1330290017,2003,1330290,13,601,75,#,4.77,#,0.216
1330290019,2003,1330290,13,601,75,#,6.54,#,0.39
1330290021,2003,1330290,13,601,75,#,11,#,0.26
1330290023,2003,1330290,13,601,75,#,5.32,#,0.206
1330300001,2003,1330300,13,601,76,#,8.53,#,0.486
1330300003,2003,1330300,13,601,76,#,11,#,0.561
1330300005,2003,1330300,13,601,76,#,8.77,#,0.441
1330300007,2003,1330300,13,601,76,#,14.3,#,0.887
1330300009,2003,1330300,13,601,76,#,15.5,#,0.65
1330300011,2003,1330300,13,601,76,#,13.6,#,0.649
1330300013,2003,1330300,13,601,76,#,8.4,#,0.51
1330300015,2003,1330300,13,601,76,#,12.3,#,0.476
1330300017,2003,1330300,13,601,76,#,14.2,#,0.462
1330300019,2003,1330300,13,601,76,#,18.6,#,0.879
1330300021,2003,1330300,13,601,76,#,17.3,#,0.54
1330300023,2003,1330300,13,601,76,#,14.9,#,0.362
1330320001,2003,1330320,13,601,78,#,5.01,#,0.441
1330320003,2003,1330320,13,601,78,#,5.84,#,0.531
1330320005,2003,1330320,13,601,78,#,5.02,#,0.418
1330320007,2003,1330320,13,601,78,#,3.23,#,0.404
1330320009,2003,1330320,13,601,78,#,5.4,#,0.442
1330320011,2003,1330320,13,601,78,#,6.24,#,0.477
1330320013,2003,1330320,13,601,78,#,4.52,#,0.262
1330320015,2003,1330320,13,601,78,#,2.07,#,0.134
1330320017,2003,1330320,13,601,78,#,2.68,#,0.174
1330320019,2003,1330320,13,601,78,#,2.36,#,0.155
1330320021,2003,1330320,13,601,78,#,1.85,#,0.097
1330320023,2003,1330320,13,601,78,#,8.14,#,0.639
1330330001,2003,1330330,13,601,79,#,3.44,#,0.369
1330330003,2003,1330330,13,601,79,#,2.79,#,0.196
1330340001,2003,1330340,13,601,80,#,2.62,#,0.27
1330340003,2003,1330340,13,601,80,#,9.04,#,0.649
1330340005,2003,1330340,13,601,80,#,10.3,#,0.848
1330340007,2003,1330340,13,601,80,#,6.32,#,0.919
1330340009,2003,1330340,13,601,80,#,8.54,#,0.772
1330340011,2003,1330340,13,601,80,#,8.47,#,0.471
1330340013,2003,1330340,13,601,80,#,10.6,#,0.474
1330340015,2003,1330340,13,601,80,#,7.35,#,0.309
1330340017,2003,1330340,13,601,80,#,7.21,#,0.551
1330340019,2003,1330340,13,601,80,#,7.03,#,0.475
1330340021,2003,1330340,13,601,80,#,8.7,#,0.547
1330340023,2003,1330340,13,601,80,#,11,#,0.877
1330350001,2003,1330350,13,601,81,#,5.42,#,0.547
1330350003,2003,1330350,13,601,81,#,7.53,#,0.703
1330350005,2003,1330350,13,601,81,#,10.6,#,1.22
1330350007,2003,1330350,13,601,81,#,3.32,#,0.266
1330350009,2003,1330350,13,601,81,#,3.06,#,0.149
1330350011,2003,1330350,13,601,81,#,8.93,#,0.76
1330350013,2003,1330350,13,601,81,#,9.78,#,0.666
1330350015,2003,1330350,13,601,81,#,10.7,#,0.778
1330350017,2003,1330350,13,601,81,#,9.66,#,0.835
1330350019,2003,1330350,13,601,81,#,7.26,#,0.612
1330350021,2003,1330350,13,601,81,#,11,#,0.948
1330350023,2003,1330350,13,601,81,#,11.3,#,1.1
1330370001,2003,1330370,13,602,01,#,3.38,#,0.178
1330370002,2003,1330370,13,602,01,#,1.35,#,0.092
1330370003,2003,1330370,13,602,01,#,3.5,#,0.217
1330370004,2003,1330370,13,602,01,#,1.46,#,0.11
1330370005,2003,1330370,13,602,01,#,1.42,#,0.126
1330370006,2003,1330370,13,602,01,#,0.72,#,0.073
1330370007,2003,1330370,13,602,01,#,1.4,#,0.113
1330370008,2003,1330370,13,602,01,#,0.53,#,0.071
1330370009,2003,1330370,13,602,01,#,1.88,#,0.11
1330370010,2003,1330370,13,602,01,#,0.93,#,0.144
1330370012,2003,1330370,13,602,01,#,0.97,#,0.07
1330370013,2003,1330370,13,602,01,#,0.75,#,0.058
1330370014,2003,1330370,13,602,01,#,2.45,#,0.115
1330370015,2003,1330370,13,602,01,#,0.59,#,0.078
1330370016,2003,1330370,13,602,01,#,3.34,#,0.187
1330370017,2003,1330370,13,602,01,#,1.09,#,0.084
1330370018,2003,1330370,13,602,01,#,2.56,#,0.144
1330370019,2003,1330370,13,602,01,#,1.11,#,0.076
1330370020,2003,1330370,13,602,01,#,1.85,#,0.097
1330370021,2003,1330370,13,602,01,#,1.33,#,0.067
1330370022,2003,1330370,13,602,01,#,1.75,#,0.073
1330370023,2003,1330370,13,602,01,#,1.11,#,0.057
1330370025,2003,1330370,13,602,01,#,1.61,#,0.071
1330370026,2003,1330370,13,602,01,#,1.32,#,0.082
1330380001,2003,1330380,13,602,51,#,1.78,#,0.166
1330380002,2003,1330380,13,602,51,#,0.51,#,0.092
1330380003,2003,1330380,13,602,51,#,0.76,#,0.049
1330380004,2003,1330380,13,602,51,#,0.83,#,0.042
1330390001,2003,1330390,13,602,52,#,1.14,#,0.099
1330390002,2003,1330390,13,602,52,#,0.67,#,0.136
1330390003,2003,1330390,13,602,52,#,0.66,#,0.041
1330390004,2003,1330390,13,602,52,#,0.78,#,0.041
1330400001,2003,1330400,13,602,53,#,2.48,#,0.223
1330400002,2003,1330400,13,602,53,#,1.97,#,0.174
1330400003,2003,1330400,13,602,53,#,2.09,#,0.095
1330400004,2003,1330400,13,602,53,#,1.18,#,0.063
1330410001,2003,1330410,13,602,55,#,1.81,#,0.171
1330410002,2003,1330410,13,602,55,#,0.55,#,0.126
1330410003,2003,1330410,13,602,55,#,1.99,#,0.126
1330410004,2003,1330410,13,602,55,#,0.98,#,0.05
1330420001,2003,1330420,13,602,56,#,1.67,#,0.162
1330420002,2003,1330420,13,602,56,#,0.53,#,0.156
1330420003,2003,1330420,13,602,56,#,1.86,#,0.102
1330420004,2003,1330420,13,602,56,#,0.56,#,0.035
1330440001,2003,1330440,13,603,01,#,0.9,#,0.048
1330440002,2003,1330440,13,603,01,#,0.79,#,0.041
1330440003,2003,1330440,13,603,01,#,1.25,#,0.108
1330440004,2003,1330440,13,603,01,#,1.08,#,0.086
1330440005,2003,1330440,13,603,01,#,0.67,#,0.041
1330440006,2003,1330440,13,603,01,#,1.05,#,0.18
1330440007,2003,1330440,13,603,01,#,1.67,#,0.134
1330440008,2003,1330440,13,603,01,#,0.3,#,0.122
1330440009,2003,1330440,13,603,01,#,9.34,#,0.751
1330440010,2003,1330440,13,603,01,#,0.6,#,0.116
1330440012,2003,1330440,13,603,01,#,1.16,#,0.081
1330440013,2003,1330440,13,603,01,#,0.81,#,0.083
1330440014,2003,1330440,13,603,01,#,1,#,0.058
1330440015,2003,1330440,13,603,01,#,0.37,#,0.046
1330440016,2003,1330440,13,603,01,#,0.93,#,0.067
1330440017,2003,1330440,13,603,01,#,0.79,#,0.059
1330440018,2003,1330440,13,603,01,#,0.76,#,0.058
1330440019,2003,1330440,13,603,01,#,0.56,#,0.046
1330440020,2003,1330440,13,603,01,#,0.93,#,0.044
1330440021,2003,1330440,13,603,01,#,0.71,#,0.037
1330440022,2003,1330440,13,603,01,#,1.09,#,0.046
1330440023,2003,1330440,13,603,01,#,0.74,#,0.034
1330440025,2003,1330440,13,603,01,#,1.15,#,0.04
1330440026,2003,1330440,13,603,01,#,0.87,#,0.036
1330450001,2003,1330450,13,603,02,#,1.34,#,0.071
1330450002,2003,1330450,13,603,02,#,0.72,#,0.04
1330450003,2003,1330450,13,603,02,#,1.57,#,0.111
1330450004,2003,1330450,13,603,02,#,0.62,#,0.065
1330450005,2003,1330450,13,603,02,#,1.88,#,0.134
1330450006,2003,1330450,13,603,02,#,1.14,#,0.22
1330450007,2003,1330450,13,603,02,#,1.82,#,0.148
1330450008,2003,1330450,13,603,02,#,0.45,#,0.096
1330450009,2003,1330450,13,603,02,#,1.69,#,0.145
1330450010,2003,1330450,13,603,02,#,0.61,#,0.126
1330450012,2003,1330450,13,603,02,#,2.32,#,0.188
1330450013,2003,1330450,13,603,02,#,0.58,#,0.078
1330450014,2003,1330450,13,603,02,#,1.17,#,0.093
1330450015,2003,1330450,13,603,02,#,0.45,#,0.043
1330450016,2003,1330450,13,603,02,#,1.85,#,0.113
1330450017,2003,1330450,13,603,02,#,0.72,#,0.056
1330450018,2003,1330450,13,603,02,#,1.6,#,0.094
1330450019,2003,1330450,13,603,02,#,0.6,#,0.044
1330450020,2003,1330450,13,603,02,#,1.4,#,0.071
1330450021,2003,1330450,13,603,02,#,0.52,#,0.034
1330450022,2003,1330450,13,603,02,#,2.22,#,0.099
1330450023,2003,1330450,13,603,02,#,1.08,#,0.089
1330450025,2003,1330450,13,603,02,#,1.23,#,0.058
1330450026,2003,1330450,13,603,02,#,0.78,#,0.045
1330460001,2003,1330460,13,603,51,#,1.61,#,0.162
1330460002,2003,1330460,13,603,51,#,0.54,#,0.084
1330460003,2003,1330460,13,603,51,#,1.62,#,0.097
1330460004,2003,1330460,13,603,51,#,0.89,#,0.047
1330470001,2003,1330470,13,603,52,#,1.79,#,0.191
1330470002,2003,1330470,13,603,52,#,0.4,#,0.179
1330470003,2003,1330470,13,603,52,#,0.88,#,0.05
1330470004,2003,1330470,13,603,52,#,0.78,#,0.049
1330480001,2003,1330480,13,603,53,#,1.24,#,0.135
1330480002,2003,1330480,13,603,53,#,0.38,#,0.143
1330480003,2003,1330480,13,603,53,#,0.86,#,0.044
1330480004,2003,1330480,13,603,53,#,0.82,#,0.038
1330500001,2003,1330500,13,603,55,#,1.22,#,0.135
1330500002,2003,1330500,13,603,55,#,0.4,#,0.072
1330500003,2003,1330500,13,603,55,#,1.44,#,0.067
1330500004,2003,1330500,13,603,55,#,0.65,#,0.032
1330510001,2003,1330510,13,603,56,#,1.9,#,0.174
1330510002,2003,1330510,13,603,56,#,0.23,#,0.126
1330510003,2003,1330510,13,603,56,#,0.7,#,0.042
1330510004,2003,1330510,13,603,56,#,0.64,#,0.033
1330520001,2003,1330520,13,603,57,#,2.04,#,0.159
1330520002,2003,1330520,13,603,57,#,0.59,#,0.102
1330520003,2003,1330520,13,603,57,#,2.93,#,0.237
1330520004,2003,1330520,13,603,57,#,0.91,#,0.053
1330530001,2003,1330530,13,603,58,#,1.04,#,0.086
1330530002,2003,1330530,13,603,58,#,0.59,#,0.084
1330530003,2003,1330530,13,603,58,#,1.04,#,0.05
1330530004,2003,1330530,13,603,58,#,0.67,#,0.034
1330540001,2003,1330540,13,603,59,#,2.13,#,0.158
1330540002,2003,1330540,13,603,59,#,0.42,#,0.096
1330540003,2003,1330540,13,603,59,#,0.6,#,0.036
1330540004,2003,1330540,13,603,59,#,0.61,#,0.032
1330560001,2003,1330560,13,603,61,#,1.54,#,0.136
1330560002,2003,1330560,13,603,61,#,0.4,#,0.097
1330560003,2003,1330560,13,603,61,#,1.42,#,0.068
1330560004,2003,1330560,13,603,61,#,0.54,#,0.031
1330570001,2003,1330570,13,603,62,#,0.79,#,0.072
1330570002,2003,1330570,13,603,62,#,0.37,#,0.101
1330570003,2003,1330570,13,603,62,#,0.74,#,0.027
1330570004,2003,1330570,13,603,62,#,0.47,#,0.031
1330580001,2003,1330580,13,603,63,#,1.83,#,0.185
1330580002,2003,1330580,13,603,63,#,0.34,#,0.087
1330580003,2003,1330580,13,603,63,#,1.52,#,0.066
1330580004,2003,1330580,13,603,63,#,0.46,#,0.035
1330590001,2003,1330590,13,603,64,#,1.05,#,0.124
1330590002,2003,1330590,13,603,64,#,0.4,#,0.093
1330590003,2003,1330590,13,603,64,#,0.76,#,0.032
1330590004,2003,1330590,13,603,64,#,0.52,#,0.059
1330600001,2003,1330600,13,604,01,#,0.6,#,0.025
1330600002,2003,1330600,13,604,01,#,0.51,#,0.028
1330600003,2003,1330600,13,604,01,#,1.34,#,0.096
1330600004,2003,1330600,13,604,01,#,0.43,#,0.041
1330600005,2003,1330600,13,604,01,#,0.58,#,0.033
1330600006,2003,1330600,13,604,01,#,0.54,#,0.097
1330600007,2003,1330600,13,604,01,#,0.72,#,0.064
1330600008,2003,1330600,13,604,01,#,0.47,#,0.062
1330600009,2003,1330600,13,604,01,#,0.53,#,0.053
1330600010,2003,1330600,13,604,01,#,0.42,#,0.089
1330600012,2003,1330600,13,604,01,#,0.88,#,0.064
1330600013,2003,1330600,13,604,01,#,0.53,#,0.078
1330600014,2003,1330600,13,604,01,#,0.65,#,0.059
1330600015,2003,1330600,13,604,01,#,0.3,#,0.04
1330600016,2003,1330600,13,604,01,#,0.71,#,0.046
1330600017,2003,1330600,13,604,01,#,0.52,#,0.049
1330600018,2003,1330600,13,604,01,#,0.97,#,0.061
1330600019,2003,1330600,13,604,01,#,0.65,#,0.045
1330600020,2003,1330600,13,604,01,#,0.81,#,0.03
1330600021,2003,1330600,13,604,01,#,0.42,#,0.025
1330600022,2003,1330600,13,604,01,#,0.89,#,0.034
1330600023,2003,1330600,13,604,01,#,0.57,#,0.033
1330600025,2003,1330600,13,604,01,#,1.05,#,0.034
1330600026,2003,1330600,13,604,01,#,0.61,#,0.026
