レコードID,測定年度,絶対番号,都道府県コード,水域コード,地点コード,全窒素_C,全窒素(mg/l),全燐_C,全燐(mg/l)
1310010001,2002,1310010,13,001,01,#,1.68,#,0.081
1310010005,2002,1310010,13,001,01,#,1.45,#,0.084
1310010009,2002,1310010,13,001,01,#,1.45,#,0.109
1310010013,2002,1310010,13,001,01,#,2.41,#,0.122
1310010021,2002,1310010,13,001,01,#,2.39,#,0.276
1310010025,2002,1310010,13,001,01,#,1.88,#,0.117
1310010029,2002,1310010,13,001,01,#,3.33,#,0.14
1310010033,2002,1310010,13,001,01,#,3.19,#,0.092
1310010037,2002,1310010,13,001,01,#,2.6,#,0.092
1310010045,2002,1310010,13,001,01,#,3.17,#,0.102
1310010049,2002,1310010,13,001,01,#,2.96,#,0.123
1310010053,2002,1310010,13,001,01,#,2.35,#,0.116
1310030001,2002,1310030,13,002,01,#,1.78,#,0.078
1310030005,2002,1310030,13,002,01,#,1.62,#,0.09
1310030009,2002,1310030,13,002,01,#,1.48,#,0.087
1310030013,2002,1310030,13,002,01,#,2.35,#,0.115
1310030021,2002,1310030,13,002,01,#,2.58,#,0.27
1310030025,2002,1310030,13,002,01,#,1.9,#,0.131
1310030029,2002,1310030,13,002,01,#,3.25,#,0.051
1310030033,2002,1310030,13,002,01,#,3.02,#,0.08
1310030037,2002,1310030,13,002,01,#,2.8,#,0.092
1310030045,2002,1310030,13,002,01,#,3.06,#,0.104
1310030049,2002,1310030,13,002,01,#,3.11,#,0.12
1310030053,2002,1310030,13,002,01,#,2.41,#,0.137
1310040001,2002,1310040,13,002,51,#,1.64,#,0.081
1310040004,2002,1310040,13,002,51,#,1.54,#,0.084
1310040007,2002,1310040,13,002,51,#,1.74,#,0.115
1310040010,2002,1310040,13,002,51,#,2.39,#,0.12
1310040013,2002,1310040,13,002,51,#,2.47,#,0.203
1310040016,2002,1310040,13,002,51,#,1.9,#,0.12
1310040019,2002,1310040,13,002,51,#,3.23,#,0.115
1310040022,2002,1310040,13,002,51,#,3.16,#,0.089
1310040025,2002,1310040,13,002,51,#,2.95,#,0.092
1310040028,2002,1310040,13,002,51,#,3.04,#,0.097
1310040031,2002,1310040,13,002,51,#,3.17,#,0.121
1310040034,2002,1310040,13,002,51,#,2.3,#,0.103
1310060001,2002,1310060,13,003,01,#,2.88,#,0.08
1310060004,2002,1310060,13,003,01,#,2.12,#,0.088
1310060007,2002,1310060,13,003,01,#,2.68,#,0.113
1310060010,2002,1310060,13,003,01,#,3.1,#,0.102
1310060013,2002,1310060,13,003,01,#,2.79,#,0.093
1310060016,2002,1310060,13,003,01,#,2.69,#,0.088
1310060019,2002,1310060,13,003,01,#,3.82,#,0.083
1310060022,2002,1310060,13,003,01,#,3.69,#,0.069
1310060025,2002,1310060,13,003,01,#,4.32,#,0.083
1310060028,2002,1310060,13,003,01,#,4.2,#,0.1
1310060031,2002,1310060,13,003,01,#,5.25,#,0.141
1310060034,2002,1310060,13,003,01,#,3.29,#,0.108
1310070001,2002,1310070,13,003,51,#,3.6,#,0.092
1310070002,2002,1310070,13,003,51,#,3.2,#,0.092
1310070003,2002,1310070,13,003,51,#,2.74,#,0.084
1310070004,2002,1310070,13,003,51,#,3.41,#,0.095
1310070005,2002,1310070,13,003,51,#,2.7,#,0.082
1310070006,2002,1310070,13,003,51,#,3.49,#,0.101
1310070007,2002,1310070,13,003,51,#,4.15,#,0.099
1310070008,2002,1310070,13,003,51,#,4.24,#,0.063
1310070009,2002,1310070,13,003,51,#,4.94,#,0.091
1310070010,2002,1310070,13,003,51,#,6.23,#,0.114
1310070011,2002,1310070,13,003,51,#,5.18,#,0.148
1310070012,2002,1310070,13,003,51,#,3.65,#,0.135
1310090002,2002,1310090,13,004,01,#,4.34,#,0.344
1310090006,2002,1310090,13,004,01,#,3.08,#,0.215
1310090010,2002,1310090,13,004,01,#,2.03,#,0.189
1310090014,2002,1310090,13,004,01,#,2.99,#,0.25
1310090022,2002,1310090,13,004,01,#,2.49,#,0.253
1310090026,2002,1310090,13,004,01,#,2.43,#,0.183
1310090030,2002,1310090,13,004,01,#,3.51,#,0.17
1310090034,2002,1310090,13,004,01,#,6.09,#,0.248
1310090038,2002,1310090,13,004,01,#,6.35,#,0.342
1310090042,2002,1310090,13,004,01,#,6.21,#,0.374
1310090050,2002,1310090,13,004,01,#,8.03,#,0.459
1310090054,2002,1310090,13,004,01,#,6.03,#,0.295
1310100001,2002,1310100,13,004,02,#,3.86,#,0.157
1310100004,2002,1310100,13,004,02,#,3.58,#,0.201
1310100007,2002,1310100,13,004,02,#,3.31,#,0.19
1310100010,2002,1310100,13,004,02,#,3.44,#,0.156
1310100013,2002,1310100,13,004,02,#,2.55,#,0.209
1310100016,2002,1310100,13,004,02,#,2.52,#,0.137
1310100019,2002,1310100,13,004,02,#,2.44,#,0.174
1310100022,2002,1310100,13,004,02,#,1.85,#,0.096
1310100025,2002,1310100,13,004,02,#,2.21,#,0.086
1310100028,2002,1310100,13,004,02,#,2.38,#,0.133
1310100031,2002,1310100,13,004,02,#,2.75,#,0.127
1310100034,2002,1310100,13,004,02,#,4.06,#,0.161
1310110002,2002,1310110,13,004,51,#,4.81,#,0.275
1310110005,2002,1310110,13,004,51,#,3.06,#,0.262
1310110008,2002,1310110,13,004,51,#,3.19,#,0.281
1310110011,2002,1310110,13,004,51,#,2.85,#,0.253
1310110014,2002,1310110,13,004,51,#,2.76,#,0.214
1310110017,2002,1310110,13,004,51,#,2.58,#,0.189
1310110020,2002,1310110,13,004,51,#,3.96,#,0.253
1310110023,2002,1310110,13,004,51,#,5.6,#,0.217
1310110026,2002,1310110,13,004,51,#,5.76,#,0.303
1310110029,2002,1310110,13,004,51,#,6.42,#,0.335
1310110032,2002,1310110,13,004,51,#,8.03,#,0.392
1310110035,2002,1310110,13,004,51,#,5.85,#,0.339
1310140002,2002,1310140,13,005,01,#,6,#,0.555
1310140005,2002,1310140,13,005,01,#,3.62,#,0.372
1310140008,2002,1310140,13,005,01,#,2.98,#,0.351
1310140011,2002,1310140,13,005,01,#,3,#,0.322
1310140025,2002,1310140,13,005,01,#,2.76,#,0.367
1310140028,2002,1310140,13,005,01,#,3.7,#,0.3
1310140031,2002,1310140,13,005,01,#,3.57,#,0.264
1310140034,2002,1310140,13,005,01,#,4.82,#,0.311
1310140037,2002,1310140,13,005,01,#,5.3,#,0.335
1310140040,2002,1310140,13,005,01,#,6.05,#,0.267
1310140054,2002,1310140,13,005,01,#,6,#,0.488
1310140057,2002,1310140,13,005,01,#,5.55,#,0.597
1310160001,2002,1310160,13,005,52,#,6.91,#,0.402
1310160004,2002,1310160,13,005,52,#,3.59,#,0.306
1310160007,2002,1310160,13,005,52,#,3.32,#,0.3
1310160010,2002,1310160,13,005,52,#,3.58,#,0.337
1310160013,2002,1310160,13,005,52,#,4.41,#,0.258
1310160016,2002,1310160,13,005,52,#,3.67,#,0.267
1310160019,2002,1310160,13,005,52,#,4.48,#,0.315
1310160022,2002,1310160,13,005,52,#,6.25,#,0.275
1310160025,2002,1310160,13,005,52,#,7.05,#,0.274
1310160028,2002,1310160,13,005,52,#,7.41,#,0.206
1310160031,2002,1310160,13,005,52,#,7.91,#,0.384
1310160034,2002,1310160,13,005,52,#,5.97,#,0.303
1310180001,2002,1310180,13,006,01,#,9.23,#,0.421
1310180005,2002,1310180,13,006,01,#,6.54,#,0.313
1310180009,2002,1310180,13,006,01,#,7.61,#,0.363
1310180013,2002,1310180,13,006,01,#,5.62,#,0.253
1310180017,2002,1310180,13,006,01,#,4.73,#,0.212
1310180026,2002,1310180,13,006,01,#,6.52,#,0.222
1310180030,2002,1310180,13,006,01,#,5.34,#,0.217
1310180034,2002,1310180,13,006,01,#,8.9,#,0.297
1310180038,2002,1310180,13,006,01,#,7.17,#,0.316
1310180042,2002,1310180,13,006,01,#,7.76,#,0.271
1310180045,2002,1310180,13,006,01,#,7.64,#,0.315
1310180055,2002,1310180,13,006,01,#,6.88,#,0.382
1310190001,2002,1310190,13,006,02,#,4.09,#,0.232
1310190005,2002,1310190,13,006,02,#,4.63,#,0.239
1310190009,2002,1310190,13,006,02,#,2.79,#,0.183
1310190013,2002,1310190,13,006,02,#,4.69,#,0.265
1310190017,2002,1310190,13,006,02,#,3.51,#,0.228
1310190026,2002,1310190,13,006,02,#,4.56,#,0.247
1310190030,2002,1310190,13,006,02,#,4.1,#,0.164
1310190034,2002,1310190,13,006,02,#,6.36,#,0.215
1310190038,2002,1310190,13,006,02,#,2.12,#,0.124
1310190042,2002,1310190,13,006,02,#,1.69,#,0.106
1310190045,2002,1310190,13,006,02,#,1.91,#,0.105
1310190054,2002,1310190,13,006,02,#,3.03,#,0.178
1310200001,2002,1310200,13,006,51,#,9.4,#,0.396
1310200004,2002,1310200,13,006,51,#,5.2,#,0.262
1310200007,2002,1310200,13,006,51,#,9.23,#,0.376
1310200010,2002,1310200,13,006,51,#,5.24,#,0.219
1310200013,2002,1310200,13,006,51,#,4.93,#,0.142
1310200016,2002,1310200,13,006,51,#,5.76,#,0.133
1310200019,2002,1310200,13,006,51,#,4.69,#,0.131
1310200022,2002,1310200,13,006,51,#,8.52,#,0.19
1310200025,2002,1310200,13,006,51,#,9.87,#,0.382
1310200028,2002,1310200,13,006,51,#,8.61,#,0.335
1310200031,2002,1310200,13,006,51,#,10.2,#,0.491
1310200034,2002,1310200,13,006,51,#,6.96,#,0.378
1310210001,2002,1310210,13,006,52,#,10,#,0.477
1310210004,2002,1310210,13,006,52,#,6.13,#,0.453
1310210007,2002,1310210,13,006,52,#,9.16,#,0.486
1310210010,2002,1310210,13,006,52,#,4.06,#,0.185
1310210013,2002,1310210,13,006,52,#,4.23,#,0.149
1310210016,2002,1310210,13,006,52,#,6.44,#,0.197
1310210019,2002,1310210,13,006,52,#,5.38,#,0.233
1310210022,2002,1310210,13,006,52,#,9.74,#,0.315
1310210025,2002,1310210,13,006,52,#,9.33,#,0.405
1310210028,2002,1310210,13,006,52,#,9.1,#,0.356
1310210030,2002,1310210,13,006,52,#,9.39,#,0.466
1310210033,2002,1310210,13,006,52,#,7.12,#,0.497
1310220001,2002,1310220,13,006,53,#,7.54,#,0.339
1310220004,2002,1310220,13,006,53,#,5.66,#,0.272
1310220007,2002,1310220,13,006,53,#,5.91,#,0.288
1310220010,2002,1310220,13,006,53,#,5.07,#,0.224
1310220013,2002,1310220,13,006,53,#,3.62,#,0.208
1310220016,2002,1310220,13,006,53,#,6.26,#,0.252
1310220019,2002,1310220,13,006,53,#,4.87,#,0.155
1310220022,2002,1310220,13,006,53,#,6.97,#,0.238
1310220025,2002,1310220,13,006,53,#,4.69,#,0.231
1310220028,2002,1310220,13,006,53,#,5.75,#,0.227
1310220031,2002,1310220,13,006,53,#,6.41,#,0.274
1310220033,2002,1310220,13,006,53,#,5.8,#,0.299
1310230001,2002,1310230,13,007,01,#,7.07,#,0.306
1310230004,2002,1310230,13,007,01,#,6.4,#,0.293
1310230007,2002,1310230,13,007,01,#,8.25,#,0.302
1310230010,2002,1310230,13,007,01,#,7.6,#,0.254
1310230013,2002,1310230,13,007,01,#,6.45,#,0.412
1310230016,2002,1310230,13,007,01,#,5.66,#,0.246
1310230019,2002,1310230,13,007,01,#,6.1,#,0.197
1310230022,2002,1310230,13,007,01,#,3.16,#,0.138
1310230025,2002,1310230,13,007,01,#,4.67,#,0.201
1310230028,2002,1310230,13,007,01,#,7.98,#,0.333
1310230031,2002,1310230,13,007,01,#,8.67,#,0.6
1310230034,2002,1310230,13,007,01,#,7.42,#,0.474
1310240001,2002,1310240,13,007,02,#,12.2,#,0.632
1310240004,2002,1310240,13,007,02,#,10.7,#,0.601
1310240007,2002,1310240,13,007,02,#,12.5,#,0.649
1310240010,2002,1310240,13,007,02,#,7.59,#,0.258
1310240013,2002,1310240,13,007,02,#,10.8,#,0.412
1310240016,2002,1310240,13,007,02,#,7.86,#,0.271
1310240019,2002,1310240,13,007,02,#,8.8,#,0.259
1310240022,2002,1310240,13,007,02,#,10.5,#,0.308
1310240025,2002,1310240,13,007,02,#,13.1,#,0.52
1310240028,2002,1310240,13,007,02,#,12.8,#,0.551
1310240031,2002,1310240,13,007,02,#,16.6,#,0.749
1310240034,2002,1310240,13,007,02,#,11.6,#,0.592
1310250001,2002,1310250,13,007,51,#,10.1,#,0.498
1310250004,2002,1310250,13,007,51,#,6.33,#,0.423
1310250007,2002,1310250,13,007,51,#,10.3,#,0.575
1310250010,2002,1310250,13,007,51,#,6.47,#,0.31
1310250013,2002,1310250,13,007,51,#,7.52,#,0.272
1310250016,2002,1310250,13,007,51,#,9.04,#,0.375
1310250019,2002,1310250,13,007,51,#,4.89,#,0.173
1310250022,2002,1310250,13,007,51,#,10.9,#,0.397
1310250025,2002,1310250,13,007,51,#,12.5,#,0.594
1310250028,2002,1310250,13,007,51,#,13,#,0.545
1310250031,2002,1310250,13,007,51,#,13.1,#,0.796
1310250034,2002,1310250,13,007,51,#,8.75,#,0.439
1310260001,2002,1310260,13,007,53,#,9.9,#,0.342
1310260004,2002,1310260,13,007,53,#,7.62,#,0.315
1310260007,2002,1310260,13,007,53,#,10.4,#,0.396
1310260010,2002,1310260,13,007,53,#,8.3,#,0.317
1310260013,2002,1310260,13,007,53,#,7.1,#,0.231
1310260016,2002,1310260,13,007,53,#,6.76,#,0.234
1310260019,2002,1310260,13,007,53,#,7.41,#,0.197
1310260022,2002,1310260,13,007,53,#,8.71,#,0.251
1310260025,2002,1310260,13,007,53,#,9.81,#,0.321
1310260028,2002,1310260,13,007,53,#,8.19,#,0.126
1310260031,2002,1310260,13,007,53,#,12.3,#,0.49
1310260034,2002,1310260,13,007,53,#,8.04,#,0.316
1310290001,2002,1310290,13,008,01,#,7.89,#,1.06
1310290004,2002,1310290,13,008,01,#,8.2,#,0.568
1310290007,2002,1310290,13,008,01,#,6.35,#,0.657
1310290010,2002,1310290,13,008,01,#,7,#,0.671
1310290013,2002,1310290,13,008,01,#,6.89,#,0.665
1310290016,2002,1310290,13,008,01,#,5.84,#,0.293
1310290019,2002,1310290,13,008,01,#,7.28,#,0.524
1310290022,2002,1310290,13,008,01,#,9,#,0.839
1310290025,2002,1310290,13,008,01,#,10.6,#,0.949
1310290028,2002,1310290,13,008,01,#,6.82,#,0.407
1310290031,2002,1310290,13,008,01,#,9.15,#,0.926
1310290034,2002,1310290,13,008,01,#,7.36,#,0.569
1310300001,2002,1310300,13,009,01,#,11.6,#,1.13
1310300004,2002,1310300,13,009,01,#,10.6,#,1.03
1310300007,2002,1310300,13,009,01,#,9.88,#,1.08
1310300010,2002,1310300,13,009,01,#,9.28,#,0.908
1310300013,2002,1310300,13,009,01,#,10.1,#,1.05
1310300016,2002,1310300,13,009,01,#,10.4,#,0.627
1310300019,2002,1310300,13,009,01,#,7.53,#,0.803
1310300022,2002,1310300,13,009,01,#,4.51,#,0.557
1310300025,2002,1310300,13,009,01,#,9.74,#,0.972
1310300028,2002,1310300,13,009,01,#,13.2,#,1.34
1310300031,2002,1310300,13,009,01,#,6.84,#,0.907
1310300034,2002,1310300,13,009,01,#,4.32,#,0.551
1310310001,2002,1310310,13,010,01,#,2.32,#,0.239
1310310003,2002,1310310,13,010,01,#,2.55,#,0.242
1310310005,2002,1310310,13,010,01,#,2.51,#,0.26
1310310007,2002,1310310,13,010,01,#,3.12,#,0.108
1310310009,2002,1310310,13,010,01,#,4.26,#,0.075
1310310011,2002,1310310,13,010,01,#,3.57,#,0.02
1310310013,2002,1310310,13,010,01,#,3.55,#,0.028
1310310015,2002,1310310,13,010,01,#,3.44,#,0.013
1310310017,2002,1310310,13,010,01,#,3.56,#,0.007
1310310019,2002,1310310,13,010,01,#,3.48,#,0.012
1310310021,2002,1310310,13,010,01,#,3.94,#,0.165
1310310023,2002,1310310,13,010,01,#,3.83,#,0.027
1310320001,2002,1310320,13,011,01,#,5.39,#,0.463
1310320004,2002,1310320,13,011,01,#,3.51,#,0.417
1310320007,2002,1310320,13,011,01,#,2.37,#,0.42
1310320010,2002,1310320,13,011,01,#,1.77,#,0.328
1310320013,2002,1310320,13,011,01,#,5.02,#,0.425
1310320016,2002,1310320,13,011,01,#,2.44,#,0.312
1310320019,2002,1310320,13,011,01,#,5.13,#,0.344
1310320022,2002,1310320,13,011,01,#,5.6,#,0.341
1310320025,2002,1310320,13,011,01,#,10.2,#,0.612
1310320028,2002,1310320,13,011,01,#,7.78,#,0.792
1310320031,2002,1310320,13,011,01,#,11.6,#,0.658
1310320034,2002,1310320,13,011,01,#,2.16,#,0.233
1310330001,2002,1310330,13,012,01,#,8.33,#,1.09
1310330004,2002,1310330,13,012,01,#,9.11,#,0.734
1310330007,2002,1310330,13,012,01,#,6.32,#,0.92
1310330010,2002,1310330,13,012,01,#,7.72,#,0.748
1310330013,2002,1310330,13,012,01,#,8.45,#,0.939
1310330016,2002,1310330,13,012,01,#,7.15,#,0.4
1310330019,2002,1310330,13,012,01,#,8.83,#,0.705
1310330022,2002,1310330,13,012,01,#,9.91,#,0.982
1310330025,2002,1310330,13,012,01,#,11.3,#,1.12
1310330028,2002,1310330,13,012,01,#,9.18,#,0.807
1310330031,2002,1310330,13,012,01,#,8.54,#,1.03
1310330034,2002,1310330,13,012,01,#,8.17,#,0.676
1310340001,2002,1310340,13,013,01,#,0.59,#,0.011
1310340004,2002,1310340,13,013,01,#,0.67,#,0.011
1310340007,2002,1310340,13,013,01,#,0.73,#,0.012
1310340010,2002,1310340,13,013,01,#,1.07,#,0.017
1310340013,2002,1310340,13,013,01,#,0.64,#,0.012
1310340016,2002,1310340,13,013,01,#,0.79,#,0.013
1310340019,2002,1310340,13,013,01,#,0.96,#,0.013
1310340022,2002,1310340,13,013,01,#,0.67,#,0.009
1310340025,2002,1310340,13,013,01,#,0.65,#,0.01
1310340028,2002,1310340,13,013,01,#,0.72,#,0.033
1310340031,2002,1310340,13,013,01,#,0.65,#,0.026
1310340034,2002,1310340,13,013,01,#,0.83,#,0.013
1310370001,2002,1310370,13,014,01,#,1.19,#,0.126
1310370002,2002,1310370,13,014,01,#,1.12,#,0.015
1310370003,2002,1310370,13,014,01,#,1.21,#,0.018
1310370004,2002,1310370,13,014,01,#,1.19,#,0.018
1310370005,2002,1310370,13,014,01,#,1.37,#,0.02
1310370006,2002,1310370,13,014,01,#,1.36,#,0.023
1310370007,2002,1310370,13,014,01,#,1.37,#,0.025
1310370008,2002,1310370,13,014,01,#,1.35,#,0.034
1310370009,2002,1310370,13,014,01,#,1.32,#,0.029
1310370010,2002,1310370,13,014,01,#,1.29,#,0.02
1310370011,2002,1310370,13,014,01,#,1.26,#,0.02
1310370012,2002,1310370,13,014,01,#,1.3,#,0.025
1310370013,2002,1310370,13,014,01,#,1.76,#,0.031
1310370014,2002,1310370,13,014,01,#,1.78,#,0.029
1310370015,2002,1310370,13,014,01,#,1.67,#,0.035
1310370016,2002,1310370,13,014,01,#,1.76,#,0.048
1310370017,2002,1310370,13,014,01,#,1.57,#,0.021
1310370018,2002,1310370,13,014,01,#,1.49,#,0.02
1310370019,2002,1310370,13,014,01,#,1.56,#,0.018
1310370020,2002,1310370,13,014,01,#,1.72,#,0.021
1310370021,2002,1310370,13,014,01,#,1.33,#,0.012
1310370022,2002,1310370,13,014,01,#,1.2,#,0.015
1310370023,2002,1310370,13,014,01,#,1.6,#,0.015
1310370024,2002,1310370,13,014,01,#,1.76,#,0.017
1310370025,2002,1310370,13,014,01,#,1.78,#,0.02
1310370026,2002,1310370,13,014,01,#,1.8,#,0.018
1310370027,2002,1310370,13,014,01,#,1.7,#,0.023
1310370028,2002,1310370,13,014,01,#,1.87,#,0.023
1310370029,2002,1310370,13,014,01,#,1.36,#,0.007
1310370030,2002,1310370,13,014,01,#,1.32,#,0.01
1310370031,2002,1310370,13,014,01,#,1.36,#,0.01
1310370032,2002,1310370,13,014,01,#,1.4,#,0.031
1310370033,2002,1310370,13,014,01,#,1.31,#,0.015
1310370034,2002,1310370,13,014,01,#,1.3,#,0.015
1310370035,2002,1310370,13,014,01,#,1.33,#,0.015
1310370036,2002,1310370,13,014,01,#,1.33,#,0.021
1310370037,2002,1310370,13,014,01,#,1.58,#,0.015
1310370038,2002,1310370,13,014,01,#,1.52,#,0.018
1310370039,2002,1310370,13,014,01,#,1.5,#,0.016
1310370040,2002,1310370,13,014,01,#,1.56,#,0.021
1310370041,2002,1310370,13,014,01,#,1.59,#,0.027
1310370042,2002,1310370,13,014,01,#,1.62,#,0.026
1310370043,2002,1310370,13,014,01,#,1.52,#,0.023
1310370044,2002,1310370,13,014,01,#,1.58,#,0.029
1310370045,2002,1310370,13,014,01,#,1.73,#,0.017
1310370046,2002,1310370,13,014,01,#,1.68,#,0.02
1310370047,2002,1310370,13,014,01,#,1.64,#,0.02
1310370048,2002,1310370,13,014,01,#,1.7,#,0.056
1310380001,2002,1310380,13,014,51,#,0.74,#,0.004
1310380004,2002,1310380,13,014,51,#,0.77,#,0.017
1310380007,2002,1310380,13,014,51,#,0.79,#,0.015
1310380010,2002,1310380,13,014,51,#,1.04,#,0.02
1310380013,2002,1310380,13,014,51,#,0.74,#,0.021
1310380016,2002,1310380,13,014,51,#,0.88,#,0.018
1310380019,2002,1310380,13,014,51,#,1.03,#,0.018
1310380022,2002,1310380,13,014,51,#,0.69,#,0.007
1310380025,2002,1310380,13,014,51,#,0.79,#,0.01
1310380028,2002,1310380,13,014,51,#,0.94,#,0.039
1310380031,2002,1310380,13,014,51,#,0.66,#,0.033
1310380034,2002,1310380,13,014,51,#,0.92,#,0.014
1310390001,2002,1310390,13,014,52,#,0.65,#,0.011
1310390002,2002,1310390,13,014,52,#,0.65,#,0.01
1310390003,2002,1310390,13,014,52,#,0.78,#,0.018
1310390004,2002,1310390,13,014,52,#,1.1,#,0.023
1310390005,2002,1310390,13,014,52,#,0.63,#,0.011
1310390006,2002,1310390,13,014,52,#,0.79,#,0.013
1310390007,2002,1310390,13,014,52,#,1.02,#,0.012
1310390008,2002,1310390,13,014,52,#,0.67,#,0.009
1310390009,2002,1310390,13,014,52,#,0.68,#,0.012
1310390010,2002,1310390,13,014,52,#,0.73,#,0.025
1310390011,2002,1310390,13,014,52,#,0.71,#,0.024
1310390012,2002,1310390,13,014,52,#,0.9,#,0.014
1310400001,2002,1310400,13,014,53,#,1.19,#,0.02
1310400002,2002,1310400,13,014,53,#,0.74,#,0.016
1310400003,2002,1310400,13,014,53,#,1.42,#,0.02
1310400004,2002,1310400,13,014,53,#,1.86,#,0.03
1310400005,2002,1310400,13,014,53,#,1.59,#,0.013
1310400006,2002,1310400,13,014,53,#,1.3,#,0.012
1310400007,2002,1310400,13,014,53,#,1.75,#,0.015
1310400008,2002,1310400,13,014,53,#,1.48,#,0.007
1310400009,2002,1310400,13,014,53,#,1.22,#,0.015
1310400010,2002,1310400,13,014,53,#,1.47,#,0.014
1310400011,2002,1310400,13,014,53,#,1.65,#,0.014
1310400012,2002,1310400,13,014,53,#,2.15,#,0.015
1310410001,2002,1310410,13,015,01,#,8.64,#,0.696
1310410003,2002,1310410,13,015,01,#,8.13,#,0.726
1310410005,2002,1310410,13,015,01,#,8.55,#,0.791
1310410007,2002,1310410,13,015,01,#,9.06,#,0.807
1310410009,2002,1310410,13,015,01,#,7.88,#,0.713
1310410011,2002,1310410,13,015,01,#,6.66,#,0.665
1310410013,2002,1310410,13,015,01,#,7.79,#,0.806
1310410015,2002,1310410,13,015,01,#,7.51,#,0.808
1310410017,2002,1310410,13,015,01,#,7.25,#,0.668
1310410019,2002,1310410,13,015,01,#,6.26,#,0.634
1310410021,2002,1310410,13,015,01,#,7.49,#,0.787
1310410023,2002,1310410,13,015,01,#,7.13,#,0.673
1310410025,2002,1310410,13,015,01,#,5.71,#,0.474
1310410027,2002,1310410,13,015,01,#,4.73,#,0.454
1310410029,2002,1310410,13,015,01,#,5.67,#,0.502
1310410031,2002,1310410,13,015,01,#,5.92,#,0.531
1310410033,2002,1310410,13,015,01,#,5.51,#,0.519
1310410035,2002,1310410,13,015,01,#,4.93,#,0.523
1310410037,2002,1310410,13,015,01,#,5.39,#,0.58
1310410039,2002,1310410,13,015,01,#,5.63,#,0.517
1310410041,2002,1310410,13,015,01,#,4.68,#,0.455
1310410043,2002,1310410,13,015,01,#,3.96,#,0.444
1310410045,2002,1310410,13,015,01,#,4.44,#,0.504
1310410047,2002,1310410,13,015,01,#,4.56,#,0.46
1310410049,2002,1310410,13,015,01,#,4.32,#,0.254
1310410051,2002,1310410,13,015,01,#,4.32,#,0.247
1310410053,2002,1310410,13,015,01,#,4.89,#,0.395
1310410055,2002,1310410,13,015,01,#,5.66,#,0.439
1310410057,2002,1310410,13,015,01,#,7.85,#,0.58
1310410059,2002,1310410,13,015,01,#,7.35,#,0.631
1310410061,2002,1310410,13,015,01,#,7.73,#,0.657
1310410063,2002,1310410,13,015,01,#,7.89,#,0.665
1310410065,2002,1310410,13,015,01,#,7.42,#,0.622
1310410067,2002,1310410,13,015,01,#,8.42,#,0.603
1310410069,2002,1310410,13,015,01,#,7.75,#,0.677
1310410071,2002,1310410,13,015,01,#,8.17,#,0.775
1310410073,2002,1310410,13,015,01,#,7.27,#,0.747
1310410075,2002,1310410,13,015,01,#,6.66,#,0.73
1310410077,2002,1310410,13,015,01,#,7.19,#,0.846
1310410079,2002,1310410,13,015,01,#,7.6,#,0.818
1310410081,2002,1310410,13,015,01,#,7.88,#,0.607
1310410083,2002,1310410,13,015,01,#,7.12,#,0.587
1310410085,2002,1310410,13,015,01,#,7.32,#,0.692
1310410087,2002,1310410,13,015,01,#,9.39,#,0.797
1310410089,2002,1310410,13,015,01,#,6.07,#,0.509
1310410091,2002,1310410,13,015,01,#,5.37,#,0.509
1310410093,2002,1310410,13,015,01,#,6.51,#,0.625
1310410095,2002,1310410,13,015,01,#,6.59,#,0.603
1310420001,2002,1310420,13,015,02,#,7.12,#,0.512
1310420003,2002,1310420,13,015,02,#,6.87,#,0.512
1310420005,2002,1310420,13,015,02,#,6.95,#,0.514
1310420007,2002,1310420,13,015,02,#,7.46,#,0.518
1310420009,2002,1310420,13,015,02,#,5.64,#,0.426
1310420011,2002,1310420,13,015,02,#,5.93,#,0.438
1310420013,2002,1310420,13,015,02,#,5.72,#,0.433
1310420015,2002,1310420,13,015,02,#,6.21,#,0.43
1310420017,2002,1310420,13,015,02,#,5.87,#,0.475
1310420019,2002,1310420,13,015,02,#,5.43,#,0.438
1310420021,2002,1310420,13,015,02,#,5.63,#,0.42
1310420023,2002,1310420,13,015,02,#,5.39,#,0.411
1310420025,2002,1310420,13,015,02,#,4.82,#,0.346
1310420027,2002,1310420,13,015,02,#,4.69,#,0.369
1310420029,2002,1310420,13,015,02,#,4.99,#,0.353
1310420031,2002,1310420,13,015,02,#,4.73,#,0.365
1310420033,2002,1310420,13,015,02,#,4.23,#,0.254
1310420035,2002,1310420,13,015,02,#,4.6,#,0.293
1310420037,2002,1310420,13,015,02,#,5.22,#,0.306
1310420039,2002,1310420,13,015,02,#,5.02,#,0.306
1310420041,2002,1310420,13,015,02,#,3.72,#,0.259
1310420043,2002,1310420,13,015,02,#,3.64,#,0.286
1310420045,2002,1310420,13,015,02,#,3.84,#,0.282
1310420047,2002,1310420,13,015,02,#,3.8,#,0.288
1310420049,2002,1310420,13,015,02,#,4.45,#,0.187
1310420051,2002,1310420,13,015,02,#,3.96,#,0.194
1310420053,2002,1310420,13,015,02,#,3.84,#,0.194
1310420055,2002,1310420,13,015,02,#,4.85,#,0.198
1310420057,2002,1310420,13,015,02,#,6.59,#,0.352
1310420059,2002,1310420,13,015,02,#,6.51,#,0.363
1310420061,2002,1310420,13,015,02,#,6.59,#,0.406
1310420063,2002,1310420,13,015,02,#,6.64,#,0.388
1310420065,2002,1310420,13,015,02,#,7.08,#,0.466
1310420067,2002,1310420,13,015,02,#,7.12,#,0.478
1310420069,2002,1310420,13,015,02,#,6.92,#,0.484
1310420071,2002,1310420,13,015,02,#,6.75,#,0.466
1310420073,2002,1310420,13,015,02,#,6.3,#,0.388
1310420075,2002,1310420,13,015,02,#,5.89,#,0.407
1310420077,2002,1310420,13,015,02,#,6.01,#,0.418
1310420079,2002,1310420,13,015,02,#,6.25,#,0.411
1310420081,2002,1310420,13,015,02,#,6.89,#,0.447
1310420083,2002,1310420,13,015,02,#,6.73,#,0.447
1310420085,2002,1310420,13,015,02,#,6.93,#,0.473
1310420087,2002,1310420,13,015,02,#,6.77,#,0.477
1310420089,2002,1310420,13,015,02,#,4.97,#,0.268
1310420091,2002,1310420,13,015,02,#,5.41,#,0.295
1310420093,2002,1310420,13,015,02,#,5.5,#,0.301
1310420095,2002,1310420,13,015,02,#,5.37,#,0.333
1310430001,2002,1310430,13,015,51,#,6.77,#,0.589
1310430006,2002,1310430,13,015,51,#,5.12,#,0.453
1310430011,2002,1310430,13,015,51,#,5.65,#,0.381
1310430016,2002,1310430,13,015,51,#,3.7,#,0.309
1310430021,2002,1310430,13,015,51,#,3.64,#,0.348
1310430026,2002,1310430,13,015,51,#,2.89,#,0.204
1310430031,2002,1310430,13,015,51,#,3.02,#,0.111
1310430036,2002,1310430,13,015,51,#,4.76,#,0.373
1310430041,2002,1310430,13,015,51,#,5.66,#,0.545
1310430046,2002,1310430,13,015,51,#,5.3,#,0.448
1310430051,2002,1310430,13,015,51,#,5.42,#,0.475
1310430056,2002,1310430,13,015,51,#,4.05,#,0.303
1310440001,2002,1310440,13,015,52,#,5.51,#,0.514
1310440006,2002,1310440,13,015,52,#,5.64,#,0.525
1310440011,2002,1310440,13,015,52,#,5.36,#,0.445
1310440016,2002,1310440,13,015,52,#,4.1,#,0.345
1310440021,2002,1310440,13,015,52,#,4.81,#,0.359
1310440026,2002,1310440,13,015,52,#,4.04,#,0.322
1310440031,2002,1310440,13,015,52,#,3.53,#,0.157
1310440036,2002,1310440,13,015,52,#,5.87,#,0.379
1310440041,2002,1310440,13,015,52,#,6.41,#,0.526
1310440046,2002,1310440,13,015,52,#,6,#,0.443
1310440051,2002,1310440,13,015,52,#,6.04,#,0.48
1310440056,2002,1310440,13,015,52,#,4.63,#,0.33
1310450001,2002,1310450,13,015,53,#,7.25,#,0.885
1310450006,2002,1310450,13,015,53,#,5.99,#,0.497
1310450011,2002,1310450,13,015,53,#,6.44,#,0.477
1310450016,2002,1310450,13,015,53,#,4.85,#,0.473
1310450021,2002,1310450,13,015,53,#,5.32,#,0.364
1310450026,2002,1310450,13,015,53,#,4.21,#,0.305
1310450031,2002,1310450,13,015,53,#,3.83,#,0.234
1310450036,2002,1310450,13,015,53,#,6.36,#,0.409
1310450041,2002,1310450,13,015,53,#,6.83,#,0.492
1310450046,2002,1310450,13,015,53,#,6.46,#,0.442
1310450051,2002,1310450,13,015,53,#,6.47,#,0.581
1310450056,2002,1310450,13,015,53,#,5.06,#,0.428
1310460001,2002,1310460,13,015,54,#,7.79,#,0.641
1310460006,2002,1310460,13,015,54,#,7.06,#,0.492
1310460011,2002,1310460,13,015,54,#,5.71,#,0.452
1310460016,2002,1310460,13,015,54,#,4.69,#,0.363
1310460021,2002,1310460,13,015,54,#,4.65,#,0.327
1310460026,2002,1310460,13,015,54,#,4.16,#,0.323
1310460031,2002,1310460,13,015,54,#,3.84,#,0.201
1310460036,2002,1310460,13,015,54,#,6.93,#,0.476
1310460041,2002,1310460,13,015,54,#,6.58,#,0.546
1310460046,2002,1310460,13,015,54,#,6.46,#,0.49
1310460051,2002,1310460,13,015,54,#,7.2,#,0.546
1310460056,2002,1310460,13,015,54,#,5.45,#,0.347
1310480001,2002,1310480,13,015,56,#,7.08,#,0.543
1310480006,2002,1310480,13,015,56,#,6.05,#,0.469
1310480011,2002,1310480,13,015,56,#,5.59,#,0.461
1310480016,2002,1310480,13,015,56,#,5.24,#,0.354
1310480021,2002,1310480,13,015,56,#,4.65,#,0.269
1310480026,2002,1310480,13,015,56,#,4.08,#,0.272
1310480031,2002,1310480,13,015,56,#,4.28,#,0.169
1310480036,2002,1310480,13,015,56,#,8.06,#,0.186
1310480041,2002,1310480,13,015,56,#,7.37,#,0.468
1310480046,2002,1310480,13,015,56,#,6.74,#,0.414
1310480051,2002,1310480,13,015,56,#,7.2,#,0.432
1310480056,2002,1310480,13,015,56,#,5.5,#,0.252
1310530001,2002,1310530,13,015,03,#,5.22,#,0.373
1310530003,2002,1310530,13,015,03,#,5.14,#,0.314
1310530005,2002,1310530,13,015,03,#,4.3,#,0.259
1310530007,2002,1310530,13,015,03,#,5.81,#,0.364
1310530009,2002,1310530,13,015,03,#,4.79,#,0.304
1310530011,2002,1310530,13,015,03,#,3.65,#,0.263
1310530013,2002,1310530,13,015,03,#,4.47,#,0.311
1310530015,2002,1310530,13,015,03,#,4.63,#,0.304
1310530017,2002,1310530,13,015,03,#,3.49,#,0.288
1310530019,2002,1310530,13,015,03,#,4.52,#,0.361
1310530021,2002,1310530,13,015,03,#,2.58,#,0.228
1310530023,2002,1310530,13,015,03,#,3.17,#,0.255
1310530025,2002,1310530,13,015,03,#,3.21,#,0.244
1310530027,2002,1310530,13,015,03,#,2.92,#,0.258
1310530029,2002,1310530,13,015,03,#,4.95,#,0.315
1310530031,2002,1310530,13,015,03,#,5.37,#,0.338
1310530033,2002,1310530,13,015,03,#,3.62,#,0.373
1310530035,2002,1310530,13,015,03,#,2.51,#,0.242
1310530037,2002,1310530,13,015,03,#,3.99,#,0.254
1310530039,2002,1310530,13,015,03,#,2.84,#,0.254
1310530041,2002,1310530,13,015,03,#,3.6,#,0.265
1310530043,2002,1310530,13,015,03,#,2.6,#,0.22
1310530045,2002,1310530,13,015,03,#,3.72,#,0.25
1310530047,2002,1310530,13,015,03,#,3.64,#,0.257
1310530049,2002,1310530,13,015,03,#,3.15,#,0.189
1310530051,2002,1310530,13,015,03,#,3.03,#,0.176
1310530053,2002,1310530,13,015,03,#,3.19,#,0.187
1310530055,2002,1310530,13,015,03,#,2.83,#,0.176
1310530057,2002,1310530,13,015,03,#,4.2,#,0.234
1310530059,2002,1310530,13,015,03,#,4.2,#,0.234
1310530061,2002,1310530,13,015,03,#,6.72,#,0.342
1310530063,2002,1310530,13,015,03,#,2.56,#,0.159
1310530065,2002,1310530,13,015,03,#,6.71,#,0.34
1310530067,2002,1310530,13,015,03,#,5.08,#,0.276
1310530069,2002,1310530,13,015,03,#,7,#,0.327
1310530071,2002,1310530,13,015,03,#,3.21,#,0.187
1310530073,2002,1310530,13,015,03,#,4.67,#,0.243
1310530075,2002,1310530,13,015,03,#,3.7,#,0.217
1310530077,2002,1310530,13,015,03,#,5.89,#,0.208
1310530079,2002,1310530,13,015,03,#,2.68,#,0.175
1310530081,2002,1310530,13,015,03,#,6.05,#,0.303
1310530083,2002,1310530,13,015,03,#,4.5,#,0.237
1310530085,2002,1310530,13,015,03,#,6.05,#,0.326
1310530087,2002,1310530,13,015,03,#,4.74,#,0.262
1310530089,2002,1310530,13,015,03,#,4.52,#,0.263
1310530091,2002,1310530,13,015,03,#,3.17,#,0.184
1310530093,2002,1310530,13,015,03,#,4.36,#,0.239
1310530095,2002,1310530,13,015,03,#,2.97,#,0.185
1310540001,2002,1310540,13,015,58,#,7.08,#,0.45
1310540006,2002,1310540,13,015,58,#,6.7,#,0.43
1310540011,2002,1310540,13,015,58,#,6.42,#,0.465
1310540016,2002,1310540,13,015,58,#,4.95,#,0.315
1310540021,2002,1310540,13,015,58,#,3.66,#,0.29
1310540026,2002,1310540,13,015,58,#,5.12,#,0.316
1310540031,2002,1310540,13,015,58,#,3.72,#,0.196
1310540036,2002,1310540,13,015,58,#,2.18,#,0.161
1310540041,2002,1310540,13,015,58,#,5.17,#,0.26
1310540046,2002,1310540,13,015,58,#,3.21,#,0.194
1310540051,2002,1310540,13,015,58,#,5.73,#,0.329
1310540056,2002,1310540,13,015,58,#,6.11,#,0.306
1310550001,2002,1310550,13,017,01,#,12,#,0.494
1310550004,2002,1310550,13,017,01,#,14.1,#,0.806
1310550007,2002,1310550,13,017,01,#,15.3,#,0.639
1310550010,2002,1310550,13,017,01,#,8.66,#,0.314
1310550013,2002,1310550,13,017,01,#,12.3,#,0.447
1310550016,2002,1310550,13,017,01,#,7.82,#,0.309
1310550019,2002,1310550,13,017,01,#,8.36,#,0.254
1310550022,2002,1310550,13,017,01,#,9.47,#,0.243
1310550025,2002,1310550,13,017,01,#,11.4,#,0.344
1310550028,2002,1310550,13,017,01,#,12,#,0.494
1310550031,2002,1310550,13,017,01,#,13.2,#,0.803
1310550034,2002,1310550,13,017,01,#,11,#,0.555
1310560001,2002,1310560,13,017,51,#,9,#,0.284
1310560004,2002,1310560,13,017,51,#,9.19,#,0.372
1310560007,2002,1310560,13,017,51,#,10.6,#,0.438
1310560010,2002,1310560,13,017,51,#,6.12,#,0.164
1310560013,2002,1310560,13,017,51,#,6.88,#,0.158
1310560016,2002,1310560,13,017,51,#,6.55,#,0.154
1310560019,2002,1310560,13,017,51,#,7.53,#,0.187
1310560022,2002,1310560,13,017,51,#,7.76,#,0.162
1310560025,2002,1310560,13,017,51,#,9.13,#,0.243
1310560028,2002,1310560,13,017,51,#,10.5,#,0.316
1310560031,2002,1310560,13,017,51,#,10.8,#,0.413
1310560034,2002,1310560,13,017,51,#,8.3,#,0.303
1310570001,2002,1310570,13,017,52,#,14.4,#,0.636
1310570004,2002,1310570,13,017,52,#,10.8,#,0.5
1310570007,2002,1310570,13,017,52,#,13.1,#,0.587
1310570010,2002,1310570,13,017,52,#,7.87,#,0.269
1310570013,2002,1310570,13,017,52,#,7.44,#,0.206
1310570016,2002,1310570,13,017,52,#,7.73,#,0.271
1310570019,2002,1310570,13,017,52,#,7.92,#,0.222
1310570022,2002,1310570,13,017,52,#,8.38,#,0.199
1310570025,2002,1310570,13,017,52,#,10.9,#,0.363
1310570028,2002,1310570,13,017,52,#,12.2,#,0.888
1310570031,2002,1310570,13,017,52,#,12,#,0.511
1310570034,2002,1310570,13,017,52,#,10.2,#,0.435
1310580001,2002,1310580,13,018,01,#,9.82,#,0.162
1310580004,2002,1310580,13,018,01,#,7.64,#,0.067
1310580007,2002,1310580,13,018,01,#,6.98,#,0.086
1310580010,2002,1310580,13,018,01,#,7.63,#,0.036
1310580013,2002,1310580,13,018,01,#,7.58,#,0.102
1310580016,2002,1310580,13,018,01,#,6.96,#,0.186
1310580019,2002,1310580,13,018,01,#,7.55,#,0.183
1310580022,2002,1310580,13,018,01,#,8.25,#,0.165
1310580025,2002,1310580,13,018,01,#,9.54,#,0.257
1310580028,2002,1310580,13,018,01,#,10.7,#,0.544
1310580032,2002,1310580,13,018,01,#,7.97,#,0.032
1310580034,2002,1310580,13,018,01,#,7.57,#,0.095
1310600001,2002,1310600,13,019,01,#,6.53,#,0.114
1310600004,2002,1310600,13,019,01,#,10.3,#,0.593
1310600007,2002,1310600,13,019,01,#,6.7,#,0.105
1310600010,2002,1310600,13,019,01,#,5.28,#,0.04
1310600013,2002,1310600,13,019,01,#,10.8,#,0.379
1310600016,2002,1310600,13,019,01,#,7.28,#,0.269
1310600019,2002,1310600,13,019,01,#,8.61,#,0.242
1310600022,2002,1310600,13,019,01,#,9.53,#,0.236
1310600025,2002,1310600,13,019,01,#,9.43,#,0.246
1310600028,2002,1310600,13,019,01,#,12.2,#,0.706
1310600031,2002,1310600,13,019,01,#,15.2,#,0.655
1310600034,2002,1310600,13,019,01,#,6.72,#,0.044
1310630001,2002,1310630,13,020,01,#,8.94,#,0.761
1310630004,2002,1310630,13,020,01,#,9.86,#,0.749
1310630007,2002,1310630,13,020,01,#,7.93,#,0.813
1310630010,2002,1310630,13,020,01,#,8.42,#,0.748
1310630013,2002,1310630,13,020,01,#,7.47,#,0.522
1310630016,2002,1310630,13,020,01,#,6.7,#,0.268
1310630019,2002,1310630,13,020,01,#,7.17,#,0.237
1310630022,2002,1310630,13,020,01,#,8.17,#,0.268
1310630025,2002,1310630,13,020,01,#,9.27,#,0.535
1310630028,2002,1310630,13,020,01,#,10.5,#,0.891
1310630031,2002,1310630,13,020,01,#,9.91,#,0.797
1310630034,2002,1310630,13,020,01,#,8.28,#,0.682
1310650001,2002,1310650,13,020,52,#,11.3,#,1.14
1310650004,2002,1310650,13,020,52,#,10.3,#,0.965
1310650007,2002,1310650,13,020,52,#,9.21,#,0.978
1310650010,2002,1310650,13,020,52,#,8.83,#,0.844
1310650013,2002,1310650,13,020,52,#,8.76,#,0.858
1310650016,2002,1310650,13,020,52,#,8.75,#,0.665
1310650019,2002,1310650,13,020,52,#,9.85,#,0.835
1310650022,2002,1310650,13,020,52,#,10.9,#,0.784
1310650025,2002,1310650,13,020,52,#,12.8,#,1.05
1310650028,2002,1310650,13,020,52,#,14.1,#,1.58
1310650031,2002,1310650,13,020,52,#,10.9,#,1.38
1310650034,2002,1310650,13,020,52,#,10.3,#,1.09
1310660001,2002,1310660,13,021,01,#,2.92,#,0.018
1310660004,2002,1310660,13,021,01,#,2.72,#,0.02
1310660007,2002,1310660,13,021,01,#,3.63,#,0.022
1310660010,2002,1310660,13,021,01,#,2.18,#,0.032
1310660013,2002,1310660,13,021,01,#,3.59,#,0.018
1310660016,2002,1310660,13,021,01,#,4.34,#,0.019
1310660019,2002,1310660,13,021,01,#,4.33,#,0.02
1310660022,2002,1310660,13,021,01,#,4,#,0.011
1310660025,2002,1310660,13,021,01,#,3.2,#,0.021
1310660028,2002,1310660,13,021,01,#,2.97,#,0.019
1310660031,2002,1310660,13,021,01,#,3.49,#,0.021
1310660034,2002,1310660,13,021,01,#,3.69,#,0.024
1310670001,2002,1310670,13,022,01,#,1.36,#,0.014
1310670003,2002,1310670,13,022,01,#,1.48,#,0.012
1310670005,2002,1310670,13,022,01,#,1.31,#,0.017
1310670007,2002,1310670,13,022,01,#,1.39,#,0.023
1310670009,2002,1310670,13,022,01,#,1.34,#,0.014
1310670011,2002,1310670,13,022,01,#,1.3,#,0.015
1310670013,2002,1310670,13,022,01,#,1.57,#,0.016
1310670015,2002,1310670,13,022,01,#,1.26,#,0.008
1310670017,2002,1310670,13,022,01,#,1.32,#,0.013
1310670019,2002,1310670,13,022,01,#,1.43,#,0.014
1310670021,2002,1310670,13,022,01,#,1.65,#,0.018
1310670023,2002,1310670,13,022,01,#,1.58,#,0.016
1310690001,2002,1310690,13,023,01,#,8.58,#,0.172
1310690004,2002,1310690,13,023,01,#,8.9,#,0.739
1310690007,2002,1310690,13,023,01,#,5.5,#,0.252
1310690010,2002,1310690,13,023,01,#,4.9,#,0.19
1310690013,2002,1310690,13,023,01,#,5.16,#,0.247
1310690016,2002,1310690,13,023,01,#,2.21,#,0.179
1310690019,2002,1310690,13,023,01,#,5.6,#,0.055
1310690022,2002,1310690,13,023,01,#,4.57,#,0.092
1310690025,2002,1310690,13,023,01,#,4.52,#,0.236
1310690028,2002,1310690,13,023,01,#,4.99,#,0.125
1310690031,2002,1310690,13,023,01,#,4.45,#,0.15
1310690034,2002,1310690,13,023,01,#,4.06,#,0.079
1310700001,2002,1310700,13,024,01,#,3.36,#,0.03
1310700004,2002,1310700,13,024,01,#,1.55,#,0.038
1310700007,2002,1310700,13,024,01,#,2.18,#,0.052
1310700010,2002,1310700,13,024,01,#,2.26,#,0.064
1310700013,2002,1310700,13,024,01,#,2.27,#,0.03
1310700016,2002,1310700,13,024,01,#,2.89,#,0.034
1310700019,2002,1310700,13,024,01,#,4.76,#,0.033
1310700022,2002,1310700,13,024,01,#,3.76,#,0.031
1310700025,2002,1310700,13,024,01,#,2.58,#,0.018
1310700028,2002,1310700,13,024,01,#,2.44,#,0.028
1310700031,2002,1310700,13,024,01,#,2.94,#,0.471
1310700034,2002,1310700,13,024,01,#,3.55,#,0.031
1310730001,2002,1310730,13,025,01,#,5.87,#,0.15
1310730004,2002,1310730,13,025,01,#,3.95,#,0.628
1310730007,2002,1310730,13,025,01,#,3.07,#,0.1
1310730010,2002,1310730,13,025,01,#,3.89,#,0.066
1310730013,2002,1310730,13,025,01,#,4.67,#,0.261
1310730016,2002,1310730,13,025,01,#,3.34,#,0.299
1310730019,2002,1310730,13,025,01,#,3.68,#,0.034
1310730022,2002,1310730,13,025,01,#,3.09,#,0.053
1310730025,2002,1310730,13,025,01,#,3.73,#,0.132
1310730028,2002,1310730,13,025,01,#,3.39,#,0.178
1310730031,2002,1310730,13,025,01,#,3.48,#,0.127
1310730034,2002,1310730,13,025,01,#,3.3,#,0.279
1310740001,2002,1310740,13,026,01,#,5.08,#,0.423
1310740003,2002,1310740,13,026,01,#,5.43,#,0.378
1310740005,2002,1310740,13,026,01,#,5.69,#,0.391
1310740007,2002,1310740,13,026,01,#,5.69,#,0.433
1310740009,2002,1310740,13,026,01,#,5.43,#,0.408
1310740011,2002,1310740,13,026,01,#,5.25,#,0.37
1310740013,2002,1310740,13,026,01,#,5.43,#,0.423
1310740015,2002,1310740,13,026,01,#,5.17,#,0.466
1310740017,2002,1310740,13,026,01,#,4.85,#,0.458
1310740019,2002,1310740,13,026,01,#,4.88,#,0.461
1310740021,2002,1310740,13,026,01,#,4.82,#,0.442
1310740023,2002,1310740,13,026,01,#,4.91,#,0.508
1310740025,2002,1310740,13,026,01,#,3.57,#,0.251
1310740027,2002,1310740,13,026,01,#,3.51,#,0.228
1310740029,2002,1310740,13,026,01,#,3.81,#,0.256
1310740031,2002,1310740,13,026,01,#,3.83,#,0.278
1310740033,2002,1310740,13,026,01,#,4.66,#,0.342
1310740035,2002,1310740,13,026,01,#,4.4,#,0.33
1310740037,2002,1310740,13,026,01,#,4.53,#,0.356
1310740039,2002,1310740,13,026,01,#,4.53,#,0.372
1310740041,2002,1310740,13,026,01,#,5.21,#,0.383
1310740043,2002,1310740,13,026,01,#,6.43,#,0.372
1310740045,2002,1310740,13,026,01,#,4.47,#,0.362
1310740047,2002,1310740,13,026,01,#,5.04,#,0.397
1310740049,2002,1310740,13,026,01,#,4,#,0.126
1310740051,2002,1310740,13,026,01,#,4.04,#,0.131
1310740053,2002,1310740,13,026,01,#,4.13,#,0.15
1310740055,2002,1310740,13,026,01,#,4.25,#,0.142
1310740057,2002,1310740,13,026,01,#,5.7,#,0.278
1310740059,2002,1310740,13,026,01,#,5.57,#,0.254
1310740061,2002,1310740,13,026,01,#,5.57,#,0.258
1310740063,2002,1310740,13,026,01,#,5.52,#,0.269
1310740065,2002,1310740,13,026,01,#,5.91,#,0.361
1310740067,2002,1310740,13,026,01,#,5.76,#,0.335
1310740069,2002,1310740,13,026,01,#,5.41,#,0.323
1310740071,2002,1310740,13,026,01,#,5.64,#,0.332
1310740073,2002,1310740,13,026,01,#,5.75,#,0.329
1310740075,2002,1310740,13,026,01,#,5.46,#,0.278
1310740077,2002,1310740,13,026,01,#,5.42,#,0.281
1310740079,2002,1310740,13,026,01,#,5.42,#,0.307
1310740081,2002,1310740,13,026,01,#,5.45,#,0.326
1310740083,2002,1310740,13,026,01,#,5.41,#,0.291
1310740085,2002,1310740,13,026,01,#,5.32,#,0.291
1310740087,2002,1310740,13,026,01,#,5.49,#,0.325
1310740089,2002,1310740,13,026,01,#,4.37,#,0.23
1310740091,2002,1310740,13,026,01,#,4.02,#,0.221
1310740093,2002,1310740,13,026,01,#,4.3,#,0.232
1310740095,2002,1310740,13,026,01,#,4.26,#,0.252
1310750001,2002,1310750,13,025,02,#,5.44,#,0.35
1310750004,2002,1310750,13,025,02,#,11.7,#,0.52
1310750007,2002,1310750,13,025,02,#,6.35,#,0.703
1310750010,2002,1310750,13,025,02,#,5.52,#,0.455
1310750013,2002,1310750,13,025,02,#,6.47,#,0.551
1310750016,2002,1310750,13,025,02,#,4.52,#,0.664
1310750019,2002,1310750,13,025,02,#,4.42,#,0.17
1310750022,2002,1310750,13,025,02,#,7.1,#,0.452
1310750025,2002,1310750,13,025,02,#,6.28,#,0.429
1310750028,2002,1310750,13,025,02,#,6.26,#,0.52
1310750031,2002,1310750,13,025,02,#,5.67,#,0.32
1310750034,2002,1310750,13,025,02,#,4.66,#,0.228
1310780001,2002,1310780,13,027,01,#,6.36,#,0.133
1310780004,2002,1310780,13,027,01,#,3.9,#,0.115
1310780007,2002,1310780,13,027,01,#,2.7,#,0.07
1310780010,2002,1310780,13,027,01,#,2.34,#,0.139
1310780013,2002,1310780,13,027,01,#,3.74,#,0.119
1310780016,2002,1310780,13,027,01,#,1.91,#,0.176
1310780019,2002,1310780,13,027,01,#,2.45,#,0.024
1310780022,2002,1310780,13,027,01,#,2.92,#,0.017
1310780025,2002,1310780,13,027,01,#,3.19,#,0.079
1310780028,2002,1310780,13,027,01,#,2.72,#,0.108
1310780031,2002,1310780,13,027,01,#,2.8,#,0.034
1310780034,2002,1310780,13,027,01,#,2.18,#,0.272
1310790001,2002,1310790,13,028,01,#,5.32,#,0.205
1310790004,2002,1310790,13,028,01,#,5.2,#,0.251
1310790007,2002,1310790,13,028,01,#,4.96,#,0.226
1310790010,2002,1310790,13,028,01,#,3.31,#,0.165
1310790013,2002,1310790,13,028,01,#,3.62,#,0.079
1310790016,2002,1310790,13,028,01,#,3.71,#,0.053
1310790019,2002,1310790,13,028,01,#,3.63,#,0.041
1310790022,2002,1310790,13,028,01,#,5.49,#,0.203
1310790025,2002,1310790,13,028,01,#,4.4,#,0.22
1310790028,2002,1310790,13,028,01,#,4.72,#,0.256
1310790031,2002,1310790,13,028,01,#,5.26,#,0.279
1310790034,2002,1310790,13,028,01,#,4.2,#,0.129
1310800001,2002,1310800,13,029,01,#,2,#,0.07
1310800003,2002,1310800,13,029,01,#,2.04,#,0.073
1310800005,2002,1310800,13,029,01,#,1.92,#,0.076
1310800007,2002,1310800,13,029,01,#,2.18,#,0.081
1310800009,2002,1310800,13,029,01,#,2.69,#,0.042
1310800011,2002,1310800,13,029,01,#,2.27,#,0.065
1310800013,2002,1310800,13,029,01,#,2.34,#,0.081
1310800015,2002,1310800,13,029,01,#,1.99,#,0.065
1310800017,2002,1310800,13,029,01,#,1.71,#,0.112
1310800019,2002,1310800,13,029,01,#,1.61,#,0.112
1310800021,2002,1310800,13,029,01,#,1.6,#,0.122
1310800023,2002,1310800,13,029,01,#,1.78,#,0.112
1310800025,2002,1310800,13,029,01,#,2.14,#,0.051
1310800027,2002,1310800,13,029,01,#,2.11,#,0.056
1310800029,2002,1310800,13,029,01,#,2.21,#,0.061
1310800031,2002,1310800,13,029,01,#,2.21,#,0.059
1310800033,2002,1310800,13,029,01,#,1.77,#,0.079
1310800035,2002,1310800,13,029,01,#,1.62,#,0.093
1310800037,2002,1310800,13,029,01,#,1.62,#,0.095
1310800039,2002,1310800,13,029,01,#,1.6,#,0.087
1310800041,2002,1310800,13,029,01,#,1.65,#,0.034
1310800043,2002,1310800,13,029,01,#,1.59,#,0.073
1310800045,2002,1310800,13,029,01,#,1.41,#,0.051
1310800047,2002,1310800,13,029,01,#,1.62,#,0.045
1310800049,2002,1310800,13,029,01,#,2.34,#,0.035
1310800051,2002,1310800,13,029,01,#,2.38,#,0.04
1310800053,2002,1310800,13,029,01,#,2.51,#,0.039
1310800055,2002,1310800,13,029,01,#,2.56,#,0.042
1310800057,2002,1310800,13,029,01,#,2.55,#,0.066
1310800059,2002,1310800,13,029,01,#,2.35,#,0.104
1310800061,2002,1310800,13,029,01,#,2.24,#,0.065
1310800063,2002,1310800,13,029,01,#,2.43,#,0.062
1310800065,2002,1310800,13,029,01,#,3.2,#,0.111
1310800067,2002,1310800,13,029,01,#,3.05,#,0.126
1310800069,2002,1310800,13,029,01,#,2.6,#,0.143
1310800071,2002,1310800,13,029,01,#,2.53,#,0.103
1310800073,2002,1310800,13,029,01,#,2.21,#,0.067
1310800075,2002,1310800,13,029,01,#,2.26,#,0.094
1310800077,2002,1310800,13,029,01,#,2.43,#,0.117
1310800079,2002,1310800,13,029,01,#,2.41,#,0.097
1310800081,2002,1310800,13,029,01,#,2.13,#,0.057
1310800083,2002,1310800,13,029,01,#,1.92,#,0.089
1310800085,2002,1310800,13,029,01,#,1.97,#,0.081
1310800087,2002,1310800,13,029,01,#,2.09,#,0.078
1310800089,2002,1310800,13,029,01,#,2.11,#,0.059
1310800091,2002,1310800,13,029,01,#,2.13,#,0.14
1310800093,2002,1310800,13,029,01,#,2.06,#,0.085
1310800095,2002,1310800,13,029,01,#,2.16,#,0.077
1310810001,2002,1310810,13,030,01,#,9.48,#,0.173
1310810003,2002,1310810,13,030,01,#,8.99,#,0.205
1310810005,2002,1310810,13,030,01,#,8.08,#,0.166
1310810007,2002,1310810,13,030,01,#,8.64,#,0.18
1310810009,2002,1310810,13,030,01,#,6.43,#,0.131
1310810011,2002,1310810,13,030,01,#,5.95,#,0.129
1310810013,2002,1310810,13,030,01,#,6.9,#,0.168
1310810015,2002,1310810,13,030,01,#,7.1,#,0.166
1310810017,2002,1310810,13,030,01,#,7.46,#,0.174
1310810019,2002,1310810,13,030,01,#,6.14,#,0.148
1310810021,2002,1310810,13,030,01,#,8.19,#,0.199
1310810023,2002,1310810,13,030,01,#,10.1,#,0.189
1310810025,2002,1310810,13,030,01,#,5.21,#,0.199
1310810027,2002,1310810,13,030,01,#,4.72,#,0.166
1310810029,2002,1310810,13,030,01,#,5.5,#,0.23
1310810031,2002,1310810,13,030,01,#,5.07,#,0.385
1310810033,2002,1310810,13,030,01,#,7.61,#,0.089
1310810035,2002,1310810,13,030,01,#,6.03,#,0.1
1310810037,2002,1310810,13,030,01,#,6.37,#,0.092
1310810039,2002,1310810,13,030,01,#,6.17,#,0.084
1310810041,2002,1310810,13,030,01,#,7.07,#,0.069
1310810043,2002,1310810,13,030,01,#,6,#,0.101
1310810045,2002,1310810,13,030,01,#,6,#,0.133
1310810047,2002,1310810,13,030,01,#,6.4,#,0.076
1310810049,2002,1310810,13,030,01,#,6.47,#,0.104
1310810051,2002,1310810,13,030,01,#,6.26,#,0.113
1310810053,2002,1310810,13,030,01,#,6.74,#,0.102
1310810055,2002,1310810,13,030,01,#,6.87,#,0.078
1310810057,2002,1310810,13,030,01,#,9.31,#,0.081
1310810059,2002,1310810,13,030,01,#,8.26,#,0.084
1310810061,2002,1310810,13,030,01,#,8.12,#,0.098
1310810063,2002,1310810,13,030,01,#,8.12,#,0.082
1310810065,2002,1310810,13,030,01,#,8.96,#,0.263
1310810067,2002,1310810,13,030,01,#,8.33,#,0.22
1310810069,2002,1310810,13,030,01,#,8.12,#,0.158
1310810071,2002,1310810,13,030,01,#,7.92,#,0.126
1310810073,2002,1310810,13,030,01,#,8.53,#,0.086
1310810075,2002,1310810,13,030,01,#,8.12,#,0.074
1310810077,2002,1310810,13,030,01,#,9,#,0.108
1310810079,2002,1310810,13,030,01,#,8.33,#,0.085
1310810081,2002,1310810,13,030,01,#,9.88,#,0.121
1310810083,2002,1310810,13,030,01,#,9.29,#,0.123
1310810085,2002,1310810,13,030,01,#,9.88,#,0.149
1310810087,2002,1310810,13,030,01,#,9.09,#,0.119
1310810089,2002,1310810,13,030,01,#,7.6,#,0.095
1310810091,2002,1310810,13,030,01,#,7.73,#,0.094
1310810093,2002,1310810,13,030,01,#,7.53,#,0.097
1310810095,2002,1310810,13,030,01,#,7.73,#,0.088
1310820001,2002,1310820,13,030,51,#,2.35,#,0.097
1310820002,2002,1310820,13,030,51,#,2.3,#,0.083
1310820003,2002,1310820,13,030,51,#,2.06,#,0.113
1310820004,2002,1310820,13,030,51,#,1.93,#,0.098
1310820005,2002,1310820,13,030,51,#,1.48,#,0.095
1310820006,2002,1310820,13,030,51,#,3.54,#,0.082
1310820007,2002,1310820,13,030,51,#,6.25,#,0.046
1310820008,2002,1310820,13,030,51,#,7.92,#,0.028
1310820009,2002,1310820,13,030,51,#,6.65,#,0.039
1310820010,2002,1310820,13,030,51,#,5.62,#,0.03
1310820011,2002,1310820,13,030,51,#,5.19,#,0.055
1310820012,2002,1310820,13,030,51,#,4.66,#,0.064
1310830001,2002,1310830,13,031,01,#,5.58,#,0.474
1310830004,2002,1310830,13,031,01,#,4.8,#,0.371
1310830007,2002,1310830,13,031,01,#,4.45,#,0.263
1310830010,2002,1310830,13,031,01,#,3.94,#,0.302
1310830013,2002,1310830,13,031,01,#,3.7,#,0.435
1310830027,2002,1310830,13,031,01,#,5.25,#,0.255
1310830030,2002,1310830,13,031,01,#,4.95,#,0.148
1310830033,2002,1310830,13,031,01,#,6.68,#,0.328
1310830036,2002,1310830,13,031,01,#,5.21,#,0.262
1310830039,2002,1310830,13,031,01,#,6.65,#,0.457
1310830042,2002,1310830,13,031,01,#,6.12,#,0.39
1310830056,2002,1310830,13,031,01,#,5.85,#,0.312
1310850001,2002,1310850,13,032,01,#,1.25,#,0.028
1310850003,2002,1310850,13,032,01,#,1.58,#,0.039
1310850005,2002,1310850,13,032,01,#,1.58,#,0.035
1310850007,2002,1310850,13,032,01,#,1.5,#,0.03
1310850009,2002,1310850,13,032,01,#,1.75,#,0.035
1310850011,2002,1310850,13,032,01,#,1.64,#,0.025
1310850013,2002,1310850,13,032,01,#,1.49,#,0.023
1310850015,2002,1310850,13,032,01,#,1.23,#,0.015
1310850017,2002,1310850,13,032,01,#,1.63,#,0.019
1310850019,2002,1310850,13,032,01,#,1.58,#,0.019
1310850021,2002,1310850,13,032,01,#,1.64,#,0.023
1310850023,2002,1310850,13,032,01,#,1.92,#,0.038
1310860001,2002,1310860,13,032,02,#,2,#,0.062
1310860003,2002,1310860,13,032,02,#,2.23,#,0.076
1310860005,2002,1310860,13,032,02,#,2.09,#,0.062
1310860007,2002,1310860,13,032,02,#,1.96,#,0.06
1310860009,2002,1310860,13,032,02,#,2.09,#,0.064
1310860011,2002,1310860,13,032,02,#,1.93,#,0.036
1310860013,2002,1310860,13,032,02,#,1.87,#,0.038
1310860015,2002,1310860,13,032,02,#,1.71,#,0.038
1310860017,2002,1310860,13,032,02,#,1.96,#,0.048
1310860019,2002,1310860,13,032,02,#,1.99,#,0.036
1310860021,2002,1310860,13,032,02,#,2.32,#,0.045
1310860023,2002,1310860,13,032,02,#,2.4,#,0.038
1310870001,2002,1310870,13,034,01,#,11.9,#,0.441
1310870004,2002,1310870,13,034,01,#,12.8,#,1.05
1310870007,2002,1310870,13,034,01,#,15.1,#,0.672
1310870010,2002,1310870,13,034,01,#,13.3,#,1.03
1310870013,2002,1310870,13,034,01,#,9.66,#,0.176
1310870016,2002,1310870,13,034,01,#,8.06,#,0.18
1310870019,2002,1310870,13,034,01,#,10.8,#,0.176
1310870022,2002,1310870,13,034,01,#,12.6,#,0.246
1310870025,2002,1310870,13,034,01,#,12.1,#,0.409
1310870028,2002,1310870,13,034,01,#,13.8,#,0.329
1310870031,2002,1310870,13,034,01,#,12.6,#,0.358
1310870034,2002,1310870,13,034,01,#,11.9,#,0.33
1310880001,2002,1310880,13,035,01,#,6.99,#,0.071
1310880004,2002,1310880,13,035,01,#,7.62,#,0.155
1310880007,2002,1310880,13,035,01,#,7.21,#,0.081
1310880010,2002,1310880,13,035,01,#,6.9,#,0.055
1310880013,2002,1310880,13,035,01,#,6.89,#,0.057
1310880016,2002,1310880,13,035,01,#,7.52,#,0.048
1310880019,2002,1310880,13,035,01,#,8.52,#,0.048
1310880022,2002,1310880,13,035,01,#,7.6,#,0.041
1310880025,2002,1310880,13,035,01,#,7.2,#,0.053
1310880028,2002,1310880,13,035,01,#,7.37,#,0.075
1310880031,2002,1310880,13,035,01,#,7.14,#,0.05
1310880034,2002,1310880,13,035,01,#,7.55,#,0.049
1310940001,2002,1310940,13,036,01,#,4.32,#,0.206
1310940004,2002,1310940,13,036,01,#,3.77,#,0.229
1310940007,2002,1310940,13,036,01,#,4.7,#,0.215
1310940010,2002,1310940,13,036,01,#,3.02,#,0.122
1310940013,2002,1310940,13,036,01,#,3.4,#,0.227
1310940016,2002,1310940,13,036,01,#,3.03,#,0.156
1310940019,2002,1310940,13,036,01,#,4.45,#,0.113
1310940022,2002,1310940,13,036,01,#,4.89,#,0.154
1310940025,2002,1310940,13,036,01,#,7,#,0.204
1310940028,2002,1310940,13,036,01,#,4.05,#,0.186
1310940031,2002,1310940,13,036,01,#,4,#,0.174
1310940034,2002,1310940,13,036,01,#,4.38,#,0.133
1310950001,2002,1310950,13,037,01,#,12.1,#,0.243
1310950004,2002,1310950,13,037,01,#,11.5,#,0.26
1310950007,2002,1310950,13,037,01,#,12.6,#,0.219
1310950010,2002,1310950,13,037,01,#,7.91,#,0.218
1310950013,2002,1310950,13,037,01,#,9.25,#,0.071
1310950016,2002,1310950,13,037,01,#,9.69,#,0.096
1310950019,2002,1310950,13,037,01,#,9.48,#,0.124
1310950022,2002,1310950,13,037,01,#,11,#,0.137
1310950025,2002,1310950,13,037,01,#,9.28,#,0.216
1310950028,2002,1310950,13,037,01,#,11,#,0.094
1310950031,2002,1310950,13,037,01,#,11.8,#,0.163
1310950034,2002,1310950,13,037,01,#,11.2,#,0.116
1310960001,2002,1310960,13,038,01,#,1.04,#,0.074
1310960004,2002,1310960,13,038,01,#,1.73,#,0.149
1310960007,2002,1310960,13,038,01,#,2.16,#,0.337
1310960010,2002,1310960,13,038,01,#,2.13,#,0.116
1310960013,2002,1310960,13,038,01,#,3.6,#,0.11
1310960016,2002,1310960,13,038,01,#,3.44,#,0.114
1310960019,2002,1310960,13,038,01,#,3.67,#,0.052
1310960022,2002,1310960,13,038,01,#,4.99,#,0.093
1310960025,2002,1310960,13,038,01,#,5.3,#,0.054
1310960028,2002,1310960,13,038,01,#,2.13,#,0.102
1310960031,2002,1310960,13,038,01,#,2.77,#,0.102
1310960034,2002,1310960,13,038,01,#,3.39,#,0.083
1310970002,2002,1310970,13,039,51,#,3.57,#,0.312
1310970006,2002,1310970,13,039,51,#,2.79,#,0.32
1310970009,2002,1310970,13,039,51,#,3.94,#,0.215
1310970013,2002,1310970,13,039,51,#,2.82,#,0.203
1310970016,2002,1310970,13,039,51,#,2.37,#,0.192
1310970019,2002,1310970,13,039,51,#,2.44,#,0.203
1310970022,2002,1310970,13,039,51,#,3.47,#,0.254
1310970025,2002,1310970,13,039,51,#,7.2,#,0.402
1310970028,2002,1310970,13,039,51,#,5.79,#,0.354
1310970031,2002,1310970,13,039,51,#,7.01,#,0.416
1310970034,2002,1310970,13,039,51,#,5.66,#,0.415
1310970037,2002,1310970,13,039,51,#,5.29,#,0.353
1310980001,2002,1310980,13,043,01,#,2.66,#,0.066
1310980004,2002,1310980,13,043,01,#,2.31,#,0.095
1310980007,2002,1310980,13,043,01,#,2.25,#,0.078
1310980010,2002,1310980,13,043,01,#,2.88,#,0.085
1310980013,2002,1310980,13,043,01,#,2.38,#,0.086
1310980016,2002,1310980,13,043,01,#,2.8,#,0.068
1310980019,2002,1310980,13,043,01,#,3.42,#,0.074
1310980022,2002,1310980,13,043,01,#,3.03,#,0.057
1310980025,2002,1310980,13,043,01,#,3.88,#,0.079
1310980028,2002,1310980,13,043,01,#,4.95,#,0.121
1310980031,2002,1310980,13,043,01,#,4.51,#,0.106
1310980034,2002,1310980,13,043,01,#,3.57,#,0.122
1310990001,2002,1310990,13,202,01,#,8.68,#,0.422
1310990004,2002,1310990,13,202,01,#,3.41,#,0.447
1310990007,2002,1310990,13,202,01,#,2.9,#,0.381
1310990010,2002,1310990,13,202,01,#,3.81,#,0.43
1310990013,2002,1310990,13,202,01,#,2.57,#,0.16
1310990016,2002,1310990,13,202,01,#,2.89,#,0.095
1310990019,2002,1310990,13,202,01,#,3.93,#,0.155
1310990022,2002,1310990,13,202,01,#,5.48,#,0.181
1310990025,2002,1310990,13,202,01,#,6.45,#,0.229
1310990028,2002,1310990,13,202,01,#,7.06,#,0.232
1310990032,2002,1310990,13,202,01,#,8.09,#,0.312
1310990034,2002,1310990,13,202,01,#,6.5,#,0.26
1311000001,2002,1311000,13,044,01,#,5.97,#,0.173
1311000004,2002,1311000,13,044,01,#,2.73,#,0.121
1311000007,2002,1311000,13,044,01,#,2.79,#,0.102
1311000010,2002,1311000,13,044,01,#,3.37,#,0.128
1311000013,2002,1311000,13,044,01,#,2.56,#,0.117
1311000016,2002,1311000,13,044,01,#,2.76,#,0.082
1311000019,2002,1311000,13,044,01,#,3.68,#,0.069
1311000022,2002,1311000,13,044,01,#,3.22,#,0.054
1311000025,2002,1311000,13,044,01,#,4.16,#,0.096
1311000028,2002,1311000,13,044,01,#,6.6,#,0.134
1311000031,2002,1311000,13,044,01,#,4.85,#,0.144
1311000034,2002,1311000,13,044,01,#,4.74,#,0.194
1311010001,2002,1311010,13,044,51,#,2.67,#,0.083
1311010004,2002,1311010,13,044,51,#,3.01,#,0.245
1311010007,2002,1311010,13,044,51,#,2.9,#,0.235
1311010010,2002,1311010,13,044,51,#,3.47,#,0.181
1311010013,2002,1311010,13,044,51,#,2.38,#,0.142
1311010016,2002,1311010,13,044,51,#,2.72,#,0.104
1311010019,2002,1311010,13,044,51,#,3.66,#,0.08
1311010022,2002,1311010,13,044,51,#,3.25,#,0.121
1311010025,2002,1311010,13,044,51,#,3.99,#,0.132
1311010028,2002,1311010,13,044,51,#,5.86,#,0.098
1311010031,2002,1311010,13,044,51,#,4.44,#,0.148
1311010034,2002,1311010,13,044,51,#,3.22,#,0.112
1311020001,2002,1311020,13,204,01,#,6.34,#,0.161
1311020002,2002,1311020,13,204,01,#,2.64,#,0.101
1311020003,2002,1311020,13,204,01,#,1.83,#,0.062
1311020004,2002,1311020,13,204,01,#,2.35,#,0.068
1311020005,2002,1311020,13,204,01,#,2.64,#,0.109
1311020006,2002,1311020,13,204,01,#,2.84,#,0.085
1311020007,2002,1311020,13,204,01,#,3.97,#,0.124
1311020008,2002,1311020,13,204,01,#,4.36,#,0.132
1311020009,2002,1311020,13,204,01,#,5.49,#,0.201
1311020010,2002,1311020,13,204,01,#,6.5,#,0.188
1311020011,2002,1311020,13,204,01,#,7.03,#,0.32
1311020012,2002,1311020,13,204,01,#,6.55,#,0.239
1311030001,2002,1311030,13,049,01,#,5.01,#,0.212
1311030004,2002,1311030,13,049,01,#,4.94,#,0.246
1311030007,2002,1311030,13,049,01,#,4.81,#,0.278
1311030010,2002,1311030,13,049,01,#,5.11,#,0.254
1311030013,2002,1311030,13,049,01,#,4.32,#,0.271
1311030016,2002,1311030,13,049,01,#,3.76,#,0.294
1311030019,2002,1311030,13,049,01,#,4.63,#,0.201
1311030022,2002,1311030,13,049,01,#,3.93,#,0.182
1311030025,2002,1311030,13,049,01,#,3.71,#,0.144
1311030028,2002,1311030,13,049,01,#,4.61,#,0.155
1311030031,2002,1311030,13,049,01,#,4.16,#,0.176
1311030034,2002,1311030,13,049,01,#,4.72,#,0.232
1311050001,2002,1311050,13,050,01,#,5.54,#,0.245
1311050004,2002,1311050,13,050,01,#,4.75,#,0.224
1311050007,2002,1311050,13,050,01,#,4.66,#,0.253
1311050010,2002,1311050,13,050,01,#,5.62,#,0.232
1311050013,2002,1311050,13,050,01,#,4.74,#,0.252
1311050016,2002,1311050,13,050,01,#,4.74,#,0.24
1311050019,2002,1311050,13,050,01,#,4.98,#,0.171
1311050022,2002,1311050,13,050,01,#,4.79,#,0.166
1311050025,2002,1311050,13,050,01,#,4.39,#,0.17
1311050028,2002,1311050,13,050,01,#,5.35,#,0.201
1311050031,2002,1311050,13,050,01,#,5.66,#,0.22
1311050034,2002,1311050,13,050,01,#,3.61,#,0.192
1311100001,2002,1311100,13,059,01,#,4.59,#,0.047
1311100004,2002,1311100,13,059,01,#,4.6,#,0.061
1311100007,2002,1311100,13,059,01,#,4.22,#,0.042
1311100010,2002,1311100,13,059,01,#,4,#,0.039
1311100013,2002,1311100,13,059,01,#,4.98,#,0.048
1311100016,2002,1311100,13,059,01,#,4.38,#,0.025
1311100019,2002,1311100,13,059,01,#,5.35,#,0.041
1311100022,2002,1311100,13,059,01,#,5.81,#,0.036
1311100025,2002,1311100,13,059,01,#,5.55,#,0.057
1311100028,2002,1311100,13,059,01,#,4.8,#,0.043
1311100031,2002,1311100,13,059,01,#,5.41,#,0.031
1311100034,2002,1311100,13,059,01,#,4.62,#,0.054
1311110001,2002,1311110,13,041,01,#,2.42,#,0.034
1311110004,2002,1311110,13,041,01,#,2.72,#,0.023
1311110007,2002,1311110,13,041,01,#,14.9,#,0.025
1311110010,2002,1311110,13,041,01,#,3.06,#,0.022
1311110013,2002,1311110,13,041,01,#,4.9,#,0.02
1311110016,2002,1311110,13,041,01,#,4.42,#,0.02
1311110019,2002,1311110,13,041,01,#,4.57,#,0.019
1311110022,2002,1311110,13,041,01,#,4.53,#,0.021
1311110025,2002,1311110,13,041,01,#,6.35,#,0.025
1311110028,2002,1311110,13,041,01,#,3.46,#,0.018
1311110031,2002,1311110,13,041,01,#,3.21,#,0.022
1311110034,2002,1311110,13,041,01,#,3.67,#,0.015
1311130001,2002,1311130,13,215,01,#,7.05,#,0.085
1311130004,2002,1311130,13,215,01,#,7.71,#,0.106
1311130007,2002,1311130,13,215,01,#,7.91,#,0.072
1311130010,2002,1311130,13,215,01,#,7.09,#,0.069
1311130013,2002,1311130,13,215,01,#,7.8,#,0.032
1311130016,2002,1311130,13,215,01,#,7.98,#,0.042
1311130019,2002,1311130,13,215,01,#,8.45,#,0.036
1311130022,2002,1311130,13,215,01,#,8.68,#,0.038
1311130025,2002,1311130,13,215,01,#,8.21,#,0.043
1311130028,2002,1311130,13,215,01,#,8.03,#,0.037
1311130031,2002,1311130,13,215,01,#,7.54,#,0.069
1311130034,2002,1311130,13,215,01,#,7.74,#,0.049
1311140001,2002,1311140,13,005,54,#,6.66,#,0.586
1311140004,2002,1311140,13,005,54,#,3.54,#,0.212
1311140007,2002,1311140,13,005,54,#,3.08,#,0.213
1311140010,2002,1311140,13,005,54,#,3.08,#,0.169
1311140013,2002,1311140,13,005,54,#,3.06,#,0.177
1311140016,2002,1311140,13,005,54,#,3.48,#,0.09
1311140019,2002,1311140,13,005,54,#,3.86,#,0.22
1311140023,2002,1311140,13,005,54,#,4.7,#,0.168
1311140025,2002,1311140,13,005,54,#,5.27,#,0.219
1311140028,2002,1311140,13,005,54,#,6.66,#,0.306
1311140032,2002,1311140,13,005,54,#,6.5,#,0.358
1311140034,2002,1311140,13,005,54,#,5.72,#,0.314
1311160001,2002,1311160,13,042,01,#,2.16,#,0.114
1311160004,2002,1311160,13,042,01,#,2.54,#,0.134
1311160007,2002,1311160,13,042,01,#,1.78,#,0.136
1311160010,2002,1311160,13,042,01,#,2.08,#,0.117
1311160013,2002,1311160,13,042,01,#,2.13,#,0.116
1311160016,2002,1311160,13,042,01,#,2.14,#,0.056
1311160019,2002,1311160,13,042,01,#,2.14,#,0.096
1311160022,2002,1311160,13,042,01,#,2.09,#,0.072
1311160025,2002,1311160,13,042,01,#,2.24,#,0.049
1311160028,2002,1311160,13,042,01,#,2.08,#,0.038
1311160031,2002,1311160,13,042,01,#,2.32,#,0.065
1311160034,2002,1311160,13,042,01,#,2.48,#,0.05
1311170001,2002,1311170,13,056,01,#,0.76,#,0.018
1311170003,2002,1311170,13,056,01,#,2.87,#,0.019
1311170005,2002,1311170,13,056,01,#,0.81,#,0.018
1311170007,2002,1311170,13,056,01,#,0.85,#,0.019
1311170009,2002,1311170,13,056,01,#,0.87,#,0.023
1311170011,2002,1311170,13,056,01,#,0.84,#,0.019
1311170013,2002,1311170,13,056,01,#,0.89,#,0.017
1311170015,2002,1311170,13,056,01,#,0.75,#,0.015
1311170017,2002,1311170,13,056,01,#,0.74,#,0.017
1311170019,2002,1311170,13,056,01,#,0.74,#,0.015
1311170021,2002,1311170,13,056,01,#,0.79,#,0.014
1311170023,2002,1311170,13,056,01,#,0.88,#,0.017
1311200001,2002,1311200,13,219,01,#,6.18,#,0.526
1311200004,2002,1311200,13,219,01,#,3.65,#,0.254
1311200007,2002,1311200,13,219,01,#,3.07,#,0.194
1311200010,2002,1311200,13,219,01,#,3.43,#,0.255
1311200013,2002,1311200,13,219,01,#,2.8,#,0.153
1311200016,2002,1311200,13,219,01,#,3.94,#,0.123
1311200019,2002,1311200,13,219,01,#,4.07,#,0.216
1311200022,2002,1311200,13,219,01,#,4.39,#,0.177
1311200025,2002,1311200,13,219,01,#,5.1,#,0.234
1311200028,2002,1311200,13,219,01,#,6.48,#,0.356
1311200032,2002,1311200,13,219,01,#,6.44,#,0.308
1311200034,2002,1311200,13,219,01,#,5.73,#,0.262
1311210001,2002,1311210,13,054,01,#,7.62,#,0.348
1311210004,2002,1311210,13,054,01,#,9.55,#,0.572
1311210007,2002,1311210,13,054,01,#,5.39,#,0.249
1311210010,2002,1311210,13,054,01,#,6.32,#,0.186
1311210013,2002,1311210,13,054,01,#,7.94,#,0.318
1311210016,2002,1311210,13,054,01,#,5.55,#,0.132
1311210019,2002,1311210,13,054,01,#,5.65,#,0.084
1311210022,2002,1311210,13,054,01,#,6.03,#,0.117
1311210025,2002,1311210,13,054,01,#,4.95,#,0.283
1311210028,2002,1311210,13,054,01,#,5.23,#,0.287
1311210031,2002,1311210,13,054,01,#,5.03,#,0.223
1311210034,2002,1311210,13,054,01,#,4.53,#,0.134
1311220001,2002,1311220,13,055,01,#,6.85,#,0.248
1311220004,2002,1311220,13,055,01,#,6.75,#,0.337
1311220007,2002,1311220,13,055,01,#,5.79,#,0.226
1311220010,2002,1311220,13,055,01,#,5.11,#,0.24
1311220013,2002,1311220,13,055,01,#,6.1,#,0.318
1311220016,2002,1311220,13,055,01,#,3.95,#,0.214
1311220019,2002,1311220,13,055,01,#,4.36,#,0.099
1311220022,2002,1311220,13,055,01,#,5.51,#,0.187
1311220025,2002,1311220,13,055,01,#,5.06,#,0.335
1311220028,2002,1311220,13,055,01,#,5.6,#,0.34
1311220031,2002,1311220,13,055,01,#,4.69,#,0.216
1311220034,2002,1311220,13,055,01,#,4.4,#,0.146
1311230001,2002,1311230,13,029,51,#,3.03,#,0.052
1311230002,2002,1311230,13,029,51,#,8.35,#,0.17
1311230003,2002,1311230,13,029,51,#,1.68,#,0.098
1311230004,2002,1311230,13,029,51,#,3.18,#,0.094
1311230005,2002,1311230,13,029,51,#,2.9,#,0.135
1311230006,2002,1311230,13,029,51,#,0.73,#,0.065
1311230007,2002,1311230,13,029,51,#,1.75,#,0.029
1311230008,2002,1311230,13,029,51,#,2.5,#,0.095
1311230009,2002,1311230,13,029,51,#,2.42,#,0.185
1311230010,2002,1311230,13,029,51,#,2.66,#,0.069
1311230011,2002,1311230,13,029,51,#,2.25,#,0.042
1311230012,2002,1311230,13,029,51,#,2,#,0.23
1311250001,2002,1311250,13,014,54,#,0.7,#,0.015
1311250004,2002,1311250,13,014,54,#,0.8,#,0.02
1311250007,2002,1311250,13,014,54,#,0.8,#,0.015
1311250010,2002,1311250,13,014,54,#,1.18,#,0.023
1311250013,2002,1311250,13,014,54,#,0.8,#,0.015
1311250016,2002,1311250,13,014,54,#,1.51,#,0.018
1311250019,2002,1311250,13,014,54,#,1.14,#,0.02
1311250022,2002,1311250,13,014,54,#,0.73,#,0.009
1311250025,2002,1311250,13,014,54,#,0.75,#,0.011
1311250028,2002,1311250,13,014,54,#,0.94,#,0.027
1311250031,2002,1311250,13,014,54,#,0.81,#,0.027
1311250034,2002,1311250,13,014,54,#,1.01,#,0.015
1311260001,2002,1311260,13,222,01,#,9.87,#,0.513
1311260004,2002,1311260,13,222,01,#,8.86,#,0.062
1311260007,2002,1311260,13,222,01,#,9.56,#,0.138
1311260010,2002,1311260,13,222,01,#,7.92,#,0.018
1311260013,2002,1311260,13,222,01,#,6.97,#,0.057
1311260016,2002,1311260,13,222,01,#,7.28,#,0.311
1311260019,2002,1311260,13,222,01,#,8.19,#,0.366
1311260022,2002,1311260,13,222,01,#,9.06,#,0.14
1311260025,2002,1311260,13,222,01,#,9.09,#,0.043
1311260028,2002,1311260,13,222,01,#,9.62,#,0.64
1311260031,2002,1311260,13,222,01,#,10,#,0.252
1311260034,2002,1311260,13,222,01,#,10.2,#,0.861
1311270001,2002,1311270,13,047,01,#,5.1,#,0.531
1311270004,2002,1311270,13,047,01,#,7.57,#,0.608
1311270007,2002,1311270,13,047,01,#,6.29,#,0.746
1311270010,2002,1311270,13,047,01,#,6.78,#,0.676
1311270013,2002,1311270,13,047,01,#,5.91,#,0.551
1311270016,2002,1311270,13,047,01,#,5.86,#,0.389
1311270019,2002,1311270,13,047,01,#,6.69,#,0.289
1311270022,2002,1311270,13,047,01,#,6.95,#,0.311
1311270025,2002,1311270,13,047,01,#,6.88,#,0.311
1311270028,2002,1311270,13,047,01,#,7.88,#,0.498
1311270031,2002,1311270,13,047,01,#,7.19,#,0.48
1311270034,2002,1311270,13,047,01,#,7.06,#,0.624
1311280001,2002,1311280,13,040,01,#,5.92,#,0.261
1311280004,2002,1311280,13,040,01,#,5.46,#,0.269
1311280007,2002,1311280,13,040,01,#,5.31,#,0.317
1311280010,2002,1311280,13,040,01,#,6.02,#,0.288
1311280013,2002,1311280,13,040,01,#,4.19,#,0.312
1311280016,2002,1311280,13,040,01,#,3.86,#,0.29
1311280019,2002,1311280,13,040,01,#,5.09,#,0.191
1311280022,2002,1311280,13,040,01,#,4.27,#,0.179
1311280025,2002,1311280,13,040,01,#,4.79,#,0.185
1311280028,2002,1311280,13,040,01,#,4.5,#,0.122
1311280031,2002,1311280,13,040,01,#,4.53,#,0.168
1311280034,2002,1311280,13,040,01,#,4.55,#,0.259
1311290001,2002,1311290,13,045,01,#,4.87,#,0.244
1311290004,2002,1311290,13,045,01,#,4.24,#,0.21
1311290007,2002,1311290,13,045,01,#,4.8,#,0.251
1311290010,2002,1311290,13,045,01,#,5.53,#,0.223
1311290013,2002,1311290,13,045,01,#,4.83,#,0.243
1311290016,2002,1311290,13,045,01,#,5.11,#,0.231
1311290019,2002,1311290,13,045,01,#,5.04,#,0.17
1311290022,2002,1311290,13,045,01,#,4.85,#,0.162
1311290025,2002,1311290,13,045,01,#,5.43,#,0.198
1311290028,2002,1311290,13,045,01,#,6.62,#,0.208
1311290031,2002,1311290,13,045,01,#,6.8,#,0.252
1311290034,2002,1311290,13,045,01,#,4.18,#,0.201
1311300001,2002,1311300,13,048,01,#,6.98,#,0.277
1311300004,2002,1311300,13,048,01,#,6.14,#,0.299
1311300007,2002,1311300,13,048,01,#,6.3,#,0.305
1311300010,2002,1311300,13,048,01,#,4.82,#,0.262
1311300013,2002,1311300,13,048,01,#,5.09,#,0.373
1311300016,2002,1311300,13,048,01,#,5.27,#,0.223
1311300019,2002,1311300,13,048,01,#,5.19,#,0.198
1311300022,2002,1311300,13,048,01,#,3.8,#,0.186
1311300025,2002,1311300,13,048,01,#,5.86,#,0.189
1311300028,2002,1311300,13,048,01,#,4.43,#,0.159
1311300031,2002,1311300,13,048,01,#,6.34,#,0.227
1311300034,2002,1311300,13,048,01,#,5.72,#,0.313
1311310001,2002,1311310,13,046,01,#,4.49,#,0.271
1311310004,2002,1311310,13,046,01,#,5,#,0.255
1311310007,2002,1311310,13,046,01,#,5.68,#,0.26
1311310010,2002,1311310,13,046,01,#,6.44,#,0.246
1311310013,2002,1311310,13,046,01,#,5.35,#,0.227
1311310016,2002,1311310,13,046,01,#,4.69,#,0.228
1311310019,2002,1311310,13,046,01,#,5.35,#,0.174
1311310022,2002,1311310,13,046,01,#,6.05,#,0.187
1311310025,2002,1311310,13,046,01,#,6.7,#,0.234
1311310028,2002,1311310,13,046,01,#,6.76,#,0.23
1311310031,2002,1311310,13,046,01,#,7.13,#,0.259
1311310034,2002,1311310,13,046,01,#,5.12,#,0.278
1311320001,2002,1311320,13,057,01,#,1.13,#,0.022
1311320003,2002,1311320,13,057,01,#,1.15,#,0.023
1311320005,2002,1311320,13,057,01,#,1.14,#,0.021
1311320007,2002,1311320,13,057,01,#,1.22,#,0.019
1311320009,2002,1311320,13,057,01,#,1.11,#,0.02
1311320011,2002,1311320,13,057,01,#,1.08,#,0.02
1311320013,2002,1311320,13,057,01,#,1.18,#,0.014
1311320015,2002,1311320,13,057,01,#,1.1,#,0.013
1311320017,2002,1311320,13,057,01,#,0.99,#,0.017
1311320019,2002,1311320,13,057,01,#,1.06,#,0.015
1311320021,2002,1311320,13,057,01,#,1.13,#,0.014
1311320023,2002,1311320,13,057,01,#,1.25,#,0.016
1311330001,2002,1311330,13,058,01,#,1.13,#,0.02
1311330003,2002,1311330,13,058,01,#,1.27,#,0.021
1311330005,2002,1311330,13,058,01,#,1.24,#,0.021
1311330007,2002,1311330,13,058,01,#,1.34,#,0.023
1311330009,2002,1311330,13,058,01,#,1.21,#,0.021
1311330011,2002,1311330,13,058,01,#,1.32,#,0.022
1311330013,2002,1311330,13,058,01,#,1.34,#,0.023
1311330015,2002,1311330,13,058,01,#,1.34,#,0.015
1311330017,2002,1311330,13,058,01,#,1.15,#,0.015
1311330019,2002,1311330,13,058,01,#,1.17,#,0.02
1311330021,2002,1311330,13,058,01,#,1.2,#,0.016
1311330023,2002,1311330,13,058,01,#,1.38,#,0.017
1311340001,2002,1311340,13,053,01,#,6.07,#,0.41
1311340004,2002,1311340,13,053,01,#,5.75,#,0.128
1311340007,2002,1311340,13,053,01,#,6.56,#,0.34
1311340010,2002,1311340,13,053,01,#,6.56,#,0.189
1311340013,2002,1311340,13,053,01,#,8.2,#,0.555
1311340016,2002,1311340,13,053,01,#,4.63,#,0.309
1311340019,2002,1311340,13,053,01,#,5.62,#,0.242
1311340022,2002,1311340,13,053,01,#,5.77,#,0.282
1311340025,2002,1311340,13,053,01,#,6.39,#,0.386
1311340028,2002,1311340,13,053,01,#,6.21,#,0.487
1311340031,2002,1311340,13,053,01,#,5.8,#,0.347
1311340034,2002,1311340,13,053,01,#,5.57,#,0.285
1311350001,2002,1311350,13,051,01,#,3.3,#,0.039
1311350003,2002,1311350,13,051,01,#,2.65,#,0.043
1311350005,2002,1311350,13,051,01,#,2.65,#,0.047
1311350007,2002,1311350,13,051,01,#,2.12,#,0.21
1311350009,2002,1311350,13,051,01,#,4.12,#,0.23
1311350011,2002,1311350,13,051,01,#,1.15,#,0.053
1311350013,2002,1311350,13,051,01,#,1.61,#,0.011
1311350015,2002,1311350,13,051,01,#,1.91,#,0.017
1311350017,2002,1311350,13,051,01,#,1.85,#,0.079
1311350019,2002,1311350,13,051,01,#,2.01,#,0.079
1311350021,2002,1311350,13,051,01,#,1.8,#,0.03
1311350023,2002,1311350,13,051,01,#,1.8,#,0.053
1311360001,2002,1311360,13,052,01,#,4.05,#,0.454
1311360003,2002,1311360,13,052,01,#,4.29,#,0.445
1311360005,2002,1311360,13,052,01,#,4.42,#,0.466
1311360007,2002,1311360,13,052,01,#,3.23,#,0.311
1311360009,2002,1311360,13,052,01,#,3.74,#,0.385
1311360011,2002,1311360,13,052,01,#,3.28,#,0.339
1311360013,2002,1311360,13,052,01,#,4.07,#,0.389
1311360014,2002,1311360,13,052,01,#,3.9,#,0.358
1311360015,2002,1311360,13,052,01,#,4.24,#,0.449
1311360016,2002,1311360,13,052,01,#,4.52,#,0.504
1311360017,2002,1311360,13,052,01,#,5.6,#,0.721
1311360018,2002,1311360,13,052,01,#,4.56,#,0.411
1320010001,2002,1320010,13,501,51,#,0.37,#,0.011
1320010002,2002,1320010,13,501,51,#,0.57,#,0.014
1320010003,2002,1320010,13,501,51,#,0.51,#,0.01
1320010004,2002,1320010,13,501,51,#,0.61,#,0.009
1320010005,2002,1320010,13,501,51,#,0.59,#,0.007
1320010006,2002,1320010,13,501,51,#,0.63,#,0.007
1320010007,2002,1320010,13,501,51,#,0.45,#,0.005
1320010008,2002,1320010,13,501,51,#,0.54,#,0.007
1320010009,2002,1320010,13,501,51,#,0.74,#,0.022
1320010010,2002,1320010,13,501,51,#,0.6,#,0.01
1320010011,2002,1320010,13,501,51,#,0.54,#,0.011
1320010012,2002,1320010,13,501,51,#,0.54,#,0.008
1320010013,2002,1320010,13,501,51,#,0.51,#,0.008
1320010014,2002,1320010,13,501,51,#,0.62,#,0.007
1320010015,2002,1320010,13,501,51,#,0.53,#,0.006
1320010016,2002,1320010,13,501,51,#,0.66,#,0.012
1320010017,2002,1320010,13,501,51,#,0.53,#,0.007
1320010018,2002,1320010,13,501,51,#,0.6,#,0.011
1320010019,2002,1320010,13,501,51,#,0.52,#,0.018
1320010020,2002,1320010,13,501,51,#,0.54,#,0.021
1320010021,2002,1320010,13,501,51,#,0.49,#,0.006
1320010022,2002,1320010,13,501,51,#,0.54,#,0.013
1320010023,2002,1320010,13,501,51,#,0.54,#,0.009
1320010024,2002,1320010,13,501,51,#,0.61,#,0.015
1320020001,2002,1320020,13,501,01,#,0.51,#,0.009
1320020002,2002,1320020,13,501,01,#,0.53,#,0.006
1320020003,2002,1320020,13,501,01,#,0.56,#,0.011
1320020004,2002,1320020,13,501,01,#,0.47,#,0.008
1320020005,2002,1320020,13,501,01,#,0.58,#,0.009
1320020006,2002,1320020,13,501,01,#,0.59,#,0.01
1320020007,2002,1320020,13,501,01,#,0.57,#,0.006
1320020008,2002,1320020,13,501,01,#,0.56,#,0.005
1320020009,2002,1320020,13,501,01,#,0.56,#,0.009
1320020010,2002,1320020,13,501,01,#,0.44,#,0.004
1320020011,2002,1320020,13,501,01,#,0.55,#,0.003
1320020012,2002,1320020,13,501,01,#,0.58,#,0.007
1320020013,2002,1320020,13,501,01,#,0.48,#,0.007
1320020014,2002,1320020,13,501,01,#,0.61,#,0.004
1320020015,2002,1320020,13,501,01,#,0.63,#,0.007
1320020016,2002,1320020,13,501,01,#,0.54,#,0.006
1320020017,2002,1320020,13,501,01,#,0.5,#,0.004
1320020018,2002,1320020,13,501,01,#,0.57,#,0.007
1320020019,2002,1320020,13,501,01,#,0.57,#,0.006
1320020020,2002,1320020,13,501,01,#,0.55,#,0.003
1320020021,2002,1320020,13,501,01,#,0.55,#,0.005
1320020022,2002,1320020,13,501,01,#,0.6,#,0.006
1320020023,2002,1320020,13,501,01,#,0.57,#,0.004
1320020024,2002,1320020,13,501,01,#,0.59,#,0.006
1320020025,2002,1320020,13,501,01,#,0.52,#,0.005
1320020026,2002,1320020,13,501,01,#,0.54,#,0.007
1320020027,2002,1320020,13,501,01,#,0.52,#,0.007
1320020028,2002,1320020,13,501,01,#,0.49,#,0.013
1320020029,2002,1320020,13,501,01,#,0.57,#,0.006
1320020030,2002,1320020,13,501,01,#,0.56,#,0.007
1320020031,2002,1320020,13,501,01,#,0.51,#,0.006
1320020032,2002,1320020,13,501,01,#,0.52,#,0.012
1320020033,2002,1320020,13,501,01,#,0.51,#,0.015
1320020034,2002,1320020,13,501,01,#,0.55,#,0.007
1320020035,2002,1320020,13,501,01,#,0.53,#,0.011
1320020036,2002,1320020,13,501,01,#,0.61,#,0.019
1330010001,2002,1330010,13,601,01,#,1.89,#,0.108
1330010002,2002,1330010,13,601,01,#,0.96,#,0.055
1330010003,2002,1330010,13,601,01,#,2.51,#,0.178
1330010004,2002,1330010,13,601,01,#,1.33,#,0.111
1330010005,2002,1330010,13,601,01,#,3.29,#,0.269
1330010006,2002,1330010,13,601,01,#,1.09,#,0.13
1330010007,2002,1330010,13,601,01,#,3.01,#,0.249
1330010008,2002,1330010,13,601,01,#,0.69,#,0.14
1330010009,2002,1330010,13,601,01,#,2.79,#,0.303
1330010010,2002,1330010,13,601,01,#,1.06,#,0.239
1330010012,2002,1330010,13,601,01,#,3.39,#,0.212
1330010013,2002,1330010,13,601,01,#,1.15,#,0.143
1330010014,2002,1330010,13,601,01,#,2.84,#,0.165
1330010015,2002,1330010,13,601,01,#,0.64,#,0.07
1330010016,2002,1330010,13,601,01,#,2.06,#,0.111
1330010017,2002,1330010,13,601,01,#,1.26,#,0.083
1330010018,2002,1330010,13,601,01,#,2.18,#,0.099
1330010019,2002,1330010,13,601,01,#,1.07,#,0.063
1330010020,2002,1330010,13,601,01,#,1.93,#,0.087
1330010021,2002,1330010,13,601,01,#,0.91,#,0.053
1330010022,2002,1330010,13,601,01,#,2.06,#,0.101
1330010023,2002,1330010,13,601,01,#,1.17,#,0.057
1330010025,2002,1330010,13,601,01,#,1.26,#,0.074
1330010026,2002,1330010,13,601,01,#,0.93,#,0.051
1330020001,2002,1330020,13,601,02,#,1.85,#,0.111
1330020002,2002,1330020,13,601,02,#,0.97,#,0.067
1330020003,2002,1330020,13,601,02,#,2,#,0.148
1330020004,2002,1330020,13,601,02,#,1.02,#,0.169
1330020005,2002,1330020,13,601,02,#,3.02,#,0.39
1330020006,2002,1330020,13,601,02,#,1.05,#,0.148
1330020007,2002,1330020,13,601,02,#,2.91,#,0.288
1330020008,2002,1330020,13,601,02,#,0.75,#,0.143
1330020009,2002,1330020,13,601,02,#,1.89,#,0.205
1330020010,2002,1330020,13,601,02,#,0.83,#,0.21
1330020012,2002,1330020,13,601,02,#,2.33,#,0.141
1330020013,2002,1330020,13,601,02,#,1.02,#,0.141
1330020014,2002,1330020,13,601,02,#,2.05,#,0.139
1330020015,2002,1330020,13,601,02,#,0.55,#,0.087
1330020016,2002,1330020,13,601,02,#,1.47,#,0.112
1330020017,2002,1330020,13,601,02,#,1.11,#,0.088
1330020018,2002,1330020,13,601,02,#,1.48,#,0.079
1330020019,2002,1330020,13,601,02,#,0.9,#,0.054
1330020020,2002,1330020,13,601,02,#,1.39,#,0.077
1330020021,2002,1330020,13,601,02,#,0.96,#,0.053
1330020022,2002,1330020,13,601,02,#,1.64,#,0.09
1330020023,2002,1330020,13,601,02,#,1.17,#,0.051
1330020025,2002,1330020,13,601,02,#,1.23,#,0.073
1330020026,2002,1330020,13,601,02,#,0.91,#,0.061
1330030001,2002,1330030,13,601,03,#,1.63,#,0.099
1330030002,2002,1330030,13,601,03,#,0.96,#,0.053
1330030003,2002,1330030,13,601,03,#,2.28,#,0.166
1330030004,2002,1330030,13,601,03,#,0.87,#,0.11
1330030005,2002,1330030,13,601,03,#,3.49,#,0.349
1330030006,2002,1330030,13,601,03,#,0.76,#,0.113
1330030007,2002,1330030,13,601,03,#,3.47,#,0.317
1330030008,2002,1330030,13,601,03,#,0.51,#,0.109
1330030009,2002,1330030,13,601,03,#,3.06,#,0.319
1330030010,2002,1330030,13,601,03,#,0.56,#,0.192
1330030012,2002,1330030,13,601,03,#,2.67,#,0.161
1330030013,2002,1330030,13,601,03,#,0.84,#,0.161
1330030014,2002,1330030,13,601,03,#,2.26,#,0.15
1330030015,2002,1330030,13,601,03,#,0.43,#,0.054
1330030016,2002,1330030,13,601,03,#,2.02,#,0.116
1330030017,2002,1330030,13,601,03,#,0.93,#,0.066
1330030018,2002,1330030,13,601,03,#,1.94,#,0.103
1330030019,2002,1330030,13,601,03,#,0.77,#,0.052
1330030020,2002,1330030,13,601,03,#,1.8,#,0.079
1330030021,2002,1330030,13,601,03,#,0.71,#,0.046
1330030022,2002,1330030,13,601,03,#,1.95,#,0.097
1330030023,2002,1330030,13,601,03,#,1.01,#,0.054
1330030025,2002,1330030,13,601,03,#,1.16,#,0.072
1330030026,2002,1330030,13,601,03,#,0.75,#,0.049
1330040001,2002,1330040,13,601,04,#,1.38,#,0.071
1330040002,2002,1330040,13,601,04,#,1.41,#,0.073
1330040003,2002,1330040,13,601,04,#,2.13,#,0.144
1330040004,2002,1330040,13,601,04,#,1.62,#,0.099
1330040005,2002,1330040,13,601,04,#,3.71,#,0.523
1330040006,2002,1330040,13,601,04,#,1.75,#,0.132
1330040007,2002,1330040,13,601,04,#,3.41,#,0.285
1330040008,2002,1330040,13,601,04,#,1.34,#,0.176
1330040009,2002,1330040,13,601,04,#,2.1,#,0.192
1330040010,2002,1330040,13,601,04,#,1.72,#,0.244
1330040012,2002,1330040,13,601,04,#,2.78,#,0.23
1330040013,2002,1330040,13,601,04,#,1.46,#,0.133
1330040014,2002,1330040,13,601,04,#,5.2,#,0.358
1330040015,2002,1330040,13,601,04,#,1.87,#,0.13
1330040016,2002,1330040,13,601,04,#,2.57,#,0.147
1330040017,2002,1330040,13,601,04,#,1.88,#,0.114
1330040018,2002,1330040,13,601,04,#,4.14,#,0.205
1330040019,2002,1330040,13,601,04,#,1.67,#,0.089
1330040020,2002,1330040,13,601,04,#,8.05,#,0.515
1330040021,2002,1330040,13,601,04,#,1.47,#,0.084
1330040022,2002,1330040,13,601,04,#,8.08,#,0.419
1330040023,2002,1330040,13,601,04,#,2.59,#,0.129
1330040025,2002,1330040,13,601,04,#,1.3,#,0.086
1330040026,2002,1330040,13,601,04,#,1.3,#,0.095
1330050001,2002,1330050,13,601,51,#,4.48,#,0.204
1330050002,2002,1330050,13,601,51,#,2.68,#,0.226
1330050003,2002,1330050,13,601,51,#,2.55,#,0.149
1330050004,2002,1330050,13,601,51,#,1.22,#,0.073
1330060001,2002,1330060,13,601,52,#,4.57,#,0.309
1330060002,2002,1330060,13,601,52,#,0.93,#,0.169
1330060003,2002,1330060,13,601,52,#,2.78,#,0.105
1330060004,2002,1330060,13,601,52,#,0.96,#,0.054
1330070001,2002,1330070,13,601,53,#,3.34,#,0.407
1330070002,2002,1330070,13,601,53,#,1.12,#,0.192
1330070003,2002,1330070,13,601,53,#,1.68,#,0.113
1330070004,2002,1330070,13,601,53,#,1.18,#,0.071
1330080001,2002,1330080,13,601,54,#,3.73,#,0.204
1330080002,2002,1330080,13,601,54,#,1.99,#,0.225
1330080003,2002,1330080,13,601,54,#,1.72,#,0.083
1330080004,2002,1330080,13,601,54,#,1.07,#,0.069
1330090001,2002,1330090,13,601,55,#,2.31,#,0.217
1330090002,2002,1330090,13,601,55,#,0.69,#,0.194
1330090003,2002,1330090,13,601,55,#,1.51,#,0.091
1330090004,2002,1330090,13,601,55,#,0.94,#,0.051
1330110001,2002,1330110,13,601,57,#,3.78,#,0.229
1330110002,2002,1330110,13,601,57,#,2.55,#,0.197
1330110003,2002,1330110,13,601,57,#,2.54,#,0.135
1330110004,2002,1330110,13,601,57,#,1.51,#,0.107
1330120001,2002,1330120,13,601,58,#,3.08,#,0.354
1330120003,2002,1330120,13,601,58,#,6.11,#,0.659
1330130001,2002,1330130,13,601,59,#,7.66,#,0.822
1330130003,2002,1330130,13,601,59,#,6.11,#,0.691
1330130005,2002,1330130,13,601,59,#,7.13,#,1.19
1330130007,2002,1330130,13,601,59,#,6.08,#,0.921
1330130009,2002,1330130,13,601,59,#,6.3,#,0.83
1330130011,2002,1330130,13,601,59,#,6.37,#,0.717
1330130013,2002,1330130,13,601,59,#,5.41,#,0.715
1330130015,2002,1330130,13,601,59,#,7.94,#,0.649
1330130017,2002,1330130,13,601,59,#,8.62,#,0.896
1330130019,2002,1330130,13,601,59,#,8.49,#,1.01
1330130021,2002,1330130,13,601,59,#,7.65,#,0.749
1330130023,2002,1330130,13,601,59,#,9.88,#,1.08
1330150001,2002,1330150,13,601,61,#,6.15,#,0.729
1330150003,2002,1330150,13,601,61,#,5.71,#,0.624
1330150005,2002,1330150,13,601,61,#,6.57,#,1.08
1330150007,2002,1330150,13,601,61,#,3.45,#,0.382
1330150009,2002,1330150,13,601,61,#,4.67,#,0.581
1330150011,2002,1330150,13,601,61,#,5.2,#,0.619
1330150013,2002,1330150,13,601,61,#,5.14,#,0.644
1330150015,2002,1330150,13,601,61,#,4.24,#,0.287
1330150017,2002,1330150,13,601,61,#,5.29,#,0.55
1330150019,2002,1330150,13,601,61,#,5.03,#,0.506
1330150021,2002,1330150,13,601,61,#,3.17,#,0.267
1330150023,2002,1330150,13,601,61,#,6.73,#,0.84
1330170001,2002,1330170,13,601,63,#,3.77,#,0.204
1330170003,2002,1330170,13,601,63,#,4.1,#,0.206
1330180001,2002,1330180,13,601,64,#,4.29,#,0.39
1330180003,2002,1330180,13,601,64,#,3.08,#,0.205
1330180005,2002,1330180,13,601,64,#,5.44,#,0.41
1330180007,2002,1330180,13,601,64,#,2.81,#,0.225
1330180009,2002,1330180,13,601,64,#,3.83,#,0.427
1330180011,2002,1330180,13,601,64,#,3.41,#,0.246
1330180013,2002,1330180,13,601,64,#,3.3,#,0.195
1330180015,2002,1330180,13,601,64,#,3,#,0.139
1330180017,2002,1330180,13,601,64,#,3,#,0.187
1330180019,2002,1330180,13,601,64,#,3.57,#,0.189
1330180021,2002,1330180,13,601,64,#,2.35,#,0.158
1330180023,2002,1330180,13,601,64,#,4.8,#,0.503
1330190001,2002,1330190,13,601,65,#,3.1,#,0.255
1330190003,2002,1330190,13,601,65,#,3.01,#,0.183
1330210001,2002,1330210,13,601,67,#,3.49,#,0.18
1330210003,2002,1330210,13,601,67,#,2.95,#,0.152
1330220001,2002,1330220,13,601,68,#,6.66,#,0.257
1330220003,2002,1330220,13,601,68,#,2.88,#,0.146
1330230001,2002,1330230,13,601,69,#,3.04,#,0.163
1330230003,2002,1330230,13,601,69,#,2.63,#,0.154
1330230005,2002,1330230,13,601,69,#,6.23,#,0.409
1330230007,2002,1330230,13,601,69,#,4.6,#,0.197
1330230009,2002,1330230,13,601,69,#,3.34,#,0.178
1330230011,2002,1330230,13,601,69,#,2.95,#,0.184
1330230013,2002,1330230,13,601,69,#,3.12,#,0.153
1330230015,2002,1330230,13,601,69,#,2.33,#,0.093
1330230017,2002,1330230,13,601,69,#,2.57,#,0.123
1330230019,2002,1330230,13,601,69,#,3.72,#,0.164
1330230021,2002,1330230,13,601,69,#,2.04,#,0.122
1330230023,2002,1330230,13,601,69,#,3.71,#,0.181
1330240001,2002,1330240,13,601,70,#,4.51,#,0.407
1330240003,2002,1330240,13,601,70,#,3.25,#,0.257
1330240005,2002,1330240,13,601,70,#,4.96,#,0.547
1330240007,2002,1330240,13,601,70,#,3.51,#,0.276
1330240009,2002,1330240,13,601,70,#,3.84,#,0.444
1330240011,2002,1330240,13,601,70,#,3.41,#,0.34
1330240013,2002,1330240,13,601,70,#,3.29,#,0.261
1330240015,2002,1330240,13,601,70,#,3.15,#,0.178
1330240017,2002,1330240,13,601,70,#,2.93,#,0.227
1330240019,2002,1330240,13,601,70,#,2.39,#,0.118
1330240021,2002,1330240,13,601,70,#,1.81,#,0.123
1330240023,2002,1330240,13,601,70,#,4.69,#,0.434
1330250001,2002,1330250,13,601,71,#,3.15,#,0.167
1330250003,2002,1330250,13,601,71,#,2.47,#,0.109
1330260001,2002,1330260,13,601,72,#,2.52,#,0.147
1330260003,2002,1330260,13,601,72,#,1.9,#,0.124
1330260005,2002,1330260,13,601,72,#,4.12,#,0.327
1330260007,2002,1330260,13,601,72,#,2.58,#,0.122
1330260009,2002,1330260,13,601,72,#,2.33,#,0.157
1330260011,2002,1330260,13,601,72,#,1.77,#,0.217
1330260013,2002,1330260,13,601,72,#,2.45,#,0.147
1330260015,2002,1330260,13,601,72,#,1.55,#,0.076
1330260017,2002,1330260,13,601,72,#,1.57,#,0.098
1330260019,2002,1330260,13,601,72,#,2.18,#,0.094
1330260021,2002,1330260,13,601,72,#,1.56,#,0.101
1330260023,2002,1330260,13,601,72,#,2.3,#,0.114
1330280001,2002,1330280,13,601,74,#,7.98,#,0.485
1330280003,2002,1330280,13,601,74,#,13.2,#,0.339
1330280005,2002,1330280,13,601,74,#,9.01,#,0.365
1330280007,2002,1330280,13,601,74,#,9.75,#,0.326
1330280009,2002,1330280,13,601,74,#,11.4,#,0.612
1330280011,2002,1330280,13,601,74,#,9.71,#,0.516
1330280013,2002,1330280,13,601,74,#,12,#,0.791
1330280015,2002,1330280,13,601,74,#,11.5,#,0.36
1330280017,2002,1330280,13,601,74,#,11.5,#,0.517
1330280019,2002,1330280,13,601,74,#,13.5,#,0.527
1330280021,2002,1330280,13,601,74,#,11.9,#,0.446
1330280023,2002,1330280,13,601,74,#,13.3,#,0.741
1330290001,2002,1330290,13,601,75,#,5.47,#,0.287
1330290003,2002,1330290,13,601,75,#,6.72,#,0.266
1330290005,2002,1330290,13,601,75,#,5.89,#,0.412
1330290007,2002,1330290,13,601,75,#,6.09,#,0.269
1330290009,2002,1330290,13,601,75,#,7.15,#,0.52
1330290011,2002,1330290,13,601,75,#,4.05,#,0.501
1330290013,2002,1330290,13,601,75,#,5.65,#,0.455
1330290015,2002,1330290,13,601,75,#,3.93,#,0.209
1330290017,2002,1330290,13,601,75,#,3.12,#,0.195
1330290019,2002,1330290,13,601,75,#,4.12,#,0.164
1330290021,2002,1330290,13,601,75,#,4.76,#,0.245
1330290023,2002,1330290,13,601,75,#,4.39,#,0.263
1330300001,2002,1330300,13,601,76,#,12.6,#,0.588
1330300003,2002,1330300,13,601,76,#,14.8,#,0.301
1330300005,2002,1330300,13,601,76,#,12.5,#,0.631
1330300007,2002,1330300,13,601,76,#,11.9,#,0.453
1330300009,2002,1330300,13,601,76,#,14.1,#,1.01
1330300011,2002,1330300,13,601,76,#,10,#,0.594
1330300013,2002,1330300,13,601,76,#,12.8,#,0.632
1330300015,2002,1330300,13,601,76,#,12.4,#,0.398
1330300017,2002,1330300,13,601,76,#,13.1,#,0.633
1330300019,2002,1330300,13,601,76,#,15.5,#,0.766
1330300021,2002,1330300,13,601,76,#,13.5,#,0.551
1330300023,2002,1330300,13,601,76,#,16,#,0.885
1330320001,2002,1330320,13,601,78,#,3.99,#,0.239
1330320003,2002,1330320,13,601,78,#,5.09,#,0.361
1330320005,2002,1330320,13,601,78,#,3.36,#,0.315
1330320007,2002,1330320,13,601,78,#,4.81,#,0.447
1330320009,2002,1330320,13,601,78,#,4.22,#,0.33
1330320011,2002,1330320,13,601,78,#,4.49,#,0.263
1330320013,2002,1330320,13,601,78,#,4.86,#,0.323
1330320015,2002,1330320,13,601,78,#,2.46,#,0.122
1330320017,2002,1330320,13,601,78,#,2.85,#,0.171
1330320019,2002,1330320,13,601,78,#,3.21,#,0.161
1330320021,2002,1330320,13,601,78,#,3.2,#,0.204
1330320023,2002,1330320,13,601,78,#,2.06,#,0.154
1330330001,2002,1330330,13,601,79,#,2.97,#,0.194
1330330003,2002,1330330,13,601,79,#,4.25,#,0.195
1330340001,2002,1330340,13,601,80,#,9.16,#,0.441
1330340003,2002,1330340,13,601,80,#,12.2,#,0.959
1330340005,2002,1330340,13,601,80,#,9.33,#,0.436
1330340007,2002,1330340,13,601,80,#,4.83,#,0.44
1330340009,2002,1330340,13,601,80,#,7.57,#,0.471
1330340011,2002,1330340,13,601,80,#,8.57,#,0.376
1330340013,2002,1330340,13,601,80,#,9.73,#,0.436
1330340015,2002,1330340,13,601,80,#,7.33,#,0.312
1330340017,2002,1330340,13,601,80,#,4.4,#,0.25
1330340019,2002,1330340,13,601,80,#,5.92,#,0.252
1330340021,2002,1330340,13,601,80,#,7.7,#,0.45
1330340023,2002,1330340,13,601,80,#,9.64,#,0.417
1330350001,2002,1330350,13,601,81,#,6.34,#,0.528
1330350003,2002,1330350,13,601,81,#,11.2,#,1.04
1330350005,2002,1330350,13,601,81,#,8.36,#,0.861
1330350007,2002,1330350,13,601,81,#,5.47,#,0.452
1330350009,2002,1330350,13,601,81,#,7.93,#,0.613
1330350011,2002,1330350,13,601,81,#,9.23,#,0.62
1330350013,2002,1330350,13,601,81,#,9.71,#,0.667
1330350015,2002,1330350,13,601,81,#,8.63,#,0.532
1330350017,2002,1330350,13,601,81,#,9.27,#,0.703
1330350019,2002,1330350,13,601,81,#,10.1,#,0.867
1330350021,2002,1330350,13,601,81,#,11.1,#,0.785
1330350023,2002,1330350,13,601,81,#,11.9,#,0.915
1330370001,2002,1330370,13,602,01,#,2.89,#,0.182
1330370002,2002,1330370,13,602,01,#,1.97,#,0.127
1330370003,2002,1330370,13,602,01,#,1.6,#,0.103
1330370004,2002,1330370,13,602,01,#,1.15,#,0.083
1330370005,2002,1330370,13,602,01,#,3.34,#,0.208
1330370006,2002,1330370,13,602,01,#,0.89,#,0.089
1330370007,2002,1330370,13,602,01,#,3.67,#,0.193
1330370008,2002,1330370,13,602,01,#,1.06,#,0.167
1330370009,2002,1330370,13,602,01,#,2.66,#,0.243
1330370010,2002,1330370,13,602,01,#,1.07,#,0.113
1330370012,2002,1330370,13,602,01,#,3.2,#,0.231
1330370013,2002,1330370,13,602,01,#,0.92,#,0.121
1330370014,2002,1330370,13,602,01,#,1.88,#,0.111
1330370015,2002,1330370,13,602,01,#,0.77,#,0.09
1330370016,2002,1330370,13,602,01,#,1.59,#,0.152
1330370017,2002,1330370,13,602,01,#,1.38,#,0.147
1330370018,2002,1330370,13,602,01,#,2.11,#,0.106
1330370019,2002,1330370,13,602,01,#,0.95,#,0.057
1330370020,2002,1330370,13,602,01,#,1.39,#,0.069
1330370021,2002,1330370,13,602,01,#,0.83,#,0.048
1330370022,2002,1330370,13,602,01,#,1.58,#,0.103
1330370023,2002,1330370,13,602,01,#,1.12,#,0.063
1330370025,2002,1330370,13,602,01,#,1.84,#,0.111
1330370026,2002,1330370,13,602,01,#,0.96,#,0.07
1330380001,2002,1330380,13,602,51,#,0.92,#,0.084
1330380002,2002,1330380,13,602,51,#,0.61,#,0.062
1330380003,2002,1330380,13,602,51,#,1.36,#,0.056
1330380004,2002,1330380,13,602,51,#,0.74,#,0.042
1330390001,2002,1330390,13,602,52,#,0.46,#,0.039
1330390002,2002,1330390,13,602,52,#,0.56,#,0.059
1330390003,2002,1330390,13,602,52,#,0.83,#,0.037
1330390004,2002,1330390,13,602,52,#,0.79,#,0.043
1330400001,2002,1330400,13,602,53,#,4.14,#,0.376
1330400002,2002,1330400,13,602,53,#,1.78,#,0.153
1330400003,2002,1330400,13,602,53,#,1.77,#,0.085
1330400004,2002,1330400,13,602,53,#,1.53,#,0.074
1330410001,2002,1330410,13,602,55,#,2.92,#,0.218
1330410002,2002,1330410,13,602,55,#,0.63,#,0.117
1330410003,2002,1330410,13,602,55,#,1.83,#,0.088
1330410004,2002,1330410,13,602,55,#,0.88,#,0.05
1330420001,2002,1330420,13,602,56,#,2.81,#,0.195
1330420002,2002,1330420,13,602,56,#,0.55,#,0.095
1330420003,2002,1330420,13,602,56,#,1.31,#,0.069
1330420004,2002,1330420,13,602,56,#,0.91,#,0.053
1330440001,2002,1330440,13,603,01,#,1.28,#,0.09
1330440002,2002,1330440,13,603,01,#,0.61,#,0.047
1330440003,2002,1330440,13,603,01,#,1.2,#,0.072
1330440004,2002,1330440,13,603,01,#,0.76,#,0.121
1330440005,2002,1330440,13,603,01,#,1.48,#,0.13
1330440006,2002,1330440,13,603,01,#,0.84,#,0.12
1330440007,2002,1330440,13,603,01,#,0.97,#,0.071
1330440008,2002,1330440,13,603,01,#,0.63,#,0.113
1330440009,2002,1330440,13,603,01,#,2.01,#,0.175
1330440010,2002,1330440,13,603,01,#,0.66,#,0.155
1330440012,2002,1330440,13,603,01,#,1.65,#,0.099
1330440013,2002,1330440,13,603,01,#,0.88,#,0.174
1330440014,2002,1330440,13,603,01,#,0.88,#,0.071
1330440015,2002,1330440,13,603,01,#,0.59,#,0.072
1330440016,2002,1330440,13,603,01,#,1.07,#,0.09
1330440017,2002,1330440,13,603,01,#,0.84,#,0.069
1330440018,2002,1330440,13,603,01,#,1,#,0.055
1330440019,2002,1330440,13,603,01,#,0.79,#,0.045
1330440020,2002,1330440,13,603,01,#,1.07,#,0.047
1330440021,2002,1330440,13,603,01,#,0.89,#,0.039
1330440022,2002,1330440,13,603,01,#,1.05,#,0.046
1330440023,2002,1330440,13,603,01,#,0.88,#,0.037
1330440025,2002,1330440,13,603,01,#,0.94,#,0.051
1330440026,2002,1330440,13,603,01,#,0.61,#,0.038
1330450001,2002,1330450,13,603,02,#,1.17,#,0.065
1330450002,2002,1330450,13,603,02,#,0.54,#,0.035
1330450003,2002,1330450,13,603,02,#,2.76,#,0.176
1330450004,2002,1330450,13,603,02,#,0.75,#,0.101
1330450005,2002,1330450,13,603,02,#,2.37,#,0.199
1330450006,2002,1330450,13,603,02,#,0.7,#,0.097
1330450007,2002,1330450,13,603,02,#,2.55,#,0.174
1330450008,2002,1330450,13,603,02,#,0.56,#,0.12
1330450009,2002,1330450,13,603,02,#,2.01,#,0.186
1330450010,2002,1330450,13,603,02,#,0.66,#,0.168
1330450012,2002,1330450,13,603,02,#,1.53,#,0.101
1330450013,2002,1330450,13,603,02,#,0.77,#,0.129
1330450014,2002,1330450,13,603,02,#,2.29,#,0.117
1330450015,2002,1330450,13,603,02,#,0.52,#,0.08
1330450016,2002,1330450,13,603,02,#,1.88,#,0.09
1330450017,2002,1330450,13,603,02,#,0.72,#,0.057
1330450018,2002,1330450,13,603,02,#,1.61,#,0.081
1330450019,2002,1330450,13,603,02,#,0.61,#,0.041
1330450020,2002,1330450,13,603,02,#,1.69,#,0.073
1330450021,2002,1330450,13,603,02,#,0.59,#,0.041
1330450022,2002,1330450,13,603,02,#,1.57,#,0.076
1330450023,2002,1330450,13,603,02,#,0.83,#,0.043
1330450025,2002,1330450,13,603,02,#,1.04,#,0.058
1330450026,2002,1330450,13,603,02,#,0.99,#,0.049
1330460001,2002,1330460,13,603,51,#,2.86,#,0.202
1330460002,2002,1330460,13,603,51,#,0.64,#,0.14
1330460003,2002,1330460,13,603,51,#,1.95,#,0.088
1330460004,2002,1330460,13,603,51,#,0.67,#,0.045
1330470001,2002,1330470,13,603,52,#,1.06,#,0.074
1330470002,2002,1330470,13,603,52,#,0.71,#,0.146
1330470003,2002,1330470,13,603,52,#,1.16,#,0.057
1330470004,2002,1330470,13,603,52,#,0.66,#,0.04
1330480001,2002,1330480,13,603,53,#,0.84,#,0.053
1330480002,2002,1330480,13,603,53,#,0.76,#,0.12
1330480003,2002,1330480,13,603,53,#,1.08,#,0.054
1330480004,2002,1330480,13,603,53,#,0.72,#,0.037
1330500001,2002,1330500,13,603,55,#,2.47,#,0.174
1330500002,2002,1330500,13,603,55,#,0.55,#,0.106
1330500003,2002,1330500,13,603,55,#,1.23,#,0.064
1330500004,2002,1330500,13,603,55,#,0.68,#,0.037
1330510001,2002,1330510,13,603,56,#,1.7,#,0.097
1330510002,2002,1330510,13,603,56,#,0.62,#,0.116
1330510003,2002,1330510,13,603,56,#,1.18,#,0.05
1330510004,2002,1330510,13,603,56,#,0.71,#,0.036
1330520001,2002,1330520,13,603,57,#,3.87,#,0.333
1330520002,2002,1330520,13,603,57,#,0.55,#,0.065
1330520003,2002,1330520,13,603,57,#,5.66,#,0.378
1330520004,2002,1330520,13,603,57,#,0.81,#,0.058
1330530001,2002,1330530,13,603,58,#,1.97,#,0.142
1330530002,2002,1330530,13,603,58,#,0.47,#,0.089
1330530003,2002,1330530,13,603,58,#,0.91,#,0.036
1330530004,2002,1330530,13,603,58,#,0.6,#,0.035
1330540001,2002,1330540,13,603,59,#,1.5,#,0.082
1330540002,2002,1330540,13,603,59,#,0.63,#,0.095
1330540003,2002,1330540,13,603,59,#,1,#,0.046
1330540004,2002,1330540,13,603,59,#,0.87,#,0.034
1330560001,2002,1330560,13,603,61,#,2.18,#,0.151
1330560002,2002,1330560,13,603,61,#,0.48,#,0.106
1330560003,2002,1330560,13,603,61,#,1.58,#,0.065
1330560004,2002,1330560,13,603,61,#,0.5,#,0.04
1330570001,2002,1330570,13,603,62,#,1.47,#,0.098
1330570002,2002,1330570,13,603,62,#,0.48,#,0.07
1330570003,2002,1330570,13,603,62,#,0.69,#,0.032
1330570004,2002,1330570,13,603,62,#,0.59,#,0.036
1330580001,2002,1330580,13,603,63,#,2.47,#,0.174
1330580002,2002,1330580,13,603,63,#,0.44,#,0.087
1330580003,2002,1330580,13,603,63,#,1.44,#,0.07
1330580004,2002,1330580,13,603,63,#,0.65,#,0.036
1330590001,2002,1330590,13,603,64,#,0.79,#,0.061
1330590002,2002,1330590,13,603,64,#,0.41,#,0.072
1330590003,2002,1330590,13,603,64,#,0.89,#,0.042
1330590004,2002,1330590,13,603,64,#,0.72,#,0.039
1330600001,2002,1330600,13,604,01,#,0.88,#,0.046
1330600002,2002,1330600,13,604,01,#,0.45,#,0.029
1330600003,2002,1330600,13,604,01,#,1.5,#,0.081
1330600004,2002,1330600,13,604,01,#,0.41,#,0.045
1330600005,2002,1330600,13,604,01,#,5.24,#,0.519
1330600006,2002,1330600,13,604,01,#,0.58,#,0.065
1330600007,2002,1330600,13,604,01,#,1.23,#,0.085
1330600008,2002,1330600,13,604,01,#,0.31,#,0.036
1330600009,2002,1330600,13,604,01,#,0.98,#,0.079
1330600010,2002,1330600,13,604,01,#,0.5,#,0.126
1330600012,2002,1330600,13,604,01,#,0.46,#,0.037
1330600013,2002,1330600,13,604,01,#,0.5,#,0.089
1330600014,2002,1330600,13,604,01,#,0.62,#,0.055
1330600015,2002,1330600,13,604,01,#,0.36,#,0.041
1330600016,2002,1330600,13,604,01,#,0.81,#,0.059
1330600017,2002,1330600,13,604,01,#,0.52,#,0.051
1330600018,2002,1330600,13,604,01,#,1.09,#,0.059
1330600019,2002,1330600,13,604,01,#,0.39,#,0.032
1330600020,2002,1330600,13,604,01,#,0.82,#,0.03
1330600021,2002,1330600,13,604,01,#,0.48,#,0.041
1330600022,2002,1330600,13,604,01,#,1.04,#,0.048
1330600023,2002,1330600,13,604,01,#,0.65,#,0.04
1330600025,2002,1330600,13,604,01,#,0.82,#,0.048
1330600026,2002,1330600,13,604,01,#,0.51,#,0.041
