レコードID,測定年度,絶対番号,都道府県コード,水域コード,地点コード,全窒素_C,全窒素(mg/l),全燐_C,全燐(mg/l)
1310010001,2004,1310010,13,001,01,#,1.47,#,0.086
1310010005,2004,1310010,13,001,01,#,1.35,#,0.111
1310010009,2004,1310010,13,001,01,#,2.29,#,0.125
1310010013,2004,1310010,13,001,01,#,2.05,#,0.135
1310010021,2004,1310010,13,001,01,#,2,#,0.121
1310010025,2004,1310010,13,001,01,#,2.74,#,0.118
1310010029,2004,1310010,13,001,01,#,3.61,#,0.076
1310010033,2004,1310010,13,001,01,#,3.6,#,0.077
1310010037,2004,1310010,13,001,01,#,2.53,#,0.057
1310010045,2004,1310010,13,001,01,#,3.33,#,0.085
1310010049,2004,1310010,13,001,01,#,3.49,#,0.11
1310010053,2004,1310010,13,001,01,#,3.2,#,0.112
1310030001,2004,1310030,13,002,01,#,2.07,#,0.102
1310030005,2004,1310030,13,002,01,#,1.41,#,0.105
1310030009,2004,1310030,13,002,01,#,2.29,#,0.136
1310030013,2004,1310030,13,002,01,#,1.75,#,0.098
1310030021,2004,1310030,13,002,01,#,2.05,#,0.111
1310030025,2004,1310030,13,002,01,#,2.54,#,0.11
1310030029,2004,1310030,13,002,01,#,3.62,#,0.076
1310030033,2004,1310030,13,002,01,#,3.46,#,0.086
1310030037,2004,1310030,13,002,01,#,2.51,#,0.079
1310030045,2004,1310030,13,002,01,#,3.47,#,0.092
1310030049,2004,1310030,13,002,01,#,3.41,#,0.106
1310030053,2004,1310030,13,002,01,#,2.94,#,0.146
1310040001,2004,1310040,13,002,51,#,1.58,#,0.093
1310040004,2004,1310040,13,002,51,#,1.39,#,0.105
1310040007,2004,1310040,13,002,51,#,2.32,#,0.113
1310040010,2004,1310040,13,002,51,#,2.08,#,0.12
1310040013,2004,1310040,13,002,51,#,2.43,#,0.113
1310040016,2004,1310040,13,002,51,#,2.61,#,0.112
1310040019,2004,1310040,13,002,51,#,3.66,#,0.072
1310040022,2004,1310040,13,002,51,#,3.42,#,0.084
1310040025,2004,1310040,13,002,51,#,2.68,#,0.07
1310040028,2004,1310040,13,002,51,#,3.48,#,0.09
1310040031,2004,1310040,13,002,51,#,3.62,#,0.112
1310040034,2004,1310040,13,002,51,#,3.14,#,0.117
1310060001,2004,1310060,13,003,01,#,2.1,#,0.116
1310060004,2004,1310060,13,003,01,#,2.01,#,0.17
1310060007,2004,1310060,13,003,01,#,2.7,#,0.132
1310060010,2004,1310060,13,003,01,#,3.24,#,0.135
1310060013,2004,1310060,13,003,01,#,2.75,#,0.192
1310060016,2004,1310060,13,003,01,#,3.44,#,0.166
1310060019,2004,1310060,13,003,01,#,4.05,#,0.085
1310060022,2004,1310060,13,003,01,#,4.07,#,0.107
1310060025,2004,1310060,13,003,01,#,4.48,#,0.112
1310060028,2004,1310060,13,003,01,#,4.67,#,0.169
1310060031,2004,1310060,13,003,01,#,4.78,#,0.131
1310060034,2004,1310060,13,003,01,#,4.23,#,0.155
1310070001,2004,1310070,13,003,51,#,2.74,#,0.134
1310070002,2004,1310070,13,003,51,#,2.72,#,0.154
1310070003,2004,1310070,13,003,51,#,4.92,#,0.121
1310070004,2004,1310070,13,003,51,#,3.76,#,0.108
1310070005,2004,1310070,13,003,51,#,3.62,#,0.132
1310070006,2004,1310070,13,003,51,#,4.83,#,0.122
1310070007,2004,1310070,13,003,51,#,4.04,#,0.084
1310070008,2004,1310070,13,003,51,#,4.45,#,0.144
1310070009,2004,1310070,13,003,51,#,4.4,#,0.115
1310070010,2004,1310070,13,003,51,#,4.62,#,0.164
1310070011,2004,1310070,13,003,51,#,5.66,#,0.149
1310070012,2004,1310070,13,003,51,#,5.22,#,0.219
1310090002,2004,1310090,13,004,01,#,5.04,#,0.317
1310090005,2004,1310090,13,004,01,#,2.92,#,0.173
1310090008,2004,1310090,13,004,01,#,2.53,#,0.184
1310090011,2004,1310090,13,004,01,#,2.39,#,0.259
1310090019,2004,1310090,13,004,01,#,2.49,#,0.273
1310090022,2004,1310090,13,004,01,#,3.19,#,0.196
1310090025,2004,1310090,13,004,01,#,4.46,#,0.165
1310090028,2004,1310090,13,004,01,#,5.22,#,0.198
1310090031,2004,1310090,13,004,01,#,4.63,#,0.201
1310090034,2004,1310090,13,004,01,#,7.77,#,0.301
1310090042,2004,1310090,13,004,01,#,7.79,#,0.246
1310090045,2004,1310090,13,004,01,#,6.21,#,0.275
1310100001,2004,1310100,13,004,02,#,5.19,#,0.32
1310100004,2004,1310100,13,004,02,#,3.11,#,0.276
1310100007,2004,1310100,13,004,02,#,3,#,0.452
1310100010,2004,1310100,13,004,02,#,3.32,#,0.259
1310100013,2004,1310100,13,004,02,#,3.08,#,0.507
1310100016,2004,1310100,13,004,02,#,3.52,#,0.255
1310100019,2004,1310100,13,004,02,#,4.05,#,0.147
1310100022,2004,1310100,13,004,02,#,4.71,#,0.161
1310100025,2004,1310100,13,004,02,#,3.86,#,0.156
1310100028,2004,1310100,13,004,02,#,3.23,#,0.18
1310100031,2004,1310100,13,004,02,#,3.69,#,0.181
1310100034,2004,1310100,13,004,02,#,4.94,#,0.223
1310110002,2004,1310110,13,004,51,#,5.54,#,0.253
1310110005,2004,1310110,13,004,51,#,3.03,#,0.209
1310110008,2004,1310110,13,004,51,#,2.89,#,0.163
1310110011,2004,1310110,13,004,51,#,2.98,#,0.283
1310110014,2004,1310110,13,004,51,#,2.98,#,0.188
1310110017,2004,1310110,13,004,51,#,3.66,#,0.218
1310110020,2004,1310110,13,004,51,#,4.54,#,0.147
1310110023,2004,1310110,13,004,51,#,4.95,#,0.165
1310110026,2004,1310110,13,004,51,#,4.48,#,0.189
1310110029,2004,1310110,13,004,51,#,7.63,#,0.315
1310110032,2004,1310110,13,004,51,#,7.4,#,0.31
1310110035,2004,1310110,13,004,51,#,6.62,#,0.282
1310140002,2004,1310140,13,005,01,#,4.43,#,0.505
1310140005,2004,1310140,13,005,01,#,3.25,#,0.359
1310140008,2004,1310140,13,005,01,#,2.87,#,0.299
1310140012,2004,1310140,13,005,01,#,2.75,#,0.404
1310140025,2004,1310140,13,005,01,#,2.86,#,0.341
1310140028,2004,1310140,13,005,01,#,3.29,#,0.289
1310140031,2004,1310140,13,005,01,#,5.8,#,0.216
1310140034,2004,1310140,13,005,01,#,6,#,0.18
1310140037,2004,1310140,13,005,01,#,5.02,#,0.187
1310140041,2004,1310140,13,005,01,#,7.07,#,0.333
1310140054,2004,1310140,13,005,01,#,6.79,#,0.463
1310140057,2004,1310140,13,005,01,#,5,#,0.366
1310160001,2004,1310160,13,005,52,#,5.74,#,0.377
1310160004,2004,1310160,13,005,52,#,3.86,#,0.49
1310160007,2004,1310160,13,005,52,#,3.33,#,0.32
1310160011,2004,1310160,13,005,52,#,2.65,#,0.267
1310160014,2004,1310160,13,005,52,#,3.09,#,0.211
1310160016,2004,1310160,13,005,52,#,4.56,#,0.315
1310160019,2004,1310160,13,005,52,#,5.47,#,0.198
1310160023,2004,1310160,13,005,52,#,5.94,#,0.207
1310160026,2004,1310160,13,005,52,#,7.3,#,0.204
1310160029,2004,1310160,13,005,52,#,7.56,#,0.249
1310160031,2004,1310160,13,005,52,#,6.49,#,0.26
1310160035,2004,1310160,13,005,52,#,7.88,#,0.329
1310180002,2004,1310180,13,006,01,#,7.18,#,0.384
1310180005,2004,1310180,13,006,01,#,6.19,#,0.332
1310180008,2004,1310180,13,006,01,#,3.71,#,0.303
1310180012,2004,1310180,13,006,01,#,5.6,#,0.337
1310180016,2004,1310180,13,006,01,#,3.43,#,0.375
1310180024,2004,1310180,13,006,01,#,5.5,#,0.315
1310180027,2004,1310180,13,006,01,#,5.9,#,0.173
1310180031,2004,1310180,13,006,01,#,6,#,0.173
1310180034,2004,1310180,13,006,01,#,4.16,#,0.18
1310180038,2004,1310180,13,006,01,#,6.97,#,0.307
1310180041,2004,1310180,13,006,01,#,7.31,#,0.294
1310180050,2004,1310180,13,006,01,#,7.1,#,0.367
1310190002,2004,1310190,13,006,02,#,3.83,#,0.188
1310190005,2004,1310190,13,006,02,#,3.36,#,0.189
1310190008,2004,1310190,13,006,02,#,4.13,#,0.225
1310190012,2004,1310190,13,006,02,#,3.6,#,0.189
1310190016,2004,1310190,13,006,02,#,3.14,#,0.287
1310190024,2004,1310190,13,006,02,#,3.1,#,0.217
1310190027,2004,1310190,13,006,02,#,2.22,#,0.153
1310190031,2004,1310190,13,006,02,#,5,#,0.134
1310190034,2004,1310190,13,006,02,#,3.92,#,0.149
1310190038,2004,1310190,13,006,02,#,1.86,#,0.125
1310190041,2004,1310190,13,006,02,#,2.39,#,0.114
1310190050,2004,1310190,13,006,02,#,5.39,#,0.262
1310230001,2004,1310230,13,007,01,#,8.22,#,0.471
1310230004,2004,1310230,13,007,01,#,8.37,#,0.42
1310230007,2004,1310230,13,007,01,#,6.57,#,0.363
1310230010,2004,1310230,13,007,01,#,6.89,#,0.433
1310230013,2004,1310230,13,007,01,#,5.22,#,0.375
1310230016,2004,1310230,13,007,01,#,6.64,#,0.353
1310230019,2004,1310230,13,007,01,#,9.01,#,0.322
1310230022,2004,1310230,13,007,01,#,7.86,#,0.223
1310230025,2004,1310230,13,007,01,#,5.56,#,0.213
1310230028,2004,1310230,13,007,01,#,5,#,0.235
1310230031,2004,1310230,13,007,01,#,4.94,#,0.208
1310230034,2004,1310230,13,007,01,#,7.31,#,0.3
1310240001,2004,1310240,13,007,02,#,9.49,#,0.595
1310240004,2004,1310240,13,007,02,#,10.6,#,0.631
1310240007,2004,1310240,13,007,02,#,10.2,#,0.61
1310240010,2004,1310240,13,007,02,#,10.4,#,0.647
1310240013,2004,1310240,13,007,02,#,8.3,#,0.427
1310240016,2004,1310240,13,007,02,#,9.58,#,0.499
1310240019,2004,1310240,13,007,02,#,9.88,#,0.345
1310240022,2004,1310240,13,007,02,#,9.31,#,0.33
1310240025,2004,1310240,13,007,02,#,12,#,0.456
1310240028,2004,1310240,13,007,02,#,12.6,#,0.611
1310240031,2004,1310240,13,007,02,#,12.6,#,0.637
1310240034,2004,1310240,13,007,02,#,12.3,#,0.551
1310260001,2004,1310260,13,007,53,#,9.81,#,0.639
1310260004,2004,1310260,13,007,53,#,10.3,#,0.618
1310260007,2004,1310260,13,007,53,#,8.99,#,0.485
1310260010,2004,1310260,13,007,53,#,8,#,0.411
1310260013,2004,1310260,13,007,53,#,6.48,#,0.447
1310260016,2004,1310260,13,007,53,#,8.59,#,0.49
1310260019,2004,1310260,13,007,53,#,9.26,#,0.367
1310260022,2004,1310260,13,007,53,#,5.84,#,0.261
1310260025,2004,1310260,13,007,53,#,8.99,#,0.282
1310260028,2004,1310260,13,007,53,#,8.26,#,0.322
1310260031,2004,1310260,13,007,53,#,11,#,0.4
1310260034,2004,1310260,13,007,53,#,10,#,0.344
1310290001,2004,1310290,13,008,01,#,8.21,#,0.573
1310290004,2004,1310290,13,008,01,#,7.44,#,0.657
1310290007,2004,1310290,13,008,01,#,6,#,0.901
1310290010,2004,1310290,13,008,01,#,6.58,#,0.721
1310290013,2004,1310290,13,008,01,#,5.18,#,0.956
1310290016,2004,1310290,13,008,01,#,7.52,#,0.792
1310290019,2004,1310290,13,008,01,#,6.89,#,0.316
1310290022,2004,1310290,13,008,01,#,5.18,#,0.357
1310290025,2004,1310290,13,008,01,#,7.43,#,0.292
1310290028,2004,1310290,13,008,01,#,3.82,#,0.188
1310290031,2004,1310290,13,008,01,#,9.57,#,0.769
1310290034,2004,1310290,13,008,01,#,6.77,#,0.454
1310300001,2004,1310300,13,009,01,#,10.8,#,0.719
1310300004,2004,1310300,13,009,01,#,9.17,#,0.858
1310300007,2004,1310300,13,009,01,#,13.3,#,1.49
1310300010,2004,1310300,13,009,01,#,10.1,#,0.902
1310300013,2004,1310300,13,009,01,#,13.1,#,1.38
1310300016,2004,1310300,13,009,01,#,13.5,#,1.5
1310300019,2004,1310300,13,009,01,#,12.1,#,0.648
1310300022,2004,1310300,13,009,01,#,8.07,#,0.687
1310300025,2004,1310300,13,009,01,#,13.4,#,1.05
1310300028,2004,1310300,13,009,01,#,14.5,#,1.32
1310300031,2004,1310300,13,009,01,#,14.7,#,1.41
1310300034,2004,1310300,13,009,01,#,13.8,#,1.19
1310310001,2004,1310310,13,010,01,#,3.64,#,0.048
1310310003,2004,1310310,13,010,01,#,3.43,#,0.095
1310310005,2004,1310310,13,010,01,#,4.03,#,0.041
1310310007,2004,1310310,13,010,01,#,3.4,#,0.042
1310310009,2004,1310310,13,010,01,#,3.79,#,0.299
1310310011,2004,1310310,13,010,01,#,4.08,#,0.026
1310310013,2004,1310310,13,010,01,#,4.09,#,0.048
1310310015,2004,1310310,13,010,01,#,3.85,#,0.025
1310310017,2004,1310310,13,010,01,#,4.15,#,0.036
1310310019,2004,1310310,13,010,01,#,3.31,#,0.056
1310310021,2004,1310310,13,010,01,#,3.81,#,0.025
1310310023,2004,1310310,13,010,01,#,3.92,#,0.03
1310320001,2004,1310320,13,011,01,#,5.6,#,0.497
1310320004,2004,1310320,13,011,01,#,2.75,#,0.6
1310320007,2004,1310320,13,011,01,#,3.15,#,0.575
1310320010,2004,1310320,13,011,01,#,3.32,#,0.451
1310320013,2004,1310320,13,011,01,#,3.29,#,0.587
1310320016,2004,1310320,13,011,01,#,4.58,#,0.655
1310320019,2004,1310320,13,011,01,#,2.6,#,0.249
1310320022,2004,1310320,13,011,01,#,6.98,#,0.413
1310320025,2004,1310320,13,011,01,#,8.46,#,0.516
1310320028,2004,1310320,13,011,01,#,5.45,#,0.381
1310320031,2004,1310320,13,011,01,#,10.5,#,0.673
1310320034,2004,1310320,13,011,01,#,5.54,#,0.351
1310330001,2004,1310330,13,012,01,#,8.81,#,0.843
1310330004,2004,1310330,13,012,01,#,6.69,#,0.935
1310330007,2004,1310330,13,012,01,#,9.86,#,1.37
1310330010,2004,1310330,13,012,01,#,9.15,#,1.12
1310330013,2004,1310330,13,012,01,#,8.15,#,1.14
1310330016,2004,1310330,13,012,01,#,7.8,#,1.27
1310330019,2004,1310330,13,012,01,#,12,#,0.573
1310330022,2004,1310330,13,012,01,#,8.44,#,0.792
1310330025,2004,1310330,13,012,01,#,11.7,#,1.12
1310330028,2004,1310330,13,012,01,#,10.6,#,1
1310330031,2004,1310330,13,012,01,#,12.7,#,1.23
1310330034,2004,1310330,13,012,01,#,10.3,#,0.884
1310340001,2004,1310340,13,013,01,#,0.63,#,0.013
1310340004,2004,1310340,13,013,01,#,0.62,#,0.011
1310340007,2004,1310340,13,013,01,#,0.64,#,0.013
1310340010,2004,1310340,13,013,01,#,0.65,#,0.013
1310340013,2004,1310340,13,013,01,#,1.14,#,0.02
1310340016,2004,1310340,13,013,01,#,0.82,#,0.017
1310340019,2004,1310340,13,013,01,#,0.9,#,0.019
1310340022,2004,1310340,13,013,01,#,0.92,#,0.015
1310340025,2004,1310340,13,013,01,#,0.77,#,0.009
1310340028,2004,1310340,13,013,01,#,0.67,#,0.007
1310340031,2004,1310340,13,013,01,#,0.61,#,0.012
1310340034,2004,1310340,13,013,01,#,0.6,#,0.01
1310370001,2004,1310370,13,014,01,#,1.56,#,0.027
1310370002,2004,1310370,13,014,01,#,1.24,#,0.019
1310370003,2004,1310370,13,014,01,#,1.23,#,0.025
1310370004,2004,1310370,13,014,01,#,1.2,#,0.022
1310370005,2004,1310370,13,014,01,#,1.02,#,0.012
1310370006,2004,1310370,13,014,01,#,1.05,#,0.022
1310370007,2004,1310370,13,014,01,#,0.93,#,0.021
1310370008,2004,1310370,13,014,01,#,1.13,#,0.02
1310370009,2004,1310370,13,014,01,#,1.42,#,0.018
1310370010,2004,1310370,13,014,01,#,1.51,#,0.019
1310370011,2004,1310370,13,014,01,#,1.49,#,0.02
1310370012,2004,1310370,13,014,01,#,1.52,#,0.017
1310370013,2004,1310370,13,014,01,#,1.2,#,0.013
1310370014,2004,1310370,13,014,01,#,1.07,#,0.019
1310370015,2004,1310370,13,014,01,#,1.29,#,0.021
1310370016,2004,1310370,13,014,01,#,1.12,#,0.019
1310370017,2004,1310370,13,014,01,#,1.41,#,0.012
1310370018,2004,1310370,13,014,01,#,1.35,#,0.013
1310370019,2004,1310370,13,014,01,#,1.68,#,0.012
1310370020,2004,1310370,13,014,01,#,1.51,#,0.011
1310370021,2004,1310370,13,014,01,#,1.57,#,0.016
1310370022,2004,1310370,13,014,01,#,1.53,#,0.016
1310370023,2004,1310370,13,014,01,#,1.25,#,0.02
1310370024,2004,1310370,13,014,01,#,1.47,#,0.017
1310370025,2004,1310370,13,014,01,#,1.58,#,0.025
1310370026,2004,1310370,13,014,01,#,1.44,#,0.026
1310370027,2004,1310370,13,014,01,#,1.51,#,0.026
1310370028,2004,1310370,13,014,01,#,1.6,#,0.023
1310370029,2004,1310370,13,014,01,#,1.54,#,0.018
1310370030,2004,1310370,13,014,01,#,1.48,#,0.019
1310370031,2004,1310370,13,014,01,#,1.42,#,0.019
1310370032,2004,1310370,13,014,01,#,1.62,#,0.02
1310370033,2004,1310370,13,014,01,#,1.23,#,0.009
1310370034,2004,1310370,13,014,01,#,1.34,#,0.009
1310370035,2004,1310370,13,014,01,#,1.48,#,0.011
1310370036,2004,1310370,13,014,01,#,1.53,#,0.011
1310370037,2004,1310370,13,014,01,#,1.46,#,0.013
1310370038,2004,1310370,13,014,01,#,1.3,#,0.018
1310370039,2004,1310370,13,014,01,#,1.19,#,0.014
1310370040,2004,1310370,13,014,01,#,1.51,#,0.01
1310370041,2004,1310370,13,014,01,#,1.51,#,0.013
1310370042,2004,1310370,13,014,01,#,1.49,#,0.01
1310370043,2004,1310370,13,014,01,#,1.49,#,0.01
1310370044,2004,1310370,13,014,01,#,1.62,#,0.013
1310370045,2004,1310370,13,014,01,#,1.27,#,0.009
1310370046,2004,1310370,13,014,01,#,1.23,#,0.01
1310370047,2004,1310370,13,014,01,#,1.2,#,0.011
1310370048,2004,1310370,13,014,01,#,1.23,#,0.01
1310380001,2004,1310380,13,014,51,#,0.66,#,0.009
1310380004,2004,1310380,13,014,51,#,0.67,#,0.01
1310380007,2004,1310380,13,014,51,#,0.9,#,0.01
1310380010,2004,1310380,13,014,51,#,0.74,#,0.009
1310380013,2004,1310380,13,014,51,#,1.2,#,0.016
1310380016,2004,1310380,13,014,51,#,0.88,#,0.016
1310380019,2004,1310380,13,014,51,#,0.86,#,0.029
1310380022,2004,1310380,13,014,51,#,1.03,#,0.018
1310380025,2004,1310380,13,014,51,#,0.79,#,0.023
1310380028,2004,1310380,13,014,51,#,0.99,#,0.007
1310380031,2004,1310380,13,014,51,#,0.65,#,0.007
1310380034,2004,1310380,13,014,51,#,0.6,#,0.005
1310390001,2004,1310390,13,014,52,#,0.75,#,0.012
1310390002,2004,1310390,13,014,52,#,0.66,#,0.012
1310390003,2004,1310390,13,014,52,#,0.72,#,0.013
1310390004,2004,1310390,13,014,52,#,0.57,#,0.014
1310390005,2004,1310390,13,014,52,#,1.18,#,0.021
1310390006,2004,1310390,13,014,52,#,0.74,#,0.017
1310390007,2004,1310390,13,014,52,#,1.03,#,0.018
1310390008,2004,1310390,13,014,52,#,0.9,#,0.016
1310390009,2004,1310390,13,014,52,#,0.82,#,0.011
1310390010,2004,1310390,13,014,52,#,0.65,#,0.008
1310390011,2004,1310390,13,014,52,#,0.67,#,0.009
1310390012,2004,1310390,13,014,52,#,0.67,#,0.013
1310400001,2004,1310400,13,014,53,#,1.38,#,0.018
1310400002,2004,1310400,13,014,53,#,0.95,#,0.013
1310400003,2004,1310400,13,014,53,#,1.27,#,0.019
1310400004,2004,1310400,13,014,53,#,1.16,#,0.016
1310400005,2004,1310400,13,014,53,#,1.43,#,0.019
1310400006,2004,1310400,13,014,53,#,1.49,#,0.018
1310400007,2004,1310400,13,014,53,#,1.53,#,0.02
1310400008,2004,1310400,13,014,53,#,1.25,#,0.019
1310400009,2004,1310400,13,014,53,#,1.06,#,0.013
1310400010,2004,1310400,13,014,53,#,1.27,#,0.012
1310400011,2004,1310400,13,014,53,#,1.46,#,0.01
1310400012,2004,1310400,13,014,53,#,1.3,#,0.012
1310410001,2004,1310410,13,015,01,#,6.9,#,0.907
1310410003,2004,1310410,13,015,01,#,5.58,#,0.804
1310410005,2004,1310410,13,015,01,#,6.93,#,0.914
1310410007,2004,1310410,13,015,01,#,6.63,#,0.876
1310410009,2004,1310410,13,015,01,#,7.28,#,0.831
1310410011,2004,1310410,13,015,01,#,6.71,#,0.822
1310410013,2004,1310410,13,015,01,#,8.18,#,1.04
1310410015,2004,1310410,13,015,01,#,7.58,#,0.802
1310410017,2004,1310410,13,015,01,#,6.53,#,0.709
1310410019,2004,1310410,13,015,01,#,6.3,#,0.758
1310410021,2004,1310410,13,015,01,#,6.79,#,0.851
1310410023,2004,1310410,13,015,01,#,6.71,#,0.682
1310410025,2004,1310410,13,015,01,#,7.23,#,0.807
1310410027,2004,1310410,13,015,01,#,5.61,#,0.611
1310410029,2004,1310410,13,015,01,#,7.32,#,1.07
1310410031,2004,1310410,13,015,01,#,7.51,#,1.01
1310410033,2004,1310410,13,015,01,#,5.7,#,0.422
1310410035,2004,1310410,13,015,01,#,4.85,#,0.4
1310410037,2004,1310410,13,015,01,#,4.52,#,0.349
1310410039,2004,1310410,13,015,01,#,4.86,#,0.465
1310410041,2004,1310410,13,015,01,#,5.78,#,0.68
1310410043,2004,1310410,13,015,01,#,4.57,#,0.533
1310410045,2004,1310410,13,015,01,#,5.41,#,0.665
1310410047,2004,1310410,13,015,01,#,5.26,#,0.563
1310410049,2004,1310410,13,015,01,#,3.04,#,0.174
1310410051,2004,1310410,13,015,01,#,3.76,#,0.364
1310410053,2004,1310410,13,015,01,#,3.95,#,0.256
1310410055,2004,1310410,13,015,01,#,4.02,#,0.226
1310410057,2004,1310410,13,015,01,#,3.27,#,0.162
1310410059,2004,1310410,13,015,01,#,3.25,#,0.158
1310410061,2004,1310410,13,015,01,#,3.21,#,0.171
1310410063,2004,1310410,13,015,01,#,3.31,#,0.176
1310410065,2004,1310410,13,015,01,#,4.19,#,0.235
1310410067,2004,1310410,13,015,01,#,3.88,#,0.235
1310410069,2004,1310410,13,015,01,#,4.57,#,0.298
1310410071,2004,1310410,13,015,01,#,4.89,#,0.271
1310410073,2004,1310410,13,015,01,#,7.75,#,0.597
1310410075,2004,1310410,13,015,01,#,7.75,#,0.649
1310410077,2004,1310410,13,015,01,#,7.08,#,0.545
1310410079,2004,1310410,13,015,01,#,7.73,#,0.625
1310410081,2004,1310410,13,015,01,#,6.98,#,0.575
1310410083,2004,1310410,13,015,01,#,6.87,#,0.576
1310410085,2004,1310410,13,015,01,#,6.41,#,0.557
1310410087,2004,1310410,13,015,01,#,7.31,#,0.569
1310410089,2004,1310410,13,015,01,#,6.93,#,0.523
1310410091,2004,1310410,13,015,01,#,5.86,#,0.49
1310410093,2004,1310410,13,015,01,#,5.18,#,0.449
1310410095,2004,1310410,13,015,01,#,5.78,#,0.493
1310420001,2004,1310420,13,015,02,#,5.86,#,0.459
1310420003,2004,1310420,13,015,02,#,5.94,#,0.487
1310420005,2004,1310420,13,015,02,#,5.69,#,0.524
1310420007,2004,1310420,13,015,02,#,6.15,#,0.587
1310420009,2004,1310420,13,015,02,#,6.14,#,0.38
1310420011,2004,1310420,13,015,02,#,5.82,#,0.389
1310420013,2004,1310420,13,015,02,#,5.88,#,0.454
1310420015,2004,1310420,13,015,02,#,5.96,#,0.371
1310420017,2004,1310420,13,015,02,#,4.46,#,0.323
1310420019,2004,1310420,13,015,02,#,4.48,#,0.32
1310420021,2004,1310420,13,015,02,#,4.86,#,0.352
1310420023,2004,1310420,13,015,02,#,5.03,#,0.311
1310420025,2004,1310420,13,015,02,#,4.82,#,0.321
1310420027,2004,1310420,13,015,02,#,4.82,#,0.328
1310420029,2004,1310420,13,015,02,#,4.98,#,0.358
1310420031,2004,1310420,13,015,02,#,5.3,#,0.333
1310420033,2004,1310420,13,015,02,#,3.99,#,0.22
1310420035,2004,1310420,13,015,02,#,3.7,#,0.24
1310420037,2004,1310420,13,015,02,#,3.93,#,0.272
1310420039,2004,1310420,13,015,02,#,4.03,#,0.242
1310420041,2004,1310420,13,015,02,#,4.04,#,0.303
1310420043,2004,1310420,13,015,02,#,4.43,#,0.34
1310420045,2004,1310420,13,015,02,#,4.39,#,0.346
1310420047,2004,1310420,13,015,02,#,3.84,#,0.296
1310420049,2004,1310420,13,015,02,#,3.33,#,0.148
1310420051,2004,1310420,13,015,02,#,2.95,#,0.139
1310420053,2004,1310420,13,015,02,#,3.3,#,0.163
1310420055,2004,1310420,13,015,02,#,3.47,#,0.152
1310420057,2004,1310420,13,015,02,#,3.34,#,0.142
1310420059,2004,1310420,13,015,02,#,3.13,#,0.126
1310420061,2004,1310420,13,015,02,#,3.24,#,0.158
1310420063,2004,1310420,13,015,02,#,3.32,#,0.153
1310420065,2004,1310420,13,015,02,#,3.88,#,0.152
1310420067,2004,1310420,13,015,02,#,4.11,#,0.175
1310420069,2004,1310420,13,015,02,#,4.14,#,0.194
1310420071,2004,1310420,13,015,02,#,3.9,#,0.183
1310420073,2004,1310420,13,015,02,#,6.94,#,0.367
1310420075,2004,1310420,13,015,02,#,6.88,#,0.389
1310420077,2004,1310420,13,015,02,#,6.84,#,0.388
1310420079,2004,1310420,13,015,02,#,6.75,#,0.386
1310420081,2004,1310420,13,015,02,#,6.78,#,0.363
1310420083,2004,1310420,13,015,02,#,6.73,#,0.374
1310420085,2004,1310420,13,015,02,#,6.66,#,0.366
1310420087,2004,1310420,13,015,02,#,6.66,#,0.381
1310420089,2004,1310420,13,015,02,#,6.75,#,0.376
1310420091,2004,1310420,13,015,02,#,5.73,#,0.378
1310420093,2004,1310420,13,015,02,#,5.24,#,0.345
1310420095,2004,1310420,13,015,02,#,5.54,#,0.358
1310430001,2004,1310430,13,015,51,#,7.06,#,0.575
1310430006,2004,1310430,13,015,51,#,8.1,#,0.715
1310430011,2004,1310430,13,015,51,#,4.72,#,0.285
1310430016,2004,1310430,13,015,51,#,5.9,#,0.451
1310430021,2004,1310430,13,015,51,#,3.37,#,0.241
1310430026,2004,1310430,13,015,51,#,4.62,#,0.272
1310430031,2004,1310430,13,015,51,#,2.64,#,0.082
1310430036,2004,1310430,13,015,51,#,2.51,#,0.082
1310430041,2004,1310430,13,015,51,#,2.63,#,0.104
1310430046,2004,1310430,13,015,51,#,6.83,#,0.563
1310430051,2004,1310430,13,015,51,#,5.43,#,0.396
1310430056,2004,1310430,13,015,51,#,5.3,#,0.343
1310440001,2004,1310440,13,015,52,#,7.19,#,0.557
1310440006,2004,1310440,13,015,52,#,6.81,#,0.541
1310440011,2004,1310440,13,015,52,#,5.04,#,0.315
1310440016,2004,1310440,13,015,52,#,5.56,#,0.402
1310440021,2004,1310440,13,015,52,#,4.24,#,0.304
1310440026,2004,1310440,13,015,52,#,4.13,#,0.287
1310440031,2004,1310440,13,015,52,#,3.26,#,0.154
1310440036,2004,1310440,13,015,52,#,3.31,#,0.128
1310440041,2004,1310440,13,015,52,#,4.07,#,0.169
1310440046,2004,1310440,13,015,52,#,6.54,#,0.353
1310440051,2004,1310440,13,015,52,#,5.25,#,0.181
1310440056,2004,1310440,13,015,52,#,4.87,#,0.201
1310450001,2004,1310450,13,015,53,#,7.22,#,0.596
1310450006,2004,1310450,13,015,53,#,7.89,#,0.544
1310450011,2004,1310450,13,015,53,#,5.99,#,0.323
1310450016,2004,1310450,13,015,53,#,6.58,#,0.448
1310450021,2004,1310450,13,015,53,#,5.38,#,0.371
1310450026,2004,1310450,13,015,53,#,5.26,#,0.361
1310450031,2004,1310450,13,015,53,#,3.89,#,0.208
1310450036,2004,1310450,13,015,53,#,3.99,#,0.234
1310450041,2004,1310450,13,015,53,#,5.75,#,0.258
1310450046,2004,1310450,13,015,53,#,9.32,#,0.574
1310450051,2004,1310450,13,015,53,#,9.36,#,0.577
1310450056,2004,1310450,13,015,53,#,8.27,#,0.466
1310460001,2004,1310460,13,015,54,#,6.63,#,0.619
1310460006,2004,1310460,13,015,54,#,6.36,#,0.47
1310460011,2004,1310460,13,015,54,#,5.04,#,0.402
1310460016,2004,1310460,13,015,54,#,5.8,#,0.475
1310460021,2004,1310460,13,015,54,#,4.22,#,0.334
1310460026,2004,1310460,13,015,54,#,4.58,#,0.429
1310460031,2004,1310460,13,015,54,#,2.88,#,0.148
1310460036,2004,1310460,13,015,54,#,3.07,#,0.141
1310460041,2004,1310460,13,015,54,#,4.22,#,0.201
1310460046,2004,1310460,13,015,54,#,7.1,#,0.511
1310460051,2004,1310460,13,015,54,#,6.89,#,0.497
1310460056,2004,1310460,13,015,54,#,6.72,#,0.44
1310480001,2004,1310480,13,015,56,#,6.22,#,0.589
1310480006,2004,1310480,13,015,56,#,5.88,#,0.438
1310480011,2004,1310480,13,015,56,#,4.77,#,0.405
1310480016,2004,1310480,13,015,56,#,6.1,#,0.296
1310480021,2004,1310480,13,015,56,#,3.98,#,0.24
1310480026,2004,1310480,13,015,56,#,4.41,#,0.331
1310480031,2004,1310480,13,015,56,#,3.75,#,0.137
1310480036,2004,1310480,13,015,56,#,3.64,#,0.132
1310480041,2004,1310480,13,015,56,#,4.55,#,0.143
1310480046,2004,1310480,13,015,56,#,7.59,#,0.304
1310480051,2004,1310480,13,015,56,#,7.43,#,0.312
1310480056,2004,1310480,13,015,56,#,7.06,#,0.356
1310530001,2004,1310530,13,015,03,#,5.41,#,0.422
1310530003,2004,1310530,13,015,03,#,3.57,#,0.229
1310530005,2004,1310530,13,015,03,#,4.82,#,0.351
1310530007,2004,1310530,13,015,03,#,3.06,#,0.26
1310530009,2004,1310530,13,015,03,#,3.03,#,0.203
1310530011,2004,1310530,13,015,03,#,3.16,#,0.25
1310530013,2004,1310530,13,015,03,#,3.35,#,0.237
1310530015,2004,1310530,13,015,03,#,3.02,#,0.218
1310530017,2004,1310530,13,015,03,#,3.96,#,0.334
1310530019,2004,1310530,13,015,03,#,2.4,#,0.234
1310530021,2004,1310530,13,015,03,#,3.73,#,0.278
1310530023,2004,1310530,13,015,03,#,4.03,#,0.302
1310530025,2004,1310530,13,015,03,#,3.77,#,0.29
1310530027,2004,1310530,13,015,03,#,3.59,#,0.298
1310530029,2004,1310530,13,015,03,#,2.82,#,0.234
1310530031,2004,1310530,13,015,03,#,3.2,#,0.262
1310530033,2004,1310530,13,015,03,#,4.3,#,0.264
1310530035,2004,1310530,13,015,03,#,1.95,#,0.239
1310530037,2004,1310530,13,015,03,#,2.27,#,0.212
1310530039,2004,1310530,13,015,03,#,2.65,#,0.238
1310530041,2004,1310530,13,015,03,#,3.44,#,0.252
1310530043,2004,1310530,13,015,03,#,3.16,#,0.278
1310530045,2004,1310530,13,015,03,#,3.66,#,0.297
1310530047,2004,1310530,13,015,03,#,2.59,#,0.269
1310530049,2004,1310530,13,015,03,#,3.46,#,0.141
1310530051,2004,1310530,13,015,03,#,3.23,#,0.144
1310530053,2004,1310530,13,015,03,#,3.46,#,0.143
1310530055,2004,1310530,13,015,03,#,3.19,#,0.131
1310530057,2004,1310530,13,015,03,#,3.27,#,0.128
1310530059,2004,1310530,13,015,03,#,3.29,#,0.14
1310530061,2004,1310530,13,015,03,#,3.53,#,0.156
1310530063,2004,1310530,13,015,03,#,3.42,#,0.15
1310530065,2004,1310530,13,015,03,#,2.39,#,0.14
1310530067,2004,1310530,13,015,03,#,2.57,#,0.132
1310530069,2004,1310530,13,015,03,#,3,#,0.144
1310530071,2004,1310530,13,015,03,#,2.87,#,0.144
1310530073,2004,1310530,13,015,03,#,4.72,#,0.229
1310530075,2004,1310530,13,015,03,#,3.75,#,0.198
1310530077,2004,1310530,13,015,03,#,4.87,#,0.272
1310530079,2004,1310530,13,015,03,#,2.73,#,0.178
1310530081,2004,1310530,13,015,03,#,2.8,#,0.162
1310530083,2004,1310530,13,015,03,#,3.55,#,0.301
1310530085,2004,1310530,13,015,03,#,2.18,#,0.121
1310530087,2004,1310530,13,015,03,#,2.89,#,0.176
1310530089,2004,1310530,13,015,03,#,5.31,#,0.262
1310530091,2004,1310530,13,015,03,#,4.72,#,0.275
1310530093,2004,1310530,13,015,03,#,4.54,#,0.26
1310530095,2004,1310530,13,015,03,#,4.03,#,0.225
1310540001,2004,1310540,13,015,58,#,7.17,#,0.501
1310540006,2004,1310540,13,015,58,#,3.12,#,0.287
1310540011,2004,1310540,13,015,58,#,4.83,#,0.354
1310540016,2004,1310540,13,015,58,#,5.64,#,0.4
1310540021,2004,1310540,13,015,58,#,4.48,#,0.301
1310540026,2004,1310540,13,015,58,#,4.17,#,0.3
1310540031,2004,1310540,13,015,58,#,3.47,#,0.169
1310540036,2004,1310540,13,015,58,#,3.45,#,0.135
1310540041,2004,1310540,13,015,58,#,2.48,#,0.136
1310540046,2004,1310540,13,015,58,#,6.24,#,0.29
1310540051,2004,1310540,13,015,58,#,4.11,#,0.227
1310540056,2004,1310540,13,015,58,#,5.83,#,0.339
1310550001,2004,1310550,13,017,01,#,11.4,#,0.527
1310550004,2004,1310550,13,017,01,#,11.6,#,0.62
1310550007,2004,1310550,13,017,01,#,10.6,#,0.814
1310550010,2004,1310550,13,017,01,#,11.2,#,0.669
1310550013,2004,1310550,13,017,01,#,8.1,#,0.333
1310550016,2004,1310550,13,017,01,#,9.94,#,0.43
1310550019,2004,1310550,13,017,01,#,9.34,#,0.28
1310550022,2004,1310550,13,017,01,#,9.44,#,0.259
1310550025,2004,1310550,13,017,01,#,10.9,#,0.397
1310550028,2004,1310550,13,017,01,#,13,#,0.718
1310550031,2004,1310550,13,017,01,#,12.3,#,0.758
1310550034,2004,1310550,13,017,01,#,11.9,#,0.535
1310560001,2004,1310560,13,017,51,#,7.3,#,0.308
1310560004,2004,1310560,13,017,51,#,10,#,0.403
1310560007,2004,1310560,13,017,51,#,10.4,#,0.322
1310560010,2004,1310560,13,017,51,#,11.2,#,0.402
1310560013,2004,1310560,13,017,51,#,8.82,#,0.257
1310560016,2004,1310560,13,017,51,#,8.87,#,0.244
1310560019,2004,1310560,13,017,51,#,9.01,#,0.178
1310560022,2004,1310560,13,017,51,#,8.92,#,0.191
1310560025,2004,1310560,13,017,51,#,10.4,#,0.248
1310560028,2004,1310560,13,017,51,#,11.4,#,0.606
1310560031,2004,1310560,13,017,51,#,10.4,#,0.327
1310560034,2004,1310560,13,017,51,#,12.4,#,0.76
1310570001,2004,1310570,13,017,52,#,8.23,#,0.501
1310570004,2004,1310570,13,017,52,#,10.2,#,0.394
1310570007,2004,1310570,13,017,52,#,10.9,#,0.523
1310570010,2004,1310570,13,017,52,#,11.4,#,0.618
1310570013,2004,1310570,13,017,52,#,10.5,#,0.454
1310570016,2004,1310570,13,017,52,#,9.23,#,0.423
1310570019,2004,1310570,13,017,52,#,9.41,#,0.223
1310570022,2004,1310570,13,017,52,#,9.39,#,0.284
1310570025,2004,1310570,13,017,52,#,10.8,#,0.441
1310570028,2004,1310570,13,017,52,#,12.2,#,0.933
1310570031,2004,1310570,13,017,52,#,10.7,#,0.501
1310570034,2004,1310570,13,017,52,#,12.7,#,0.789
1310580001,2004,1310580,13,018,01,#,7.17,#,0.116
1310580004,2004,1310580,13,018,01,#,6.61,#,0.088
1310580007,2004,1310580,13,018,01,#,9.58,#,0.237
1310580010,2004,1310580,13,018,01,#,10.2,#,0.319
1310580013,2004,1310580,13,018,01,#,8.36,#,0.255
1310580016,2004,1310580,13,018,01,#,7.18,#,0.148
1310580019,2004,1310580,13,018,01,#,10.1,#,0.055
1310580022,2004,1310580,13,018,01,#,9.61,#,0.241
1310580025,2004,1310580,13,018,01,#,10.6,#,0.282
1310580028,2004,1310580,13,018,01,#,12,#,0.615
1310580031,2004,1310580,13,018,01,#,9.4,#,0.195
1310580034,2004,1310580,13,018,01,#,10.6,#,0.076
1310600001,2004,1310600,13,019,01,#,8.76,#,0.368
1310600004,2004,1310600,13,019,01,#,8.53,#,0.447
1310600007,2004,1310600,13,019,01,#,8.51,#,0.409
1310600010,2004,1310600,13,019,01,#,10.6,#,0.636
1310600013,2004,1310600,13,019,01,#,8.55,#,0.438
1310600016,2004,1310600,13,019,01,#,7.93,#,0.367
1310600019,2004,1310600,13,019,01,#,5.56,#,0.094
1310600022,2004,1310600,13,019,01,#,8.9,#,0.226
1310600025,2004,1310600,13,019,01,#,10.3,#,0.297
1310600028,2004,1310600,13,019,01,#,10.1,#,0.316
1310600031,2004,1310600,13,019,01,#,8.59,#,0.142
1310600034,2004,1310600,13,019,01,#,12.3,#,0.099
1310630001,2004,1310630,13,020,01,#,8.74,#,0.614
1310630004,2004,1310630,13,020,01,#,8.37,#,0.747
1310630007,2004,1310630,13,020,01,#,8.85,#,0.932
1310630010,2004,1310630,13,020,01,#,8.55,#,0.759
1310630013,2004,1310630,13,020,01,#,7.4,#,0.87
1310630016,2004,1310630,13,020,01,#,8.28,#,0.796
1310630019,2004,1310630,13,020,01,#,10.4,#,0.611
1310630022,2004,1310630,13,020,01,#,8.3,#,0.377
1310630025,2004,1310630,13,020,01,#,9.94,#,0.629
1310630028,2004,1310630,13,020,01,#,9.53,#,0.626
1310630031,2004,1310630,13,020,01,#,10.1,#,0.659
1310630034,2004,1310630,13,020,01,#,9.96,#,0.78
1310650001,2004,1310650,13,020,52,#,11.1,#,1.1
1310650004,2004,1310650,13,020,52,#,11.2,#,1.39
1310650007,2004,1310650,13,020,52,#,10,#,0.919
1310650010,2004,1310650,13,020,52,#,10,#,0.947
1310650013,2004,1310650,13,020,52,#,11.5,#,1.33
1310650016,2004,1310650,13,020,52,#,10.8,#,1.16
1310650019,2004,1310650,13,020,52,#,10.8,#,0.438
1310650022,2004,1310650,13,020,52,#,11.4,#,0.732
1310650025,2004,1310650,13,020,52,#,13.3,#,0.881
1310650028,2004,1310650,13,020,52,#,12.2,#,0.99
1310650031,2004,1310650,13,020,52,#,14.8,#,1.15
1310650034,2004,1310650,13,020,52,#,13.7,#,1.1
1310660001,2004,1310660,13,021,01,#,2.29,#,0.017
1310660004,2004,1310660,13,021,01,#,2.33,#,0.014
1310660007,2004,1310660,13,021,01,#,2.92,#,0.024
1310660010,2004,1310660,13,021,01,#,3.19,#,0.023
1310660013,2004,1310660,13,021,01,#,2.21,#,0.022
1310660016,2004,1310660,13,021,01,#,2.62,#,0.024
1310660019,2004,1310660,13,021,01,#,4.81,#,0.022
1310660022,2004,1310660,13,021,01,#,3.44,#,0.034
1310660025,2004,1310660,13,021,01,#,2.85,#,0.021
1310660028,2004,1310660,13,021,01,#,2.96,#,0.019
1310660031,2004,1310660,13,021,01,#,3.5,#,0.013
1310660034,2004,1310660,13,021,01,#,2.89,#,0.02
1310670001,2004,1310670,13,022,01,#,1.52,#,0.016
1310670003,2004,1310670,13,022,01,#,1.37,#,0.014
1310670005,2004,1310670,13,022,01,#,1.36,#,0.021
1310670007,2004,1310670,13,022,01,#,1.12,#,0.017
1310670009,2004,1310670,13,022,01,#,1.39,#,0.017
1310670011,2004,1310670,13,022,01,#,1.51,#,0.017
1310670013,2004,1310670,13,022,01,#,1.55,#,0.016
1310670015,2004,1310670,13,022,01,#,1.24,#,0.012
1310670017,2004,1310670,13,022,01,#,1.49,#,0.012
1310670019,2004,1310670,13,022,01,#,1.13,#,0.012
1310670021,2004,1310670,13,022,01,#,1.3,#,0.01
1310670023,2004,1310670,13,022,01,#,1.09,#,0.013
1310690001,2004,1310690,13,023,01,#,3.22,#,0.113
1310690004,2004,1310690,13,023,01,#,4.55,#,0.244
1310690007,2004,1310690,13,023,01,#,3.08,#,0.142
1310690010,2004,1310690,13,023,01,#,2.63,#,0.153
1310690013,2004,1310690,13,023,01,#,1.5,#,0.147
1310690016,2004,1310690,13,023,01,#,3.05,#,0.105
1310690019,2004,1310690,13,023,01,#,6.37,#,0.177
1310690022,2004,1310690,13,023,01,#,4.06,#,0.077
1310690025,2004,1310690,13,023,01,#,4.79,#,0.085
1310690028,2004,1310690,13,023,01,#,5.1,#,0.231
1310690031,2004,1310690,13,023,01,#,3.7,#,0.133
1310690034,2004,1310690,13,023,01,#,3.76,#,0.137
1310700001,2004,1310700,13,024,01,#,2.2,#,0.032
1310700004,2004,1310700,13,024,01,#,1.71,#,0.03
1310700007,2004,1310700,13,024,01,#,2.19,#,0.055
1310700010,2004,1310700,13,024,01,#,1.61,#,0.038
1310700013,2004,1310700,13,024,01,#,1.8,#,0.041
1310700016,2004,1310700,13,024,01,#,2.03,#,0.043
1310700019,2004,1310700,13,024,01,#,7.84,#,0.031
1310700022,2004,1310700,13,024,01,#,5.14,#,0.034
1310700025,2004,1310700,13,024,01,#,4.51,#,0.033
1310700028,2004,1310700,13,024,01,#,2.85,#,0.024
1310700031,2004,1310700,13,024,01,#,3.14,#,0.021
1310700034,2004,1310700,13,024,01,#,4.19,#,0.028
1310730001,2004,1310730,13,025,01,#,3.4,#,0.134
1310730004,2004,1310730,13,025,01,#,4.09,#,0.13
1310730007,2004,1310730,13,025,01,#,3.2,#,0.106
1310730010,2004,1310730,13,025,01,#,3.01,#,0.16
1310730013,2004,1310730,13,025,01,#,1.91,#,0.072
1310730016,2004,1310730,13,025,01,#,2.99,#,0.064
1310730019,2004,1310730,13,025,01,#,2.68,#,0.341
1310730022,2004,1310730,13,025,01,#,2.88,#,0.054
1310730025,2004,1310730,13,025,01,#,4.59,#,0.129
1310730028,2004,1310730,13,025,01,#,3.54,#,0.087
1310730031,2004,1310730,13,025,01,#,2.24,#,0.081
1310730034,2004,1310730,13,025,01,#,3.41,#,0.079
1310740001,2004,1310740,13,026,01,#,5,#,0.408
1310740003,2004,1310740,13,026,01,#,5.2,#,0.449
1310740005,2004,1310740,13,026,01,#,5,#,0.337
1310740007,2004,1310740,13,026,01,#,5.05,#,0.358
1310740009,2004,1310740,13,026,01,#,5.24,#,0.401
1310740011,2004,1310740,13,026,01,#,5.52,#,0.498
1310740013,2004,1310740,13,026,01,#,5.1,#,0.387
1310740015,2004,1310740,13,026,01,#,5.14,#,0.415
1310740017,2004,1310740,13,026,01,#,4.34,#,0.181
1310740019,2004,1310740,13,026,01,#,4.21,#,0.185
1310740021,2004,1310740,13,026,01,#,3.97,#,0.17
1310740023,2004,1310740,13,026,01,#,4.48,#,0.168
1310740025,2004,1310740,13,026,01,#,4.64,#,0.277
1310740027,2004,1310740,13,026,01,#,4.61,#,0.312
1310740029,2004,1310740,13,026,01,#,4.35,#,0.269
1310740031,2004,1310740,13,026,01,#,4.8,#,0.348
1310740033,2004,1310740,13,026,01,#,3.84,#,0.204
1310740035,2004,1310740,13,026,01,#,3.82,#,0.212
1310740037,2004,1310740,13,026,01,#,3.99,#,0.204
1310740039,2004,1310740,13,026,01,#,4.14,#,0.236
1310740041,2004,1310740,13,026,01,#,3.72,#,0.186
1310740043,2004,1310740,13,026,01,#,3.66,#,0.199
1310740045,2004,1310740,13,026,01,#,3.8,#,0.195
1310740047,2004,1310740,13,026,01,#,3.95,#,0.215
1310740049,2004,1310740,13,026,01,#,4.42,#,0.103
1310740051,2004,1310740,13,026,01,#,4.53,#,0.113
1310740053,2004,1310740,13,026,01,#,4.34,#,0.126
1310740055,2004,1310740,13,026,01,#,5.01,#,0.124
1310740057,2004,1310740,13,026,01,#,3.52,#,0.08
1310740059,2004,1310740,13,026,01,#,3.45,#,0.091
1310740061,2004,1310740,13,026,01,#,3.73,#,0.111
1310740063,2004,1310740,13,026,01,#,3.86,#,0.107
1310740065,2004,1310740,13,026,01,#,3.92,#,0.118
1310740067,2004,1310740,13,026,01,#,3.95,#,0.128
1310740069,2004,1310740,13,026,01,#,3.89,#,0.128
1310740071,2004,1310740,13,026,01,#,4.03,#,0.143
1310740073,2004,1310740,13,026,01,#,6.14,#,0.275
1310740075,2004,1310740,13,026,01,#,6.19,#,0.306
1310740077,2004,1310740,13,026,01,#,5.2,#,0.252
1310740079,2004,1310740,13,026,01,#,6.83,#,0.264
1310740081,2004,1310740,13,026,01,#,5.62,#,0.269
1310740083,2004,1310740,13,026,01,#,5.63,#,0.26
1310740085,2004,1310740,13,026,01,#,5.3,#,0.23
1310740087,2004,1310740,13,026,01,#,5.58,#,0.285
1310740089,2004,1310740,13,026,01,#,5.22,#,0.279
1310740091,2004,1310740,13,026,01,#,5.49,#,0.273
1310740093,2004,1310740,13,026,01,#,5.39,#,0.251
1310740095,2004,1310740,13,026,01,#,5.35,#,0.276
1310750001,2004,1310750,13,025,02,#,5.06,#,0.348
1310750004,2004,1310750,13,025,02,#,5.86,#,0.608
1310750007,2004,1310750,13,025,02,#,5.38,#,0.372
1310750010,2004,1310750,13,025,02,#,3.8,#,0.275
1310750013,2004,1310750,13,025,02,#,3.08,#,0.201
1310750016,2004,1310750,13,025,02,#,3.39,#,0.141
1310750019,2004,1310750,13,025,02,#,5.26,#,0.307
1310750022,2004,1310750,13,025,02,#,4.45,#,0.332
1310750025,2004,1310750,13,025,02,#,4.18,#,0.097
1310750028,2004,1310750,13,025,02,#,6.41,#,0.406
1310750031,2004,1310750,13,025,02,#,4,#,0.27
1310750034,2004,1310750,13,025,02,#,5.54,#,0.355
1310780001,2004,1310780,13,027,01,#,2.64,#,0.034
1310780004,2004,1310780,13,027,01,#,3.43,#,0.114
1310780007,2004,1310780,13,027,01,#,2.44,#,0.03
1310780010,2004,1310780,13,027,01,#,2.61,#,0.139
1310780013,2004,1310780,13,027,01,#,2.4,#,0.2
1310780016,2004,1310780,13,027,01,#,2.49,#,0.028
1310780019,2004,1310780,13,027,01,#,1.59,#,0.071
1310780022,2004,1310780,13,027,01,#,2.26,#,0.018
1310780025,2004,1310780,13,027,01,#,3.15,#,0.058
1310780028,2004,1310780,13,027,01,#,2.28,#,0.027
1310780031,2004,1310780,13,027,01,#,1.45,#,0.087
1310780034,2004,1310780,13,027,01,#,2.21,#,0.024
1310790001,2004,1310790,13,028,01,#,4.21,#,0.161
1310790004,2004,1310790,13,028,01,#,5.01,#,0.213
1310790007,2004,1310790,13,028,01,#,3.36,#,0.124
1310790010,2004,1310790,13,028,01,#,3.2,#,0.152
1310790013,2004,1310790,13,028,01,#,3.22,#,0.063
1310790016,2004,1310790,13,028,01,#,3.4,#,0.12
1310790019,2004,1310790,13,028,01,#,3.62,#,0.039
1310790022,2004,1310790,13,028,01,#,3.4,#,0.045
1310790025,2004,1310790,13,028,01,#,3.26,#,0.052
1310790028,2004,1310790,13,028,01,#,4.9,#,0.211
1310790031,2004,1310790,13,028,01,#,5.2,#,0.146
1310790034,2004,1310790,13,028,01,#,3.72,#,0.148
1310800001,2004,1310800,13,029,01,#,1.76,#,0.076
1310800003,2004,1310800,13,029,01,#,1.84,#,0.073
1310800005,2004,1310800,13,029,01,#,1.85,#,0.1
1310800007,2004,1310800,13,029,01,#,2.13,#,0.077
1310800009,2004,1310800,13,029,01,#,2.11,#,0.07
1310800011,2004,1310800,13,029,01,#,1.98,#,0.077
1310800013,2004,1310800,13,029,01,#,1.95,#,0.101
1310800015,2004,1310800,13,029,01,#,1.91,#,0.096
1310800017,2004,1310800,13,029,01,#,1.9,#,0.066
1310800019,2004,1310800,13,029,01,#,1.67,#,0.062
1310800021,2004,1310800,13,029,01,#,1.65,#,0.068
1310800023,2004,1310800,13,029,01,#,1.92,#,0.07
1310800025,2004,1310800,13,029,01,#,1.46,#,0.045
1310800027,2004,1310800,13,029,01,#,1.66,#,0.064
1310800029,2004,1310800,13,029,01,#,1.51,#,0.065
1310800031,2004,1310800,13,029,01,#,1.83,#,0.066
1310800033,2004,1310800,13,029,01,#,1.29,#,0.059
1310800035,2004,1310800,13,029,01,#,1.15,#,0.055
1310800037,2004,1310800,13,029,01,#,1.08,#,0.057
1310800039,2004,1310800,13,029,01,#,1.23,#,0.061
1310800041,2004,1310800,13,029,01,#,1.97,#,0.064
1310800043,2004,1310800,13,029,01,#,1.6,#,0.055
1310800045,2004,1310800,13,029,01,#,1.83,#,0.06
1310800047,2004,1310800,13,029,01,#,1.76,#,0.074
1310800049,2004,1310800,13,029,01,#,3.08,#,0.042
1310800051,2004,1310800,13,029,01,#,2.56,#,0.069
1310800053,2004,1310800,13,029,01,#,2.42,#,0.053
1310800055,2004,1310800,13,029,01,#,2.73,#,0.045
1310800057,2004,1310800,13,029,01,#,2.4,#,0.032
1310800059,2004,1310800,13,029,01,#,2.37,#,0.032
1310800061,2004,1310800,13,029,01,#,2.54,#,0.038
1310800063,2004,1310800,13,029,01,#,2.54,#,0.037
1310800065,2004,1310800,13,029,01,#,2.2,#,0.05
1310800067,2004,1310800,13,029,01,#,2.02,#,0.053
1310800069,2004,1310800,13,029,01,#,2,#,0.043
1310800071,2004,1310800,13,029,01,#,2.45,#,0.046
1310800073,2004,1310800,13,029,01,#,1.96,#,0.075
1310800075,2004,1310800,13,029,01,#,2.01,#,0.075
1310800077,2004,1310800,13,029,01,#,2.02,#,0.068
1310800079,2004,1310800,13,029,01,#,2.08,#,0.107
1310800081,2004,1310800,13,029,01,#,1.99,#,0.909
1310800083,2004,1310800,13,029,01,#,1.88,#,0.564
1310800085,2004,1310800,13,029,01,#,1.97,#,0.254
1310800087,2004,1310800,13,029,01,#,1.98,#,0.324
1310800089,2004,1310800,13,029,01,#,1.9,#,0.065
1310800091,2004,1310800,13,029,01,#,2.02,#,0.067
1310800093,2004,1310800,13,029,01,#,2.01,#,0.073
1310800095,2004,1310800,13,029,01,#,2.12,#,0.069
1310810001,2004,1310810,13,030,01,#,6.46,#,0.551
1310810003,2004,1310810,13,030,01,#,4.34,#,0.252
1310810005,2004,1310810,13,030,01,#,4.85,#,0.272
1310810007,2004,1310810,13,030,01,#,5.04,#,0.208
1310810009,2004,1310810,13,030,01,#,8.47,#,0.408
1310810011,2004,1310810,13,030,01,#,8.57,#,0.348
1310810013,2004,1310810,13,030,01,#,8.43,#,0.363
1310810015,2004,1310810,13,030,01,#,8.72,#,0.426
1310810017,2004,1310810,13,030,01,#,6.9,#,0.145
1310810019,2004,1310810,13,030,01,#,6.7,#,0.156
1310810021,2004,1310810,13,030,01,#,6.86,#,0.198
1310810023,2004,1310810,13,030,01,#,6.37,#,0.305
1310810025,2004,1310810,13,030,01,#,9.39,#,0.22
1310810027,2004,1310810,13,030,01,#,9.37,#,0.511
1310810029,2004,1310810,13,030,01,#,6.74,#,0.362
1310810031,2004,1310810,13,030,01,#,6.74,#,0.163
1310810033,2004,1310810,13,030,01,#,8.84,#,0.171
1310810035,2004,1310810,13,030,01,#,10.3,#,0.185
1310810037,2004,1310810,13,030,01,#,10.4,#,0.15
1310810039,2004,1310810,13,030,01,#,9.48,#,0.128
1310810041,2004,1310810,13,030,01,#,6.11,#,0.127
1310810043,2004,1310810,13,030,01,#,5.45,#,0.144
1310810045,2004,1310810,13,030,01,#,5.96,#,0.135
1310810047,2004,1310810,13,030,01,#,5.18,#,0.346
1310810049,2004,1310810,13,030,01,#,5.9,#,0.068
1310810051,2004,1310810,13,030,01,#,5.87,#,0.072
1310810053,2004,1310810,13,030,01,#,5.67,#,0.293
1310810055,2004,1310810,13,030,01,#,4.75,#,0.117
1310810057,2004,1310810,13,030,01,#,6.62,#,0.056
1310810059,2004,1310810,13,030,01,#,6.47,#,0.052
1310810061,2004,1310810,13,030,01,#,6.24,#,0.136
1310810063,2004,1310810,13,030,01,#,6.77,#,0.127
1310810065,2004,1310810,13,030,01,#,7.67,#,0.035
1310810067,2004,1310810,13,030,01,#,7.88,#,0.035
1310810069,2004,1310810,13,030,01,#,7.64,#,0.044
1310810071,2004,1310810,13,030,01,#,7.61,#,0.044
1310810073,2004,1310810,13,030,01,#,9.92,#,0.029
1310810075,2004,1310810,13,030,01,#,9.74,#,0.035
1310810077,2004,1310810,13,030,01,#,7.35,#,0.022
1310810079,2004,1310810,13,030,01,#,9.08,#,0.028
1310810081,2004,1310810,13,030,01,#,9.74,#,0.052
1310810083,2004,1310810,13,030,01,#,9.5,#,0.067
1310810085,2004,1310810,13,030,01,#,9.82,#,0.114
1310810087,2004,1310810,13,030,01,#,9.47,#,0.058
1310810089,2004,1310810,13,030,01,#,9.53,#,0.191
1310810091,2004,1310810,13,030,01,#,8.4,#,0.216
1310810093,2004,1310810,13,030,01,#,8.78,#,0.205
1310810095,2004,1310810,13,030,01,#,8.44,#,0.138
1310820001,2004,1310820,13,030,51,#,2.72,#,0.058
1310820002,2004,1310820,13,030,51,#,2.51,#,0.089
1310820003,2004,1310820,13,030,51,#,1.54,#,0.086
1310820004,2004,1310820,13,030,51,#,1.26,#,0.103
1310820005,2004,1310820,13,030,51,#,0.83,#,0.102
1310820006,2004,1310820,13,030,51,#,1.89,#,0.205
1310820007,2004,1310820,13,030,51,#,6.68,#,0.034
1310820008,2004,1310820,13,030,51,#,6.29,#,0.027
1310820009,2004,1310820,13,030,51,#,8.25,#,0.022
1310820010,2004,1310820,13,030,51,#,6.35,#,0.017
1310820011,2004,1310820,13,030,51,#,6.34,#,0.024
1310820012,2004,1310820,13,030,51,#,4.3,#,0.045
1310830001,2004,1310830,13,031,01,#,7.03,#,0.553
1310830004,2004,1310830,13,031,01,#,7.74,#,0.492
1310830007,2004,1310830,13,031,01,#,3.98,#,0.308
1310830010,2004,1310830,13,031,01,#,3.76,#,0.461
1310830013,2004,1310830,13,031,01,#,3.37,#,0.411
1310830016,2004,1310830,13,031,01,#,4,#,0.391
1310830019,2004,1310830,13,031,01,#,4.54,#,0.137
1310830022,2004,1310830,13,031,01,#,6.04,#,0.176
1310830025,2004,1310830,13,031,01,#,6,#,0.251
1310830028,2004,1310830,13,031,01,#,6.04,#,0.308
1310830031,2004,1310830,13,031,01,#,6.24,#,0.443
1310830034,2004,1310830,13,031,01,#,5.51,#,0.282
1310840001,2004,1310840,13,031,51,#,12.7,#,0.871
1310840004,2004,1310840,13,031,51,#,8.69,#,0.837
1310840019,2004,1310840,13,031,51,#,4.78,#,0.161
1310840022,2004,1310840,13,031,51,#,6.15,#,0.373
1310850001,2004,1310850,13,032,01,#,1.51,#,0.028
1310850003,2004,1310850,13,032,01,#,1.44,#,0.053
1310850005,2004,1310850,13,032,01,#,1.64,#,0.025
1310850007,2004,1310850,13,032,01,#,1.68,#,0.038
1310850009,2004,1310850,13,032,01,#,1.57,#,0.025
1310850011,2004,1310850,13,032,01,#,1.5,#,0.033
1310850013,2004,1310850,13,032,01,#,1.96,#,0.023
1310850015,2004,1310850,13,032,01,#,1.55,#,0.023
1310850017,2004,1310850,13,032,01,#,1.45,#,0.018
1310850019,2004,1310850,13,032,01,#,1.29,#,0.02
1310850021,2004,1310850,13,032,01,#,1.42,#,0.017
1310850023,2004,1310850,13,032,01,#,1.28,#,0.014
1310860001,2004,1310860,13,032,02,#,1.75,#,0.053
1310860003,2004,1310860,13,032,02,#,1.93,#,0.119
1310860005,2004,1310860,13,032,02,#,2.2,#,0.055
1310860007,2004,1310860,13,032,02,#,1.88,#,0.068
1310860009,2004,1310860,13,032,02,#,1.53,#,0.051
1310860011,2004,1310860,13,032,02,#,1.68,#,0.06
1310860013,2004,1310860,13,032,02,#,2.29,#,0.032
1310860015,2004,1310860,13,032,02,#,1.74,#,0.03
1310860017,2004,1310860,13,032,02,#,1.89,#,0.034
1310860019,2004,1310860,13,032,02,#,1.89,#,0.041
1310860021,2004,1310860,13,032,02,#,1.8,#,0.039
1310860023,2004,1310860,13,032,02,#,1.73,#,0.036
1310870001,2004,1310870,13,034,01,#,14.6,#,0.845
1310870004,2004,1310870,13,034,01,#,11.4,#,1.29
1310870007,2004,1310870,13,034,01,#,11.8,#,0.581
1310870010,2004,1310870,13,034,01,#,15.6,#,0.538
1310870013,2004,1310870,13,034,01,#,11.3,#,0.497
1310870016,2004,1310870,13,034,01,#,11.5,#,0.422
1310870019,2004,1310870,13,034,01,#,9.71,#,0.228
1310870022,2004,1310870,13,034,01,#,10.7,#,0.151
1310870025,2004,1310870,13,034,01,#,11.5,#,0.305
1310870028,2004,1310870,13,034,01,#,12.8,#,0.457
1310870031,2004,1310870,13,034,01,#,14.1,#,0.434
1310870034,2004,1310870,13,034,01,#,13.1,#,0.55
1310880001,2004,1310880,13,035,01,#,6.87,#,0.043
1310880004,2004,1310880,13,035,01,#,5.99,#,0.067
1310880007,2004,1310880,13,035,01,#,6.47,#,0.054
1310880010,2004,1310880,13,035,01,#,6.26,#,0.074
1310880013,2004,1310880,13,035,01,#,5.76,#,0.081
1310880016,2004,1310880,13,035,01,#,5.47,#,0.07
1310880019,2004,1310880,13,035,01,#,7.03,#,0.05
1310880022,2004,1310880,13,035,01,#,6.89,#,0.078
1310880025,2004,1310880,13,035,01,#,7.18,#,0.062
1310880028,2004,1310880,13,035,01,#,6.29,#,0.056
1310880031,2004,1310880,13,035,01,#,7.27,#,0.08
1310880034,2004,1310880,13,035,01,#,7.19,#,0.06
1310940001,2004,1310940,13,036,01,#,2.66,#,0.171
1310940004,2004,1310940,13,036,01,#,5.18,#,0.179
1310940007,2004,1310940,13,036,01,#,2.53,#,0.118
1310940010,2004,1310940,13,036,01,#,3.67,#,0.141
1310940013,2004,1310940,13,036,01,#,1.98,#,0.136
1310940016,2004,1310940,13,036,01,#,2.27,#,0.141
1310940019,2004,1310940,13,036,01,#,4.1,#,0.061
1310940022,2004,1310940,13,036,01,#,3.53,#,0.066
1310940025,2004,1310940,13,036,01,#,2.78,#,0.077
1310940028,2004,1310940,13,036,01,#,6.95,#,0.143
1310940031,2004,1310940,13,036,01,#,3.37,#,0.119
1310940034,2004,1310940,13,036,01,#,2.95,#,0.132
1310950001,2004,1310950,13,037,01,#,10.9,#,0.168
1310950004,2004,1310950,13,037,01,#,10.6,#,0.388
1310950007,2004,1310950,13,037,01,#,9.14,#,0.149
1310950010,2004,1310950,13,037,01,#,7.93,#,0.254
1310950013,2004,1310950,13,037,01,#,12.1,#,0.167
1310950016,2004,1310950,13,037,01,#,6.19,#,0.208
1310950019,2004,1310950,13,037,01,#,10.1,#,0.162
1310950022,2004,1310950,13,037,01,#,9.09,#,0.078
1310950025,2004,1310950,13,037,01,#,9.9,#,0.051
1310950028,2004,1310950,13,037,01,#,11.1,#,0.073
1310950031,2004,1310950,13,037,01,#,10.9,#,0.072
1310950034,2004,1310950,13,037,01,#,11,#,0.168
1310960001,2004,1310960,13,038,01,#,1.02,#,0.114
1310960004,2004,1310960,13,038,01,#,0.53,#,0.213
1310960007,2004,1310960,13,038,01,#,1.86,#,0.088
1310960010,2004,1310960,13,038,01,#,0.59,#,0.123
1310960013,2004,1310960,13,038,01,#,0.42,#,0.207
1310960016,2004,1310960,13,038,01,#,1.29,#,0.269
1310960019,2004,1310960,13,038,01,#,5.64,#,0.06
1310960022,2004,1310960,13,038,01,#,5.7,#,0.032
1310960025,2004,1310960,13,038,01,#,4.95,#,0.049
1310960028,2004,1310960,13,038,01,#,4.74,#,0.066
1310960031,2004,1310960,13,038,01,#,4.63,#,0.123
1310960034,2004,1310960,13,038,01,#,3.07,#,0.077
1310970002,2004,1310970,13,039,51,#,4.04,#,0.273
1310970005,2004,1310970,13,039,51,#,2.56,#,0.162
1310970008,2004,1310970,13,039,51,#,2.25,#,0.181
1310970011,2004,1310970,13,039,51,#,2.21,#,0.191
1310970014,2004,1310970,13,039,51,#,2.38,#,0.227
1310970017,2004,1310970,13,039,51,#,3.28,#,0.163
1310970020,2004,1310970,13,039,51,#,4.83,#,0.161
1310970023,2004,1310970,13,039,51,#,5.38,#,0.191
1310970026,2004,1310970,13,039,51,#,4.91,#,0.205
1310970029,2004,1310970,13,039,51,#,7.33,#,0.299
1310970032,2004,1310970,13,039,51,#,7.14,#,0.226
1310970035,2004,1310970,13,039,51,#,5.91,#,0.23
1310980001,2004,1310980,13,043,01,#,2.32,#,0.109
1310980004,2004,1310980,13,043,01,#,2.26,#,0.104
1310980007,2004,1310980,13,043,01,#,2.05,#,0.082
1310980010,2004,1310980,13,043,01,#,2.16,#,0.088
1310980013,2004,1310980,13,043,01,#,2.4,#,0.162
1310980016,2004,1310980,13,043,01,#,2.87,#,0.101
1310980019,2004,1310980,13,043,01,#,3.76,#,0.063
1310980022,2004,1310980,13,043,01,#,3.95,#,0.081
1310980025,2004,1310980,13,043,01,#,3.92,#,0.073
1310980028,2004,1310980,13,043,01,#,3.86,#,0.126
1310980031,2004,1310980,13,043,01,#,4.14,#,0.126
1310980034,2004,1310980,13,043,01,#,3.87,#,0.109
1310990001,2004,1310990,13,202,01,#,7.59,#,0.481
1310990004,2004,1310990,13,202,01,#,3.46,#,0.469
1310990007,2004,1310990,13,202,01,#,3.87,#,0.47
1310990010,2004,1310990,13,202,01,#,2.86,#,0.299
1310990013,2004,1310990,13,202,01,#,3.32,#,0.408
1310990016,2004,1310990,13,202,01,#,5.46,#,0.396
1310990019,2004,1310990,13,202,01,#,4.98,#,0.289
1310990022,2004,1310990,13,202,01,#,4.86,#,0.18
1310990025,2004,1310990,13,202,01,#,6.35,#,0.297
1310990028,2004,1310990,13,202,01,#,7.55,#,0.305
1310990031,2004,1310990,13,202,01,#,8.58,#,0.377
1310990034,2004,1310990,13,202,01,#,6.92,#,0.259
1311000001,2004,1311000,13,044,01,#,2.76,#,0.141
1311000004,2004,1311000,13,044,01,#,2.96,#,0.175
1311000007,2004,1311000,13,044,01,#,2.78,#,0.217
1311000010,2004,1311000,13,044,01,#,2.57,#,0.133
1311000013,2004,1311000,13,044,01,#,2.65,#,0.187
1311000016,2004,1311000,13,044,01,#,3.6,#,0.199
1311000019,2004,1311000,13,044,01,#,4.07,#,0.086
1311000023,2004,1311000,13,044,01,#,5.18,#,0.124
1311000025,2004,1311000,13,044,01,#,4.93,#,0.113
1311000028,2004,1311000,13,044,01,#,4.34,#,0.145
1311000031,2004,1311000,13,044,01,#,5.16,#,0.145
1311000034,2004,1311000,13,044,01,#,5.93,#,0.177
1311010001,2004,1311010,13,044,51,#,2.18,#,0.111
1311010004,2004,1311010,13,044,51,#,2.78,#,0.191
1311010007,2004,1311010,13,044,51,#,2.61,#,0.242
1311010010,2004,1311010,13,044,51,#,2.71,#,0.174
1311010013,2004,1311010,13,044,51,#,2.67,#,0.348
1311010016,2004,1311010,13,044,51,#,3.18,#,0.343
1311010019,2004,1311010,13,044,51,#,4.02,#,0.084
1311010022,2004,1311010,13,044,51,#,4.01,#,0.088
1311010025,2004,1311010,13,044,51,#,3.71,#,0.088
1311010028,2004,1311010,13,044,51,#,3.2,#,0.148
1311010031,2004,1311010,13,044,51,#,3.99,#,0.131
1311010034,2004,1311010,13,044,51,#,3.95,#,0.129
1311020001,2004,1311020,13,204,01,#,4.16,#,0.131
1311020002,2004,1311020,13,204,01,#,2.41,#,0.157
1311020003,2004,1311020,13,204,01,#,1.99,#,0.116
1311020004,2004,1311020,13,204,01,#,2.16,#,0.145
1311020005,2004,1311020,13,204,01,#,2.11,#,0.124
1311020006,2004,1311020,13,204,01,#,2.92,#,0.137
1311020007,2004,1311020,13,204,01,#,2.93,#,0.094
1311020008,2004,1311020,13,204,01,#,4.74,#,0.106
1311020009,2004,1311020,13,204,01,#,5.49,#,0.139
1311020010,2004,1311020,13,204,01,#,6.56,#,0.215
1311020011,2004,1311020,13,204,01,#,7.16,#,0.255
1311020012,2004,1311020,13,204,01,#,5.7,#,0.241
1311030001,2004,1311030,13,049,01,#,4.17,#,0.228
1311030004,2004,1311030,13,049,01,#,4.73,#,0.298
1311030007,2004,1311030,13,049,01,#,4.01,#,0.325
1311030011,2004,1311030,13,049,01,#,3.45,#,0.118
1311030013,2004,1311030,13,049,01,#,4.26,#,0.445
1311030016,2004,1311030,13,049,01,#,3.62,#,0.315
1311030019,2004,1311030,13,049,01,#,4.83,#,0.158
1311030022,2004,1311030,13,049,01,#,4.46,#,0.155
1311030026,2004,1311030,13,049,01,#,4.43,#,0.165
1311030028,2004,1311030,13,049,01,#,4.63,#,0.182
1311030031,2004,1311030,13,049,01,#,4.39,#,0.191
1311030034,2004,1311030,13,049,01,#,5.04,#,0.189
1311050001,2004,1311050,13,050,01,#,4.95,#,0.255
1311050004,2004,1311050,13,050,01,#,5.47,#,0.281
1311050007,2004,1311050,13,050,01,#,5.04,#,0.302
1311050011,2004,1311050,13,050,01,#,4.52,#,0.322
1311050013,2004,1311050,13,050,01,#,4.03,#,0.359
1311050016,2004,1311050,13,050,01,#,3.89,#,0.264
1311050019,2004,1311050,13,050,01,#,6.66,#,0.195
1311050023,2004,1311050,13,050,01,#,5.42,#,0.235
1311050025,2004,1311050,13,050,01,#,5.78,#,0.211
1311050028,2004,1311050,13,050,01,#,4.77,#,0.183
1311050031,2004,1311050,13,050,01,#,4.42,#,0.204
1311050034,2004,1311050,13,050,01,#,5.43,#,0.218
1311100001,2004,1311100,13,059,01,#,4.37,#,0.019
1311100004,2004,1311100,13,059,01,#,8.06,#,0.057
1311100007,2004,1311100,13,059,01,#,4.33,#,0.021
1311100010,2004,1311100,13,059,01,#,3.76,#,0.024
1311100013,2004,1311100,13,059,01,#,3.91,#,0.038
1311100016,2004,1311100,13,059,01,#,3.48,#,0.033
1311100019,2004,1311100,13,059,01,#,5.69,#,0.014
1311100022,2004,1311100,13,059,01,#,5.05,#,0.024
1311100025,2004,1311100,13,059,01,#,4.23,#,0.034
1311100028,2004,1311100,13,059,01,#,5.07,#,0.04
1311100031,2004,1311100,13,059,01,#,5.24,#,0.046
1311100034,2004,1311100,13,059,01,#,4.4,#,0.04
1311110001,2004,1311110,13,041,01,#,2.4,#,0.034
1311110004,2004,1311110,13,041,01,#,3.14,#,0.044
1311110007,2004,1311110,13,041,01,#,2.94,#,0.034
1311110010,2004,1311110,13,041,01,#,2.27,#,0.032
1311110013,2004,1311110,13,041,01,#,2.16,#,0.025
1311110016,2004,1311110,13,041,01,#,2.82,#,0.026
1311110019,2004,1311110,13,041,01,#,4.83,#,0.014
1311110022,2004,1311110,13,041,01,#,4.4,#,0.015
1311110025,2004,1311110,13,041,01,#,3.88,#,0.013
1311110028,2004,1311110,13,041,01,#,2.65,#,0.023
1311110031,2004,1311110,13,041,01,#,3.35,#,0.018
1311110034,2004,1311110,13,041,01,#,2.91,#,0.009
1311130001,2004,1311130,13,215,01,#,8.61,#,0.031
1311130004,2004,1311130,13,215,01,#,6.46,#,0.05
1311130007,2004,1311130,13,215,01,#,7.33,#,0.049
1311130010,2004,1311130,13,215,01,#,6.81,#,0.058
1311130013,2004,1311130,13,215,01,#,6.7,#,0.059
1311130016,2004,1311130,13,215,01,#,6.59,#,0.068
1311130019,2004,1311130,13,215,01,#,7.84,#,0.036
1311130022,2004,1311130,13,215,01,#,8.72,#,0.028
1311130025,2004,1311130,13,215,01,#,8.28,#,0.04
1311130028,2004,1311130,13,215,01,#,7.7,#,0.036
1311130031,2004,1311130,13,215,01,#,7.56,#,0.048
1311130034,2004,1311130,13,215,01,#,7.58,#,0.029
1311140001,2004,1311140,13,005,54,#,4.78,#,0.368
1311140004,2004,1311140,13,005,54,#,3.52,#,0.372
1311140007,2004,1311140,13,005,54,#,2.86,#,0.249
1311140010,2004,1311140,13,005,54,#,2.36,#,0.234
1311140013,2004,1311140,13,005,54,#,2.9,#,0.169
1311140016,2004,1311140,13,005,54,#,3.72,#,0.191
1311140019,2004,1311140,13,005,54,#,6.33,#,0.163
1311140023,2004,1311140,13,005,54,#,3.86,#,0.159
1311140025,2004,1311140,13,005,54,#,6.36,#,0.2
1311140028,2004,1311140,13,005,54,#,7.43,#,0.275
1311140031,2004,1311140,13,005,54,#,8.22,#,0.318
1311140035,2004,1311140,13,005,54,#,5.03,#,0.243
1311160001,2004,1311160,13,042,01,#,1.6,#,0.084
1311160004,2004,1311160,13,042,01,#,1.8,#,0.179
1311160007,2004,1311160,13,042,01,#,2.29,#,0.1
1311160010,2004,1311160,13,042,01,#,2.02,#,0.132
1311160013,2004,1311160,13,042,01,#,1.79,#,0.111
1311160016,2004,1311160,13,042,01,#,1.7,#,0.108
1311160019,2004,1311160,13,042,01,#,2.19,#,0.038
1311160022,2004,1311160,13,042,01,#,1.82,#,0.045
1311160025,2004,1311160,13,042,01,#,2.07,#,0.059
1311160028,2004,1311160,13,042,01,#,2.16,#,0.08
1311160031,2004,1311160,13,042,01,#,2.03,#,0.061
1311160034,2004,1311160,13,042,01,#,1.77,#,0.051
1311170001,2004,1311170,13,056,01,#,0.85,#,0.017
1311170003,2004,1311170,13,056,01,#,0.78,#,0.017
1311170005,2004,1311170,13,056,01,#,0.84,#,0.019
1311170007,2004,1311170,13,056,01,#,0.82,#,0.019
1311170009,2004,1311170,13,056,01,#,1.17,#,0.021
1311170011,2004,1311170,13,056,01,#,0.96,#,0.015
1311170013,2004,1311170,13,056,01,#,0.92,#,0.016
1311170015,2004,1311170,13,056,01,#,1,#,0.018
1311170017,2004,1311170,13,056,01,#,0.92,#,0.02
1311170019,2004,1311170,13,056,01,#,0.85,#,0.015
1311170021,2004,1311170,13,056,01,#,0.65,#,0.009
1311170023,2004,1311170,13,056,01,#,0.71,#,0.01
1311200001,2004,1311200,13,219,01,#,4.63,#,0.29
1311200004,2004,1311200,13,219,01,#,4.68,#,0.534
1311200007,2004,1311200,13,219,01,#,3.19,#,0.333
1311200010,2004,1311200,13,219,01,#,2.81,#,0.25
1311200013,2004,1311200,13,219,01,#,2.73,#,0.212
1311200016,2004,1311200,13,219,01,#,3.58,#,0.255
1311200019,2004,1311200,13,219,01,#,6.81,#,0.231
1311200023,2004,1311200,13,219,01,#,3.9,#,0.193
1311200026,2004,1311200,13,219,01,#,6.2,#,0.301
1311200028,2004,1311200,13,219,01,#,6.73,#,0.244
1311200031,2004,1311200,13,219,01,#,7.71,#,0.386
1311200034,2004,1311200,13,219,01,#,4.72,#,0.21
1311210001,2004,1311210,13,054,01,#,3.88,#,0.134
1311210004,2004,1311210,13,054,01,#,3.88,#,0.276
1311210007,2004,1311210,13,054,01,#,3.96,#,0.129
1311210010,2004,1311210,13,054,01,#,3.95,#,0.205
1311210013,2004,1311210,13,054,01,#,3.05,#,0.071
1311210016,2004,1311210,13,054,01,#,3.76,#,0.106
1311210019,2004,1311210,13,054,01,#,4.5,#,0.126
1311210022,2004,1311210,13,054,01,#,6.03,#,0.069
1311210025,2004,1311210,13,054,01,#,4.86,#,0.062
1311210028,2004,1311210,13,054,01,#,5.84,#,0.183
1311210031,2004,1311210,13,054,01,#,3.76,#,0.14
1311210034,2004,1311210,13,054,01,#,6.84,#,0.165
1311220001,2004,1311220,13,055,01,#,4.15,#,0.161
1311220004,2004,1311220,13,055,01,#,3.43,#,0.282
1311220007,2004,1311220,13,055,01,#,4.24,#,0.172
1311220010,2004,1311220,13,055,01,#,2.91,#,0.2
1311220013,2004,1311220,13,055,01,#,2.61,#,0.172
1311220016,2004,1311220,13,055,01,#,3.4,#,0.116
1311220019,2004,1311220,13,055,01,#,3.59,#,0.125
1311220022,2004,1311220,13,055,01,#,4.49,#,0.099
1311220025,2004,1311220,13,055,01,#,5.09,#,0.098
1311220028,2004,1311220,13,055,01,#,5.13,#,0.18
1311220031,2004,1311220,13,055,01,#,3.4,#,0.146
1311220034,2004,1311220,13,055,01,#,4.29,#,0.16
1311230001,2004,1311230,13,029,51,#,1.23,#,0.051
1311230002,2004,1311230,13,029,51,#,4.17,#,0.074
1311230003,2004,1311230,13,029,51,#,1.57,#,0.059
1311230004,2004,1311230,13,029,51,#,1.29,#,0.062
1311230005,2004,1311230,13,029,51,#,0.59,#,0.1
1311230006,2004,1311230,13,029,51,#,1.9,#,0.066
1311230007,2004,1311230,13,029,51,#,1.57,#,0.243
1311230008,2004,1311230,13,029,51,#,1.79,#,0.046
1311230009,2004,1311230,13,029,51,#,4.91,#,0.045
1311230010,2004,1311230,13,029,51,#,2.4,#,0.101
1311230011,2004,1311230,13,029,51,#,1.44,#,0.071
1311230012,2004,1311230,13,029,51,#,2.06,#,0.071
1311250001,2004,1311250,13,014,54,#,0.7,#,0.015
1311250004,2004,1311250,13,014,54,#,0.62,#,0.018
1311250007,2004,1311250,13,014,54,#,0.94,#,0.013
1311250010,2004,1311250,13,014,54,#,0.83,#,0.011
1311250013,2004,1311250,13,014,54,#,1.35,#,0.014
1311250016,2004,1311250,13,014,54,#,0.94,#,0.012
1311250019,2004,1311250,13,014,54,#,1.07,#,0.027
1311250022,2004,1311250,13,014,54,#,1.2,#,0.021
1311250025,2004,1311250,13,014,54,#,0.79,#,0.011
1311250028,2004,1311250,13,014,54,#,0.88,#,0.011
1311250031,2004,1311250,13,014,54,#,0.76,#,0.01
1311250034,2004,1311250,13,014,54,#,0.72,#,0.009
1311260001,2004,1311260,13,222,01,#,8.96,#,0.581
1311260004,2004,1311260,13,222,01,#,9.92,#,0.326
1311260007,2004,1311260,13,222,01,#,8.89,#,0.045
1311260010,2004,1311260,13,222,01,#,8.41,#,0.087
1311260013,2004,1311260,13,222,01,#,10.1,#,0.064
1311260016,2004,1311260,13,222,01,#,10,#,0.048
1311260019,2004,1311260,13,222,01,#,8.86,#,0.376
1311260022,2004,1311260,13,222,01,#,8.19,#,0.234
1311260025,2004,1311260,13,222,01,#,11.2,#,0.264
1311260028,2004,1311260,13,222,01,#,11.5,#,0.53
1311260031,2004,1311260,13,222,01,#,12.3,#,0.16
1311260033,2004,1311260,13,222,01,#,11.7,#,0.122
1311270001,2004,1311270,13,047,01,#,8.95,#,0.66
1311270004,2004,1311270,13,047,01,#,7.47,#,0.727
1311270007,2004,1311270,13,047,01,#,7.13,#,0.836
1311270010,2004,1311270,13,047,01,#,6.49,#,0.635
1311270013,2004,1311270,13,047,01,#,6.02,#,0.814
1311270016,2004,1311270,13,047,01,#,7.26,#,0.751
1311270019,2004,1311270,13,047,01,#,10.7,#,0.675
1311270022,2004,1311270,13,047,01,#,6.18,#,0.395
1311270025,2004,1311270,13,047,01,#,6.72,#,0.436
1311270028,2004,1311270,13,047,01,#,6.98,#,0.426
1311270031,2004,1311270,13,047,01,#,7.36,#,0.501
1311270034,2004,1311270,13,047,01,#,6.66,#,0.445
1311280001,2004,1311280,13,040,01,#,6.43,#,0.35
1311280004,2004,1311280,13,040,01,#,6.17,#,0.335
1311280007,2004,1311280,13,040,01,#,4.38,#,0.309
1311280010,2004,1311280,13,040,01,#,4.61,#,0.344
1311280013,2004,1311280,13,040,01,#,4.05,#,0.448
1311280016,2004,1311280,13,040,01,#,3.84,#,0.311
1311280019,2004,1311280,13,040,01,#,5.68,#,0.192
1311280022,2004,1311280,13,040,01,#,4.71,#,0.171
1311280025,2004,1311280,13,040,01,#,6.07,#,0.185
1311280028,2004,1311280,13,040,01,#,5.71,#,0.2
1311280031,2004,1311280,13,040,01,#,5.32,#,0.215
1311280034,2004,1311280,13,040,01,#,4.68,#,0.273
1311290001,2004,1311290,13,045,01,#,4.66,#,0.256
1311290004,2004,1311290,13,045,01,#,5.02,#,0.28
1311290007,2004,1311290,13,045,01,#,4.86,#,0.304
1311290010,2004,1311290,13,045,01,#,5.16,#,0.317
1311290013,2004,1311290,13,045,01,#,3.49,#,0.339
1311290016,2004,1311290,13,045,01,#,3.33,#,0.262
1311290019,2004,1311290,13,045,01,#,6.21,#,0.212
1311290022,2004,1311290,13,045,01,#,6.65,#,0.194
1311290025,2004,1311290,13,045,01,#,6.38,#,0.219
1311290028,2004,1311290,13,045,01,#,4.42,#,0.179
1311290031,2004,1311290,13,045,01,#,3.97,#,0.183
1311290034,2004,1311290,13,045,01,#,5.51,#,0.225
1311300001,2004,1311300,13,048,01,#,6.26,#,0.334
1311300004,2004,1311300,13,048,01,#,5.55,#,0.346
1311300007,2004,1311300,13,048,01,#,4.89,#,0.461
1311300011,2004,1311300,13,048,01,#,5.07,#,0.378
1311300013,2004,1311300,13,048,01,#,4.54,#,0.394
1311300016,2004,1311300,13,048,01,#,5.09,#,0.358
1311300019,2004,1311300,13,048,01,#,5.09,#,0.18
1311300022,2004,1311300,13,048,01,#,4.87,#,0.191
1311300025,2004,1311300,13,048,01,#,6.6,#,0.213
1311300028,2004,1311300,13,048,01,#,5.53,#,0.199
1311300032,2004,1311300,13,048,01,#,5.61,#,0.23
1311300034,2004,1311300,13,048,01,#,4.94,#,0.21
1311310001,2004,1311310,13,046,01,#,5.33,#,0.276
1311310004,2004,1311310,13,046,01,#,5.63,#,0.311
1311310007,2004,1311310,13,046,01,#,5.96,#,0.374
1311310010,2004,1311310,13,046,01,#,5.83,#,0.339
1311310013,2004,1311310,13,046,01,#,4.03,#,0.365
1311310016,2004,1311310,13,046,01,#,4.26,#,0.262
1311310019,2004,1311310,13,046,01,#,6.78,#,0.202
1311310022,2004,1311310,13,046,01,#,6.34,#,0.217
1311310025,2004,1311310,13,046,01,#,6.37,#,0.211
1311310028,2004,1311310,13,046,01,#,5.81,#,0.217
1311310031,2004,1311310,13,046,01,#,5.87,#,0.228
1311310034,2004,1311310,13,046,01,#,6.41,#,0.272
1311320001,2004,1311320,13,057,01,#,1.18,#,0.022
1311320003,2004,1311320,13,057,01,#,1.07,#,0.023
1311320005,2004,1311320,13,057,01,#,1.2,#,0.026
1311320007,2004,1311320,13,057,01,#,1.15,#,0.023
1311320009,2004,1311320,13,057,01,#,1.39,#,0.019
1311320011,2004,1311320,13,057,01,#,1.67,#,0.017
1311320013,2004,1311320,13,057,01,#,1.22,#,0.014
1311320015,2004,1311320,13,057,01,#,1.26,#,0.015
1311320017,2004,1311320,13,057,01,#,1.18,#,0.013
1311320019,2004,1311320,13,057,01,#,0.91,#,0.013
1311320021,2004,1311320,13,057,01,#,0.92,#,0.015
1311320023,2004,1311320,13,057,01,#,0.87,#,0.011
1311330001,2004,1311330,13,058,01,#,1.22,#,0.019
1311330003,2004,1311330,13,058,01,#,1.37,#,0.024
1311330005,2004,1311330,13,058,01,#,1.34,#,0.027
1311330007,2004,1311330,13,058,01,#,1.23,#,0.03
1311330009,2004,1311330,13,058,01,#,1.45,#,0.022
1311330011,2004,1311330,13,058,01,#,1.44,#,0.022
1311330013,2004,1311330,13,058,01,#,1.46,#,0.019
1311330015,2004,1311330,13,058,01,#,1.07,#,0.017
1311330017,2004,1311330,13,058,01,#,1.24,#,0.02
1311330019,2004,1311330,13,058,01,#,1.09,#,0.016
1311330021,2004,1311330,13,058,01,#,1.12,#,0.014
1311330023,2004,1311330,13,058,01,#,1.1,#,0.012
1311340001,2004,1311340,13,053,01,#,5.29,#,0.254
1311340004,2004,1311340,13,053,01,#,4.98,#,0.422
1311340007,2004,1311340,13,053,01,#,4.6,#,0.216
1311340010,2004,1311340,13,053,01,#,4.47,#,0.254
1311340013,2004,1311340,13,053,01,#,3.93,#,0.326
1311340016,2004,1311340,13,053,01,#,4.28,#,0.165
1311340019,2004,1311340,13,053,01,#,3.9,#,0.173
1311340022,2004,1311340,13,053,01,#,4.73,#,0.158
1311340025,2004,1311340,13,053,01,#,4.22,#,0.209
1311340028,2004,1311340,13,053,01,#,6.55,#,0.383
1311340031,2004,1311340,13,053,01,#,3.93,#,0.269
1311340034,2004,1311340,13,053,01,#,5.38,#,0.258
1311350001,2004,1311350,13,051,01,#,1.93,#,0.042
1311350003,2004,1311350,13,051,01,#,2.41,#,0.059
1311350005,2004,1311350,13,051,01,#,1.83,#,0.039
1311350007,2004,1311350,13,051,01,#,1.72,#,0.033
1311350009,2004,1311350,13,051,01,#,2.57,#,0.325
1311350011,2004,1311350,13,051,01,#,2.17,#,0.025
1311350013,2004,1311350,13,051,01,#,1.18,#,0.121
1311350015,2004,1311350,13,051,01,#,1.76,#,0.023
1311350017,2004,1311350,13,051,01,#,1.65,#,0.086
1311350019,2004,1311350,13,051,01,#,2.02,#,0.03
1311350021,2004,1311350,13,051,01,#,1,#,0.057
1311350023,2004,1311350,13,051,01,#,1.58,#,0.027
1311360001,2004,1311360,13,052,01,#,3.52,#,0.289
1311360003,2004,1311360,13,052,01,#,3.73,#,0.376
1311360005,2004,1311360,13,052,01,#,3.96,#,0.467
1311360007,2004,1311360,13,052,01,#,3.08,#,0.574
1311360009,2004,1311360,13,052,01,#,3.67,#,0.605
1311360011,2004,1311360,13,052,01,#,3.15,#,0.437
1311360013,2004,1311360,13,052,01,#,4.12,#,0.116
1311360015,2004,1311360,13,052,01,#,4,#,0.218
1311360017,2004,1311360,13,052,01,#,3.64,#,0.24
1311360019,2004,1311360,13,052,01,#,4.09,#,0.222
1311360021,2004,1311360,13,052,01,#,5.04,#,0.459
1311360023,2004,1311360,13,052,01,#,3.57,#,0.158
1320010001,2004,1320010,13,501,51,#,0.51,#,0.009
1320010002,2004,1320010,13,501,51,#,0.49,#,0.014
1320010003,2004,1320010,13,501,51,#,0.5,#,0.007
1320010004,2004,1320010,13,501,51,#,0.6,#,0.01
1320010005,2004,1320010,13,501,51,#,0.43,#,0.009
1320010006,2004,1320010,13,501,51,#,0.6,#,0.009
1320010007,2004,1320010,13,501,51,#,0.24,#,0.008
1320010008,2004,1320010,13,501,51,#,0.53,#,0.007
1320010009,2004,1320010,13,501,51,#,0.32,#,0.008
1320010010,2004,1320010,13,501,51,#,0.55,#,0.008
1320010011,2004,1320010,13,501,51,#,0.52,#,0.014
1320010012,2004,1320010,13,501,51,#,0.48,#,0.008
1320010013,2004,1320010,13,501,51,#,0.43,#,0.01
1320010014,2004,1320010,13,501,51,#,0.53,#,0.008
1320010015,2004,1320010,13,501,51,#,0.58,#,0.013
1320010016,2004,1320010,13,501,51,#,0.54,#,0.009
1320010017,2004,1320010,13,501,51,#,0.59,#,0.008
1320010018,2004,1320010,13,501,51,#,0.62,#,0.012
1320010019,2004,1320010,13,501,51,#,0.5,#,0.007
1320010020,2004,1320010,13,501,51,#,0.47,#,0.012
1320010021,2004,1320010,13,501,51,#,0.52,#,0.006
1320010022,2004,1320010,13,501,51,#,0.53,#,0.01
1320010023,2004,1320010,13,501,51,#,0.52,#,0.006
1320010024,2004,1320010,13,501,51,#,0.5,#,0.01
1320020001,2004,1320020,13,501,01,#,0.5,#,0.006
1320020002,2004,1320020,13,501,01,#,0.53,#,0.006
1320020003,2004,1320020,13,501,01,#,0.51,#,0.008
1320020004,2004,1320020,13,501,01,#,0.5,#,0.005
1320020005,2004,1320020,13,501,01,#,0.55,#,0.006
1320020006,2004,1320020,13,501,01,#,0.58,#,0.006
1320020007,2004,1320020,13,501,01,#,0.48,#,0.005
1320020008,2004,1320020,13,501,01,#,0.52,#,0.012
1320020009,2004,1320020,13,501,01,#,0.57,#,0.007
1320020010,2004,1320020,13,501,01,#,0.36,#,0.005
1320020011,2004,1320020,13,501,01,#,0.53,#,0.016
1320020012,2004,1320020,13,501,01,#,0.5,#,0.006
1320020013,2004,1320020,13,501,01,#,0.34,#,0.005
1320020014,2004,1320020,13,501,01,#,0.52,#,0.003
1320020015,2004,1320020,13,501,01,#,0.48,#,0.006
1320020016,2004,1320020,13,501,01,#,0.4,#,0.005
1320020017,2004,1320020,13,501,01,#,0.56,#,0.005
1320020018,2004,1320020,13,501,01,#,0.44,#,0.008
1320020019,2004,1320020,13,501,01,#,0.5,#,0.005
1320020020,2004,1320020,13,501,01,#,0.55,<,0.003
1320020021,2004,1320020,13,501,01,#,0.51,#,0.009
1320020022,2004,1320020,13,501,01,#,0.54,#,0.011
1320020023,2004,1320020,13,501,01,#,0.48,#,0.006
1320020024,2004,1320020,13,501,01,#,0.54,#,0.004
1320020025,2004,1320020,13,501,01,#,0.57,#,0.008
1320020026,2004,1320020,13,501,01,#,0.53,#,0.005
1320020027,2004,1320020,13,501,01,#,0.35,#,0.013
1320020028,2004,1320020,13,501,01,#,0.45,#,0.006
1320020029,2004,1320020,13,501,01,#,0.36,#,0.008
1320020030,2004,1320020,13,501,01,#,0.14,#,0.013
1320020031,2004,1320020,13,501,01,#,0.52,#,0.006
1320020032,2004,1320020,13,501,01,#,0.52,#,0.005
1320020033,2004,1320020,13,501,01,#,0.38,#,0.014
1320020034,2004,1320020,13,501,01,#,0.52,#,0.006
1320020035,2004,1320020,13,501,01,#,0.4,#,0.01
1320020036,2004,1320020,13,501,01,#,0.4,#,0.007
1330010001,2004,1330010,13,601,01,#,2.83,#,0.161
1330010002,2004,1330010,13,601,01,#,1.15,#,0.103
1330010003,2004,1330010,13,601,01,#,2.79,#,0.216
1330010004,2004,1330010,13,601,01,#,0.59,#,0.067
1330010005,2004,1330010,13,601,01,#,2.91,#,0.182
1330010006,2004,1330010,13,601,01,#,0.97,#,0.154
1330010007,2004,1330010,13,601,01,#,2.69,#,0.283
1330010008,2004,1330010,13,601,01,#,0.92,#,0.145
1330010009,2004,1330010,13,601,01,#,2.51,#,0.285
1330010010,2004,1330010,13,601,01,#,1.29,#,0.174
1330010012,2004,1330010,13,601,01,#,2.42,#,0.208
1330010013,2004,1330010,13,601,01,#,1.06,#,0.119
1330010014,2004,1330010,13,601,01,#,3.3,#,0.166
1330010015,2004,1330010,13,601,01,#,0.84,#,0.087
1330010016,2004,1330010,13,601,01,#,2.59,#,0.136
1330010017,2004,1330010,13,601,01,#,0.7,#,0.074
1330010018,2004,1330010,13,601,01,#,1.74,#,0.102
1330010019,2004,1330010,13,601,01,#,0.75,#,0.061
1330010020,2004,1330010,13,601,01,#,1.99,#,0.116
1330010021,2004,1330010,13,601,01,#,1.15,#,0.072
1330010022,2004,1330010,13,601,01,#,2.13,#,0.127
1330010023,2004,1330010,13,601,01,#,0.74,#,0.061
1330010025,2004,1330010,13,601,01,#,3.68,#,0.164
1330010026,2004,1330010,13,601,01,#,0.98,#,0.083
1330020001,2004,1330020,13,601,02,#,2.18,#,0.123
1330020002,2004,1330020,13,601,02,#,1.21,#,0.118
1330020003,2004,1330020,13,601,02,#,2.06,#,0.198
1330020004,2004,1330020,13,601,02,#,0.77,#,0.094
1330020005,2004,1330020,13,601,02,#,1.91,#,0.193
1330020006,2004,1330020,13,601,02,#,0.77,#,0.133
1330020007,2004,1330020,13,601,02,#,1.73,#,0.146
1330020008,2004,1330020,13,601,02,#,0.85,#,0.133
1330020009,2004,1330020,13,601,02,#,2.06,#,0.233
1330020010,2004,1330020,13,601,02,#,1.04,#,0.182
1330020012,2004,1330020,13,601,02,#,1.83,#,0.18
1330020013,2004,1330020,13,601,02,#,0.95,#,0.111
1330020014,2004,1330020,13,601,02,#,2.57,#,0.16
1330020015,2004,1330020,13,601,02,#,0.82,#,0.096
1330020016,2004,1330020,13,601,02,#,2.07,#,0.109
1330020017,2004,1330020,13,601,02,#,0.69,#,0.07
1330020018,2004,1330020,13,601,02,#,1.56,#,0.107
1330020019,2004,1330020,13,601,02,#,0.92,#,0.074
1330020020,2004,1330020,13,601,02,#,1.35,#,0.083
1330020021,2004,1330020,13,601,02,#,1.17,#,0.081
1330020022,2004,1330020,13,601,02,#,1.29,#,0.074
1330020023,2004,1330020,13,601,02,#,1.14,#,0.07
1330020025,2004,1330020,13,601,02,#,2.21,#,0.107
1330020026,2004,1330020,13,601,02,#,1.04,#,0.076
1330030001,2004,1330030,13,601,03,#,2.52,#,0.136
1330030002,2004,1330030,13,601,03,#,0.91,#,0.077
1330030003,2004,1330030,13,601,03,#,2.62,#,0.223
1330030004,2004,1330030,13,601,03,#,0.57,#,0.072
1330030005,2004,1330030,13,601,03,#,2.5,#,0.186
1330030006,2004,1330030,13,601,03,#,0.95,#,0.156
1330030007,2004,1330030,13,601,03,#,1.78,#,0.188
1330030008,2004,1330030,13,601,03,#,0.55,#,0.103
1330030009,2004,1330030,13,601,03,#,2.48,#,0.254
1330030010,2004,1330030,13,601,03,#,0.82,#,0.187
1330030012,2004,1330030,13,601,03,#,2.6,#,0.22
1330030013,2004,1330030,13,601,03,#,0.85,#,0.107
1330030014,2004,1330030,13,601,03,#,2.86,#,0.145
1330030015,2004,1330030,13,601,03,#,0.64,#,0.067
1330030016,2004,1330030,13,601,03,#,3,#,0.165
1330030017,2004,1330030,13,601,03,#,0.44,#,0.061
1330030018,2004,1330030,13,601,03,#,1.77,#,0.103
1330030019,2004,1330030,13,601,03,#,0.64,#,0.054
1330030020,2004,1330030,13,601,03,#,1.28,#,0.083
1330030021,2004,1330030,13,601,03,#,1.07,#,0.07
1330030022,2004,1330030,13,601,03,#,1.24,#,0.07
1330030023,2004,1330030,13,601,03,#,0.71,#,0.049
1330030025,2004,1330030,13,601,03,#,3.02,#,0.135
1330030026,2004,1330030,13,601,03,#,0.75,#,0.112
1330040001,2004,1330040,13,601,04,#,7.27,#,0.497
1330040002,2004,1330040,13,601,04,#,2.13,#,0.116
1330040003,2004,1330040,13,601,04,#,8.24,#,1.16
1330040004,2004,1330040,13,601,04,#,1.38,#,0.072
1330040005,2004,1330040,13,601,04,#,6.65,#,0.403
1330040006,2004,1330040,13,601,04,#,1.86,#,0.137
1330040007,2004,1330040,13,601,04,#,4.35,#,0.35
1330040008,2004,1330040,13,601,04,#,1.96,#,0.208
1330040009,2004,1330040,13,601,04,#,2.55,#,0.34
1330040010,2004,1330040,13,601,04,#,2.32,#,0.263
1330040012,2004,1330040,13,601,04,#,5.01,#,0.375
1330040013,2004,1330040,13,601,04,#,1.09,#,0.102
1330040014,2004,1330040,13,601,04,#,5.35,#,0.393
1330040015,2004,1330040,13,601,04,#,1.13,#,0.108
1330040016,2004,1330040,13,601,04,#,5.75,#,0.273
1330040017,2004,1330040,13,601,04,#,2.18,#,0.112
1330040018,2004,1330040,13,601,04,#,4.12,#,0.244
1330040019,2004,1330040,13,601,04,#,2.11,#,0.088
1330040020,2004,1330040,13,601,04,#,5.67,#,0.388
1330040021,2004,1330040,13,601,04,#,1.2,#,0.075
1330040022,2004,1330040,13,601,04,#,2.12,#,0.123
1330040023,2004,1330040,13,601,04,#,1.1,#,0.066
1330040025,2004,1330040,13,601,04,#,8.3,#,0.566
1330040026,2004,1330040,13,601,04,#,1.44,#,0.07
1330050001,2004,1330050,13,601,51,#,3.1,#,0.268
1330050002,2004,1330050,13,601,51,#,2.71,#,0.307
1330050003,2004,1330050,13,601,51,#,1.48,#,0.12
1330050004,2004,1330050,13,601,51,#,1.54,#,0.131
1330060001,2004,1330060,13,601,52,#,2.88,#,0.279
1330060002,2004,1330060,13,601,52,#,1.1,#,0.163
1330060003,2004,1330060,13,601,52,#,2.71,#,0.159
1330060004,2004,1330060,13,601,52,#,1.2,#,0.077
1330070001,2004,1330070,13,601,53,#,2.24,#,0.301
1330070002,2004,1330070,13,601,53,#,1.84,#,0.216
1330070003,2004,1330070,13,601,53,#,1.4,#,0.109
1330070004,2004,1330070,13,601,53,#,1.2,#,0.086
1330080001,2004,1330080,13,601,54,#,2.91,#,0.281
1330080002,2004,1330080,13,601,54,#,2.46,#,0.325
1330080003,2004,1330080,13,601,54,#,1.56,#,0.115
1330080004,2004,1330080,13,601,54,#,1.33,#,0.106
1330090001,2004,1330090,13,601,55,#,1.71,#,0.188
1330090002,2004,1330090,13,601,55,#,0.77,#,0.147
1330090003,2004,1330090,13,601,55,#,1.35,#,0.083
1330090004,2004,1330090,13,601,55,#,0.88,#,0.062
1330110001,2004,1330110,13,601,57,#,4.26,#,0.296
1330110002,2004,1330110,13,601,57,#,1.13,#,0.128
1330110003,2004,1330110,13,601,57,#,1.84,#,0.107
1330110004,2004,1330110,13,601,57,#,1.38,#,0.086
1330120001,2004,1330120,13,601,58,#,6.07,#,0.663
1330120003,2004,1330120,13,601,58,#,6.1,#,0.642
1330130001,2004,1330130,13,601,59,#,7.31,#,1.31
1330130003,2004,1330130,13,601,59,#,4.43,#,0.467
1330130005,2004,1330130,13,601,59,#,6.51,#,0.885
1330130007,2004,1330130,13,601,59,#,6.39,#,0.679
1330130009,2004,1330130,13,601,59,#,5.39,#,0.852
1330130011,2004,1330130,13,601,59,#,5.85,#,0.772
1330130013,2004,1330130,13,601,59,#,6.85,#,0.629
1330130015,2004,1330130,13,601,59,#,7.4,#,0.481
1330130017,2004,1330130,13,601,59,#,8.05,#,0.61
1330130019,2004,1330130,13,601,59,#,3.55,#,0.247
1330130021,2004,1330130,13,601,59,#,7.84,#,0.71
1330130023,2004,1330130,13,601,59,#,8.12,#,0.602
1330150001,2004,1330150,13,601,61,#,6.1,#,1.09
1330150003,2004,1330150,13,601,61,#,2.49,#,0.357
1330150005,2004,1330150,13,601,61,#,4.21,#,0.503
1330150007,2004,1330150,13,601,61,#,3.95,#,0.49
1330150009,2004,1330150,13,601,61,#,3.82,#,0.638
1330150011,2004,1330150,13,601,61,#,4.59,#,0.574
1330150013,2004,1330150,13,601,61,#,7.35,#,0.755
1330150015,2004,1330150,13,601,61,#,6.23,#,0.413
1330150017,2004,1330150,13,601,61,#,6.93,#,0.467
1330150019,2004,1330150,13,601,61,#,6.03,#,0.564
1330150021,2004,1330150,13,601,61,#,7.1,#,0.573
1330150023,2004,1330150,13,601,61,#,6.31,#,0.446
1330170001,2004,1330170,13,601,63,#,3.88,#,0.365
1330170003,2004,1330170,13,601,63,#,3.15,#,0.156
1330180001,2004,1330180,13,601,64,#,3.93,#,0.417
1330180003,2004,1330180,13,601,64,#,4.29,#,0.486
1330180005,2004,1330180,13,601,64,#,4.76,#,0.532
1330180007,2004,1330180,13,601,64,#,3.72,#,0.461
1330180009,2004,1330180,13,601,64,#,4.66,#,0.778
1330180011,2004,1330180,13,601,64,#,4.72,#,0.35
1330180013,2004,1330180,13,601,64,#,3.8,#,0.184
1330180015,2004,1330180,13,601,64,#,3.82,#,0.183
1330180017,2004,1330180,13,601,64,#,3.83,#,0.228
1330180019,2004,1330180,13,601,64,#,2.63,#,0.176
1330180021,2004,1330180,13,601,64,#,4.97,#,0.274
1330180023,2004,1330180,13,601,64,#,3.96,#,0.154
1330190001,2004,1330190,13,601,65,#,3.64,#,0.428
1330190003,2004,1330190,13,601,65,#,3.61,#,0.208
1330210001,2004,1330210,13,601,67,#,4.06,#,0.353
1330210003,2004,1330210,13,601,67,#,3.16,#,0.134
1330220001,2004,1330220,13,601,68,#,4.03,#,0.315
1330220003,2004,1330220,13,601,68,#,3.89,#,0.158
1330230001,2004,1330230,13,601,69,#,3.79,#,0.205
1330230003,2004,1330230,13,601,69,#,3.3,#,0.284
1330230005,2004,1330230,13,601,69,#,3.64,#,0.335
1330230007,2004,1330230,13,601,69,#,4.73,#,0.374
1330230009,2004,1330230,13,601,69,#,3.79,#,0.412
1330230011,2004,1330230,13,601,69,#,4.76,#,0.305
1330230013,2004,1330230,13,601,69,#,4.03,#,0.177
1330230015,2004,1330230,13,601,69,#,4.78,#,0.189
1330230017,2004,1330230,13,601,69,#,2.67,#,0.133
1330230019,2004,1330230,13,601,69,#,3.72,#,0.145
1330230021,2004,1330230,13,601,69,#,5.83,#,0.263
1330230023,2004,1330230,13,601,69,#,3.1,#,0.127
1330240001,2004,1330240,13,601,70,#,4.65,#,0.593
1330240003,2004,1330240,13,601,70,#,3.64,#,0.442
1330240005,2004,1330240,13,601,70,#,4.21,#,0.454
1330240007,2004,1330240,13,601,70,#,3.62,#,0.369
1330240009,2004,1330240,13,601,70,#,3.91,#,0.647
1330240011,2004,1330240,13,601,70,#,2.82,#,0.245
1330240013,2004,1330240,13,601,70,#,4.25,#,0.26
1330240015,2004,1330240,13,601,70,#,4.03,#,0.26
1330240017,2004,1330240,13,601,70,#,3.29,#,0.197
1330240019,2004,1330240,13,601,70,#,2.71,#,0.146
1330240021,2004,1330240,13,601,70,#,4.21,#,0.265
1330240023,2004,1330240,13,601,70,#,3.01,#,0.152
1330250001,2004,1330250,13,601,71,#,3.19,#,0.275
1330250003,2004,1330250,13,601,71,#,2.53,#,0.112
1330260001,2004,1330260,13,601,72,#,2.78,#,0.185
1330260003,2004,1330260,13,601,72,#,2.31,#,0.233
1330260005,2004,1330260,13,601,72,#,3.12,#,0.297
1330260007,2004,1330260,13,601,72,#,2.96,#,0.284
1330260009,2004,1330260,13,601,72,#,2.54,#,0.33
1330260011,2004,1330260,13,601,72,#,2.99,#,0.214
1330260013,2004,1330260,13,601,72,#,2.31,#,0.137
1330260015,2004,1330260,13,601,72,#,2.34,#,0.132
1330260017,2004,1330260,13,601,72,#,1.71,#,0.1
1330260019,2004,1330260,13,601,72,#,2.28,#,0.106
1330260021,2004,1330260,13,601,72,#,1.95,#,0.107
1330260023,2004,1330260,13,601,72,#,1.95,#,0.088
1330280001,2004,1330280,13,601,74,#,9.65,#,0.29
1330280003,2004,1330280,13,601,74,#,11.4,#,0.642
1330280005,2004,1330280,13,601,74,#,7.16,#,0.456
1330280007,2004,1330280,13,601,74,#,7.36,#,0.335
1330280009,2004,1330280,13,601,74,#,11,#,1.36
1330280011,2004,1330280,13,601,74,#,6.74,#,0.396
1330280013,2004,1330280,13,601,74,#,10.4,#,1.2
1330280015,2004,1330280,13,601,74,#,12.9,#,0.972
1330280017,2004,1330280,13,601,74,#,13.9,#,0.569
1330280019,2004,1330280,13,601,74,#,14.9,#,0.456
1330280021,2004,1330280,13,601,74,#,15.3,#,1.01
1330280023,2004,1330280,13,601,74,#,15.1,#,0.482
1330290001,2004,1330290,13,601,75,#,4.1,#,0.171
1330290003,2004,1330290,13,601,75,#,5.67,#,0.407
1330290005,2004,1330290,13,601,75,#,4.73,#,0.36
1330290007,2004,1330290,13,601,75,#,4.5,#,0.295
1330290009,2004,1330290,13,601,75,#,4.88,#,0.848
1330290011,2004,1330290,13,601,75,#,3.2,#,0.287
1330290013,2004,1330290,13,601,75,#,6.45,#,0.577
1330290015,2004,1330290,13,601,75,#,5.07,#,0.338
1330290017,2004,1330290,13,601,75,#,6.43,#,0.302
1330290019,2004,1330290,13,601,75,#,10.1,#,0.331
1330290021,2004,1330290,13,601,75,#,8.36,#,0.366
1330290023,2004,1330290,13,601,75,#,4.21,#,0.182
1330300001,2004,1330300,13,601,76,#,17.7,#,0.488
1330300003,2004,1330300,13,601,76,#,13.8,#,0.889
1330300005,2004,1330300,13,601,76,#,7.08,#,0.78
1330300007,2004,1330300,13,601,76,#,8.28,#,0.601
1330300009,2004,1330300,13,601,76,#,11.9,#,1.48
1330300011,2004,1330300,13,601,76,#,7.95,#,0.793
1330300013,2004,1330300,13,601,76,#,14.3,#,1.05
1330300015,2004,1330300,13,601,76,#,13.2,#,0.846
1330300017,2004,1330300,13,601,76,#,14.1,#,0.741
1330300019,2004,1330300,13,601,76,#,16.1,#,0.529
1330300021,2004,1330300,13,601,76,#,13.4,#,0.463
1330300023,2004,1330300,13,601,76,#,15.8,#,0.529
1330320001,2004,1330320,13,601,78,#,7.26,#,0.342
1330320003,2004,1330320,13,601,78,#,4.65,#,0.443
1330320005,2004,1330320,13,601,78,#,5.01,#,0.523
1330320007,2004,1330320,13,601,78,#,7.33,#,0.645
1330320009,2004,1330320,13,601,78,#,3.18,#,0.45
1330320011,2004,1330320,13,601,78,#,1.82,#,0.192
1330320013,2004,1330320,13,601,78,#,4.84,#,0.309
1330320015,2004,1330320,13,601,78,#,4.24,#,0.266
1330320017,2004,1330320,13,601,78,#,4.88,#,0.261
1330320019,2004,1330320,13,601,78,#,7.86,#,0.46
1330320021,2004,1330320,13,601,78,#,4.01,#,0.268
1330320023,2004,1330320,13,601,78,#,6.34,#,0.33
1330330001,2004,1330330,13,601,79,#,3.77,#,0.327
1330330003,2004,1330330,13,601,79,#,6.25,#,0.333
1330340001,2004,1330340,13,601,80,#,10.2,#,0.579
1330340003,2004,1330340,13,601,80,#,8.71,#,0.794
1330340005,2004,1330340,13,601,80,#,6.41,#,0.686
1330340007,2004,1330340,13,601,80,#,6.04,#,0.511
1330340009,2004,1330340,13,601,80,#,5.09,#,0.563
1330340011,2004,1330340,13,601,80,#,3.54,#,0.386
1330340013,2004,1330340,13,601,80,#,10.1,#,0.735
1330340015,2004,1330340,13,601,80,#,6.46,#,0.343
1330340017,2004,1330340,13,601,80,#,5.1,#,0.271
1330340019,2004,1330340,13,601,80,#,9.04,#,0.571
1330340021,2004,1330340,13,601,80,#,7.57,#,0.416
1330340023,2004,1330340,13,601,80,#,9.57,#,1.6
1330350001,2004,1330350,13,601,81,#,12.4,#,1.01
1330350003,2004,1330350,13,601,81,#,10.1,#,1.07
1330350005,2004,1330350,13,601,81,#,6.28,#,0.567
1330350007,2004,1330350,13,601,81,#,8.38,#,0.834
1330350009,2004,1330350,13,601,81,#,2.64,#,0.319
1330350011,2004,1330350,13,601,81,#,1.95,#,0.239
1330350013,2004,1330350,13,601,81,#,3.84,#,0.193
1330350015,2004,1330350,13,601,81,#,9.45,#,0.688
1330350017,2004,1330350,13,601,81,#,9.87,#,0.585
1330350019,2004,1330350,13,601,81,#,9.98,#,0.838
1330350021,2004,1330350,13,601,81,#,10.5,#,0.887
1330350023,2004,1330350,13,601,81,#,10.2,#,0.993
1330370001,2004,1330370,13,602,01,#,3.33,#,0.183
1330370002,2004,1330370,13,602,01,#,1.69,#,0.099
1330370003,2004,1330370,13,602,01,#,3.6,#,0.268
1330370004,2004,1330370,13,602,01,#,1.44,#,0.079
1330370005,2004,1330370,13,602,01,#,2.28,#,0.23
1330370006,2004,1330370,13,602,01,#,1.11,#,0.157
1330370007,2004,1330370,13,602,01,#,2.15,#,0.272
1330370008,2004,1330370,13,602,01,#,1.09,#,0.164
1330370009,2004,1330370,13,602,01,#,2.63,#,0.256
1330370010,2004,1330370,13,602,01,#,1.72,#,0.205
1330370012,2004,1330370,13,602,01,#,2.04,#,0.163
1330370013,2004,1330370,13,602,01,#,1.24,#,0.118
1330370014,2004,1330370,13,602,01,#,1.67,#,0.146
1330370015,2004,1330370,13,602,01,#,0.79,#,0.105
1330370016,2004,1330370,13,602,01,#,3.5,#,0.14
1330370017,2004,1330370,13,602,01,#,0.83,#,0.072
1330370018,2004,1330370,13,602,01,#,0.84,#,0.066
1330370019,2004,1330370,13,602,01,#,0.76,#,0.06
1330370020,2004,1330370,13,602,01,#,1.74,#,0.085
1330370021,2004,1330370,13,602,01,#,1.11,#,0.177
1330370022,2004,1330370,13,602,01,#,0.98,#,0.077
1330370023,2004,1330370,13,602,01,#,0.94,#,0.086
1330370025,2004,1330370,13,602,01,#,1.84,#,0.083
1330370026,2004,1330370,13,602,01,#,1.06,#,0.067
1330380001,2004,1330380,13,602,51,#,1.96,#,0.176
1330380002,2004,1330380,13,602,51,#,0.86,#,0.095
1330380003,2004,1330380,13,602,51,#,1.13,#,0.075
1330380004,2004,1330380,13,602,51,#,0.97,#,0.061
1330390001,2004,1330390,13,602,52,#,1.51,#,0.14
1330390002,2004,1330390,13,602,52,#,0.83,#,0.075
1330390003,2004,1330390,13,602,52,#,0.96,#,0.061
1330390004,2004,1330390,13,602,52,#,0.85,#,0.059
1330400001,2004,1330400,13,602,53,#,1.98,#,0.197
1330400002,2004,1330400,13,602,53,#,1.81,#,0.191
1330400003,2004,1330400,13,602,53,#,1.21,#,0.074
1330400004,2004,1330400,13,602,53,#,1.15,#,0.077
1330410001,2004,1330410,13,602,55,#,2.8,#,0.253
1330410002,2004,1330410,13,602,55,#,0.58,#,0.112
1330410003,2004,1330410,13,602,55,#,1.31,#,0.084
1330410004,2004,1330410,13,602,55,#,1.29,#,0.079
1330420001,2004,1330420,13,602,56,#,1.68,#,0.163
1330420002,2004,1330420,13,602,56,#,0.64,#,0.074
1330420003,2004,1330420,13,602,56,#,0.87,#,0.059
1330420004,2004,1330420,13,602,56,#,0.6,#,0.048
1330440001,2004,1330440,13,603,01,#,1.06,#,0.059
1330440002,2004,1330440,13,603,01,#,0.8,#,0.057
1330440003,2004,1330440,13,603,01,#,1.14,#,0.09
1330440004,2004,1330440,13,603,01,#,0.63,#,0.074
1330440005,2004,1330440,13,603,01,#,0.77,#,0.06
1330440006,2004,1330440,13,603,01,#,0.72,#,0.064
1330440007,2004,1330440,13,603,01,#,1.01,#,0.096
1330440008,2004,1330440,13,603,01,#,0.57,#,0.061
1330440009,2004,1330440,13,603,01,#,1.14,#,0.102
1330440010,2004,1330440,13,603,01,#,0.53,#,0.067
1330440012,2004,1330440,13,603,01,#,1.15,#,0.108
1330440013,2004,1330440,13,603,01,#,0.59,#,0.087
1330440014,2004,1330440,13,603,01,#,1.29,#,0.089
1330440015,2004,1330440,13,603,01,#,0.35,#,0.041
1330440016,2004,1330440,13,603,01,#,1.12,#,0.048
1330440017,2004,1330440,13,603,01,#,0.41,#,0.052
1330440018,2004,1330440,13,603,01,#,0.9,#,0.063
1330440019,2004,1330440,13,603,01,#,0.66,#,0.052
1330440020,2004,1330440,13,603,01,#,1.08,#,0.06
1330440021,2004,1330440,13,603,01,#,0.79,#,0.059
1330440022,2004,1330440,13,603,01,#,1.03,#,0.047
1330440023,2004,1330440,13,603,01,#,0.89,#,0.045
1330440025,2004,1330440,13,603,01,#,0.88,#,0.028
1330440026,2004,1330440,13,603,01,#,0.72,#,0.029
1330450001,2004,1330450,13,603,02,#,2.01,#,0.106
1330450002,2004,1330450,13,603,02,#,0.62,#,0.062
1330450003,2004,1330450,13,603,02,#,3.67,#,0.545
1330450004,2004,1330450,13,603,02,#,0.51,#,0.046
1330450005,2004,1330450,13,603,02,#,2.17,#,0.169
1330450006,2004,1330450,13,603,02,#,0.76,#,0.127
1330450007,2004,1330450,13,603,02,#,1.78,#,0.169
1330450008,2004,1330450,13,603,02,#,0.6,#,0.073
1330450009,2004,1330450,13,603,02,#,1.22,#,0.13
1330450010,2004,1330450,13,603,02,#,0.81,#,0.145
1330450012,2004,1330450,13,603,02,#,1.5,#,0.155
1330450013,2004,1330450,13,603,02,#,0.76,#,0.095
1330450014,2004,1330450,13,603,02,#,2.11,#,0.122
1330450015,2004,1330450,13,603,02,#,0.42,#,0.048
1330450016,2004,1330450,13,603,02,#,2.27,#,0.095
1330450017,2004,1330450,13,603,02,#,0.38,#,0.053
1330450018,2004,1330450,13,603,02,#,1.84,#,0.1
1330450019,2004,1330450,13,603,02,#,0.5,#,0.054
1330450020,2004,1330450,13,603,02,#,1.36,#,0.079
1330450021,2004,1330450,13,603,02,#,0.88,#,0.059
1330450022,2004,1330450,13,603,02,#,2.19,#,0.09
1330450023,2004,1330450,13,603,02,#,0.91,#,0.051
1330450025,2004,1330450,13,603,02,#,2.08,#,0.095
1330450026,2004,1330450,13,603,02,#,0.61,#,0.051
1330460001,2004,1330460,13,603,51,#,1.62,#,0.191
1330460002,2004,1330460,13,603,51,#,0.53,#,0.06
1330460003,2004,1330460,13,603,51,#,1.08,#,0.071
1330460004,2004,1330460,13,603,51,#,0.84,#,0.057
1330470001,2004,1330470,13,603,52,#,1.41,#,0.156
1330470002,2004,1330470,13,603,52,#,0.53,#,0.061
1330470003,2004,1330470,13,603,52,#,1.14,#,0.073
1330470004,2004,1330470,13,603,52,#,0.85,#,0.055
1330480001,2004,1330480,13,603,53,#,1.43,#,0.134
1330480002,2004,1330480,13,603,53,#,0.56,#,0.064
1330480003,2004,1330480,13,603,53,#,1.1,#,0.066
1330480004,2004,1330480,13,603,53,#,0.81,#,0.059
1330500001,2004,1330500,13,603,55,#,1.2,#,0.13
1330500002,2004,1330500,13,603,55,#,0.55,#,0.063
1330500003,2004,1330500,13,603,55,#,1.1,#,0.065
1330500004,2004,1330500,13,603,55,#,0.82,#,0.061
1330510001,2004,1330510,13,603,56,#,0.97,#,0.098
1330510002,2004,1330510,13,603,56,#,0.57,#,0.057
1330510003,2004,1330510,13,603,56,#,1.05,#,0.064
1330510004,2004,1330510,13,603,56,#,0.79,#,0.054
1330520001,2004,1330520,13,603,57,#,2.21,#,0.238
1330520002,2004,1330520,13,603,57,#,0.78,#,0.084
1330520003,2004,1330520,13,603,57,#,1.39,#,0.089
1330520004,2004,1330520,13,603,57,#,0.92,#,0.071
1330530001,2004,1330530,13,603,58,#,1.16,#,0.122
1330530002,2004,1330530,13,603,58,#,0.6,#,0.066
1330530003,2004,1330530,13,603,58,#,1.12,#,0.066
1330530004,2004,1330530,13,603,58,#,0.82,#,0.06
1330540001,2004,1330540,13,603,59,#,0.84,#,0.069
1330540002,2004,1330540,13,603,59,#,0.59,#,0.107
1330540003,2004,1330540,13,603,59,#,0.92,#,0.058
1330540004,2004,1330540,13,603,59,#,0.75,#,0.051
1330560001,2004,1330560,13,603,61,#,2,#,0.15
1330560002,2004,1330560,13,603,61,#,0.57,#,0.067
1330560003,2004,1330560,13,603,61,#,1.36,#,0.081
1330560004,2004,1330560,13,603,61,#,0.75,#,0.055
1330570001,2004,1330570,13,603,62,#,1.12,#,0.11
1330570002,2004,1330570,13,603,62,#,0.66,#,0.094
1330570003,2004,1330570,13,603,62,#,0.84,#,0.053
1330570004,2004,1330570,13,603,62,#,0.78,#,0.05
1330580001,2004,1330580,13,603,63,#,1.85,#,0.167
1330580002,2004,1330580,13,603,63,#,0.61,#,0.122
1330580003,2004,1330580,13,603,63,#,0.92,#,0.057
1330580004,2004,1330580,13,603,63,#,0.59,#,0.051
1330590001,2004,1330590,13,603,64,#,0.93,#,0.08
1330590002,2004,1330590,13,603,64,#,0.61,#,0.107
1330590003,2004,1330590,13,603,64,#,1.05,#,0.059
1330590004,2004,1330590,13,603,64,#,0.7,#,0.052
1330600001,2004,1330600,13,604,01,#,0.9,#,0.039
1330600002,2004,1330600,13,604,01,#,0.44,#,0.036
1330600003,2004,1330600,13,604,01,#,0.92,#,0.068
1330600004,2004,1330600,13,604,01,#,0.43,#,0.038
1330600005,2004,1330600,13,604,01,#,1.01,#,0.073
1330600006,2004,1330600,13,604,01,#,0.6,#,0.083
1330600007,2004,1330600,13,604,01,#,0.7,#,0.067
1330600008,2004,1330600,13,604,01,#,0.53,#,0.093
1330600009,2004,1330600,13,604,01,#,0.84,#,0.095
1330600010,2004,1330600,13,604,01,#,0.52,#,0.092
1330600012,2004,1330600,13,604,01,#,0.83,#,0.115
1330600013,2004,1330600,13,604,01,#,0.56,#,0.071
1330600014,2004,1330600,13,604,01,#,1.32,#,0.081
1330600015,2004,1330600,13,604,01,#,0.32,#,0.033
1330600016,2004,1330600,13,604,01,#,0.82,#,0.043
1330600017,2004,1330600,13,604,01,#,0.3,#,0.034
1330600018,2004,1330600,13,604,01,#,0.73,#,0.052
1330600019,2004,1330600,13,604,01,#,0.37,#,0.036
1330600020,2004,1330600,13,604,01,#,0.82,#,0.048
1330600021,2004,1330600,13,604,01,#,0.77,#,0.052
1330600022,2004,1330600,13,604,01,#,0.73,#,0.023
1330600023,2004,1330600,13,604,01,#,0.64,#,0.03
1330600025,2004,1330600,13,604,01,#,1.62,#,0.077
1330600026,2004,1330600,13,604,01,#,0.41,#,0.035
