レコードID,測定年度,絶対番号,都道府県コード,水域コード,地点コード,全窒素_C,全窒素(mg/l),全燐_C,全燐(mg/l)
1310010001,2001,1310010,13,001,01,#,1.68,#,0.093
1310010005,2001,1310010,13,001,01,#,1.73,#,0.105
1310010009,2001,1310010,13,001,01,#,2.02,#,0.142
1310010013,2001,1310010,13,001,01,#,1.97,#,0.174
1310010021,2001,1310010,13,001,01,#,1.75,#,0.138
1310010025,2001,1310010,13,001,01,#,3.04,#,0.314
1310010029,2001,1310010,13,001,01,#,3.18,#,0.152
1310010033,2001,1310010,13,001,01,#,3.12,#,0.089
1310010037,2001,1310010,13,001,01,#,3.2,#,0.099
1310010045,2001,1310010,13,001,01,#,3.15,#,0.095
1310010049,2001,1310010,13,001,01,#,2.95,#,0.105
1310010053,2001,1310010,13,001,01,#,2.1,#,0.106
1310020001,2001,1310020,13,001,51,#,3.07,#,0.12
1310020002,2001,1310020,13,001,51,#,2.25,#,0.099
1310020003,2001,1310020,13,001,51,#,2.49,#,0.07
1310020004,2001,1310020,13,001,51,#,2.6,#,0.066
1310020005,2001,1310020,13,001,51,#,2.56,#,0.141
1310020006,2001,1310020,13,001,51,#,3.72,#,0.096
1310020007,2001,1310020,13,001,51,#,3.65,#,0.09
1310020008,2001,1310020,13,001,51,#,3.87,#,0.071
1310020009,2001,1310020,13,001,51,#,3.67,#,0.081
1310020010,2001,1310020,13,001,51,#,3.7,#,0.101
1310020011,2001,1310020,13,001,51,#,3.75,#,0.112
1310020012,2001,1310020,13,001,51,#,2.75,#,0.11
1310030001,2001,1310030,13,002,01,#,1.67,#,0.11
1310030005,2001,1310030,13,002,01,#,1.89,#,0.124
1310030009,2001,1310030,13,002,01,#,1.98,#,0.11
1310030013,2001,1310030,13,002,01,#,2.11,#,0.152
1310030021,2001,1310030,13,002,01,#,2.16,#,0.161
1310030025,2001,1310030,13,002,01,#,3.01,#,0.2
1310030029,2001,1310030,13,002,01,#,2.94,#,0.16
1310030033,2001,1310030,13,002,01,#,3.45,#,0.117
1310030037,2001,1310030,13,002,01,#,3.29,#,0.088
1310030045,2001,1310030,13,002,01,#,3.38,#,0.117
1310030049,2001,1310030,13,002,01,#,3.18,#,0.111
1310030053,2001,1310030,13,002,01,#,2.45,#,0.13
1310040001,2001,1310040,13,002,51,#,1.84,#,0.122
1310040004,2001,1310040,13,002,51,#,2.14,#,0.121
1310040007,2001,1310040,13,002,51,#,2.23,#,0.141
1310040010,2001,1310040,13,002,51,#,1.93,#,0.116
1310040013,2001,1310040,13,002,51,#,1.79,#,0.158
1310040016,2001,1310040,13,002,51,#,3.79,#,0.206
1310040019,2001,1310040,13,002,51,#,3.05,#,0.139
1310040022,2001,1310040,13,002,51,#,3.18,#,0.128
1310040025,2001,1310040,13,002,51,#,3.46,#,0.103
1310040028,2001,1310040,13,002,51,#,3.41,#,0.116
1310040031,2001,1310040,13,002,51,#,3.05,#,0.102
1310040034,2001,1310040,13,002,51,#,2.32,#,0.117
1310060001,2001,1310060,13,003,01,#,4.2,#,0.173
1310060004,2001,1310060,13,003,01,#,3.76,#,0.165
1310060007,2001,1310060,13,003,01,#,3.65,#,0.138
1310060010,2001,1310060,13,003,01,#,2.96,#,0.067
1310060013,2001,1310060,13,003,01,#,4.05,#,0.208
1310060016,2001,1310060,13,003,01,#,3.39,#,0.188
1310060019,2001,1310060,13,003,01,#,4.01,#,0.131
1310060022,2001,1310060,13,003,01,#,4.26,#,0.125
1310060025,2001,1310060,13,003,01,#,5.37,#,0.167
1310060028,2001,1310060,13,003,01,#,5.7,#,0.236
1310060031,2001,1310060,13,003,01,#,4.68,#,0.197
1310060034,2001,1310060,13,003,01,#,4.3,#,0.177
1310070001,2001,1310070,13,003,51,#,4.61,#,0.143
1310070002,2001,1310070,13,003,51,#,5.24,#,0.215
1310070003,2001,1310070,13,003,51,#,3.88,#,0.112
1310070004,2001,1310070,13,003,51,#,4.81,#,0.106
1310070005,2001,1310070,13,003,51,#,4.11,#,0.162
1310070006,2001,1310070,13,003,51,#,3.97,#,0.151
1310070007,2001,1310070,13,003,51,#,3.8,#,0.144
1310070008,2001,1310070,13,003,51,#,5.12,#,0.204
1310070009,2001,1310070,13,003,51,#,6,#,0.182
1310070010,2001,1310070,13,003,51,#,5.83,#,0.28
1310070011,2001,1310070,13,003,51,#,6.12,#,0.332
1310070012,2001,1310070,13,003,51,#,4.02,#,0.194
1310090002,2001,1310090,13,004,01,#,7.44,#,0.277
1310090006,2001,1310090,13,004,01,#,3.22,#,0.286
1310090010,2001,1310090,13,004,01,#,2.52,#,0.277
1310090014,2001,1310090,13,004,01,#,2.55,#,0.203
1310090022,2001,1310090,13,004,01,#,2.74,#,0.296
1310090026,2001,1310090,13,004,01,#,3.29,#,0.153
1310090030,2001,1310090,13,004,01,#,3.08,#,0.225
1310090034,2001,1310090,13,004,01,#,3.71,#,0.285
1310090038,2001,1310090,13,004,01,#,6.76,#,0.38
1310090042,2001,1310090,13,004,01,#,9.88,#,0.407
1310090050,2001,1310090,13,004,01,#,6.86,#,0.391
1310090054,2001,1310090,13,004,01,#,9.07,#,0.519
1310100001,2001,1310100,13,004,02,#,5.74,#,0.201
1310100004,2001,1310100,13,004,02,#,3.62,#,0.36
1310100007,2001,1310100,13,004,02,#,3.97,#,0.22
1310100010,2001,1310100,13,004,02,#,3.78,#,0.144
1310100013,2001,1310100,13,004,02,#,3.93,#,0.26
1310100016,2001,1310100,13,004,02,#,4.71,#,0.236
1310100019,2001,1310100,13,004,02,#,4.02,#,0.212
1310100022,2001,1310100,13,004,02,#,4.39,#,0.193
1310100025,2001,1310100,13,004,02,#,4.36,#,0.191
1310100028,2001,1310100,13,004,02,#,3.01,#,0.145
1310100031,2001,1310100,13,004,02,#,5.16,#,0.26
1310100034,2001,1310100,13,004,02,#,6.37,#,0.266
1310110002,2001,1310110,13,004,51,#,8.15,#,0.31
1310110005,2001,1310110,13,004,51,#,3.52,#,0.249
1310110008,2001,1310110,13,004,51,#,3.26,#,0.254
1310110011,2001,1310110,13,004,51,#,3.6,#,1.11
1310110025,2001,1310110,13,004,51,#,2.54,#,0.185
1310110028,2001,1310110,13,004,51,#,4.11,#,0.235
1310110031,2001,1310110,13,004,51,#,3.07,#,0.235
1310110034,2001,1310110,13,004,51,#,3.85,#,0.261
1310110037,2001,1310110,13,004,51,#,7.88,#,0.372
1310110040,2001,1310110,13,004,51,#,7.75,#,0.319
1310110043,2001,1310110,13,004,51,#,7.07,#,0.366
1310110046,2001,1310110,13,004,51,#,8.43,#,0.533
1310140002,2001,1310140,13,005,01,#,8.77,#,0.732
1310140005,2001,1310140,13,005,01,#,3.74,#,0.557
1310140008,2001,1310140,13,005,01,#,3.38,#,0.47
1310140011,2001,1310140,13,005,01,#,3.81,#,0.54
1310140025,2001,1310140,13,005,01,#,3.32,#,0.466
1310140028,2001,1310140,13,005,01,#,4.05,#,0.336
1310140031,2001,1310140,13,005,01,#,3.77,#,0.328
1310140034,2001,1310140,13,005,01,#,3.47,#,0.418
1310140037,2001,1310140,13,005,01,#,6.25,#,0.354
1310140040,2001,1310140,13,005,01,#,9.88,#,0.427
1310140054,2001,1310140,13,005,01,#,5.11,#,0.404
1310140057,2001,1310140,13,005,01,#,5.11,#,0.583
1310160002,2001,1310160,13,005,52,#,8.86,#,0.563
1310160004,2001,1310160,13,005,52,#,4.85,#,0.338
1310160007,2001,1310160,13,005,52,#,3.93,#,0.398
1310160010,2001,1310160,13,005,52,#,3.87,#,0.278
1310160013,2001,1310160,13,005,52,#,6.15,#,0.32
1310160016,2001,1310160,13,005,52,#,5,#,0.264
1310160019,2001,1310160,13,005,52,#,4.86,#,0.318
1310160022,2001,1310160,13,005,52,#,5.76,#,0.3
1310160026,2001,1310160,13,005,52,#,8.74,#,0.433
1310160029,2001,1310160,13,005,52,#,10.7,#,0.45
1310160032,2001,1310160,13,005,52,#,6.8,#,0.386
1310160034,2001,1310160,13,005,52,#,7.92,#,0.382
1310180001,2001,1310180,13,006,01,#,9.24,#,0.433
1310180005,2001,1310180,13,006,01,#,5.06,#,0.391
1310180009,2001,1310180,13,006,01,#,5.31,#,0.28
1310180013,2001,1310180,13,006,01,#,5.94,#,0.243
1310180017,2001,1310180,13,006,01,#,6.64,#,0.342
1310180026,2001,1310180,13,006,01,#,5.17,#,0.223
1310180030,2001,1310180,13,006,01,#,4.02,#,0.178
1310180034,2001,1310180,13,006,01,#,5.84,#,0.285
1310180038,2001,1310180,13,006,01,#,7.96,#,0.29
1310180042,2001,1310180,13,006,01,#,11.1,#,0.363
1310180046,2001,1310180,13,006,01,#,8.25,#,0.377
1310180055,2001,1310180,13,006,01,#,10.8,#,0.462
1310190001,2001,1310190,13,006,02,#,5.54,#,0.254
1310190005,2001,1310190,13,006,02,#,3.44,#,0.243
1310190009,2001,1310190,13,006,02,#,3.29,#,0.204
1310190013,2001,1310190,13,006,02,#,3.21,#,0.197
1310190017,2001,1310190,13,006,02,#,3.3,#,0.297
1310190026,2001,1310190,13,006,02,#,3.31,#,0.188
1310190030,2001,1310190,13,006,02,#,5.23,#,0.189
1310190034,2001,1310190,13,006,02,#,3.95,#,0.197
1310190038,2001,1310190,13,006,02,#,1.78,#,0.14
1310190042,2001,1310190,13,006,02,#,7.68,#,0.267
1310190046,2001,1310190,13,006,02,#,2.11,#,0.152
1310190055,2001,1310190,13,006,02,#,7.49,#,0.286
1310200001,2001,1310200,13,006,51,#,8.52,#,0.356
1310200004,2001,1310200,13,006,51,#,5.38,#,0.234
1310200007,2001,1310200,13,006,51,#,5.47,#,0.193
1310200010,2001,1310200,13,006,51,#,5.38,#,0.202
1310200013,2001,1310200,13,006,51,#,8.34,#,0.405
1310200016,2001,1310200,13,006,51,#,5.59,#,0.224
1310200019,2001,1310200,13,006,51,#,3.51,#,0.122
1310200022,2001,1310200,13,006,51,#,4.37,#,0.199
1310200025,2001,1310200,13,006,51,#,9.17,#,0.313
1310200028,2001,1310200,13,006,51,#,13.2,#,0.453
1310200031,2001,1310200,13,006,51,#,9.63,#,0.343
1310200034,2001,1310200,13,006,51,#,10.9,#,0.426
1310210001,2001,1310210,13,006,52,#,9.04,#,0.437
1310210004,2001,1310210,13,006,52,#,6.29,#,0.438
1310210007,2001,1310210,13,006,52,#,6.7,#,0.362
1310210010,2001,1310210,13,006,52,#,7.17,#,0.338
1310210013,2001,1310210,13,006,52,#,8.42,#,0.511
1310210016,2001,1310210,13,006,52,#,5.75,#,0.314
1310210019,2001,1310210,13,006,52,#,3.75,#,0.189
1310210022,2001,1310210,13,006,52,#,6.63,#,0.331
1310210025,2001,1310210,13,006,52,#,8.98,#,0.349
1310210028,2001,1310210,13,006,52,#,12.2,#,0.424
1310210031,2001,1310210,13,006,52,#,9.55,#,0.397
1310210034,2001,1310210,13,006,52,#,11.9,#,0.585
1310220001,2001,1310220,13,006,53,#,7.3,#,0.317
1310220004,2001,1310220,13,006,53,#,4.6,#,0.306
1310220007,2001,1310220,13,006,53,#,4.42,#,0.229
1310220010,2001,1310220,13,006,53,#,4.45,#,0.225
1310220013,2001,1310220,13,006,53,#,5.32,#,0.311
1310220016,2001,1310220,13,006,53,#,4.28,#,0.182
1310220019,2001,1310220,13,006,53,#,5.01,#,0.262
1310220022,2001,1310220,13,006,53,#,4.55,#,0.15
1310220025,2001,1310220,13,006,53,#,6.21,#,0.22
1310220028,2001,1310220,13,006,53,#,8.65,#,0.306
1310220031,2001,1310220,13,006,53,#,3.25,#,0.317
1310220034,2001,1310220,13,006,53,#,9.41,#,0.365
1310230001,2001,1310230,13,007,01,#,8.6,#,0.446
1310230004,2001,1310230,13,007,01,#,8.02,#,0.433
1310230007,2001,1310230,13,007,01,#,7.14,#,0.374
1310230010,2001,1310230,13,007,01,#,9.61,#,0.33
1310230013,2001,1310230,13,007,01,#,7.48,#,0.413
1310230016,2001,1310230,13,007,01,#,6.52,#,0.356
1310230019,2001,1310230,13,007,01,#,5.47,#,0.233
1310230022,2001,1310230,13,007,01,#,7.52,#,0.292
1310230025,2001,1310230,13,007,01,#,6.69,#,0.34
1310230028,2001,1310230,13,007,01,#,5.07,#,0.249
1310230031,2001,1310230,13,007,01,#,7.95,#,0.371
1310230034,2001,1310230,13,007,01,#,9.18,#,0.387
1310240001,2001,1310240,13,007,02,#,14.8,#,0.919
1310240004,2001,1310240,13,007,02,#,11,#,0.593
1310240007,2001,1310240,13,007,02,#,10.2,#,0.446
1310240010,2001,1310240,13,007,02,#,11.9,#,0.399
1310240013,2001,1310240,13,007,02,#,13.8,#,0.892
1310240016,2001,1310240,13,007,02,#,9.16,#,0.476
1310240019,2001,1310240,13,007,02,#,9.33,#,0.446
1310240022,2001,1310240,13,007,02,#,9.84,#,0.414
1310240025,2001,1310240,13,007,02,#,13,#,0.567
1310240028,2001,1310240,13,007,02,#,17.1,#,0.758
1310240031,2001,1310240,13,007,02,#,7.4,#,0.628
1310240034,2001,1310240,13,007,02,#,14.4,#,0.766
1310250001,2001,1310250,13,007,51,#,11.7,#,0.567
1310250004,2001,1310250,13,007,51,#,6.21,#,0.415
1310250007,2001,1310250,13,007,51,#,7.33,#,0.32
1310250010,2001,1310250,13,007,51,#,6.49,#,0.333
1310250013,2001,1310250,13,007,51,#,8.27,#,0.451
1310250016,2001,1310250,13,007,51,#,7.32,#,0.303
1310250019,2001,1310250,13,007,51,#,3.83,#,0.215
1310250022,2001,1310250,13,007,51,#,7.15,#,0.383
1310250025,2001,1310250,13,007,51,#,12,#,0.709
1310250028,2001,1310250,13,007,51,#,15.3,#,0.639
1310250031,2001,1310250,13,007,51,#,8.8,#,0.351
1310250034,2001,1310250,13,007,51,#,11.6,#,0.535
1310260001,2001,1310260,13,007,53,#,10.8,#,0.486
1310260004,2001,1310260,13,007,53,#,9.41,#,0.431
1310260007,2001,1310260,13,007,53,#,10.3,#,0.477
1310260010,2001,1310260,13,007,53,#,11.4,#,0.41
1310260013,2001,1310260,13,007,53,#,11.1,#,0.545
1310260016,2001,1310260,13,007,53,#,8.34,#,0.325
1310260019,2001,1310260,13,007,53,#,7.91,#,0.29
1310260022,2001,1310260,13,007,53,#,9.48,#,0.364
1310260025,2001,1310260,13,007,53,#,8.61,#,0.338
1310260028,2001,1310260,13,007,53,#,11.5,#,0.411
1310260031,2001,1310260,13,007,53,#,10.9,#,0.399
1310260034,2001,1310260,13,007,53,#,13.1,#,0.621
1310290001,2001,1310290,13,008,01,#,8.76,#,0.744
1310290004,2001,1310290,13,008,01,#,9.89,#,0.873
1310290007,2001,1310290,13,008,01,#,7.09,#,0.842
1310290010,2001,1310290,13,008,01,#,7.2,#,0.739
1310290013,2001,1310290,13,008,01,#,6.74,#,0.758
1310290016,2001,1310290,13,008,01,#,6.18,#,0.639
1310290019,2001,1310290,13,008,01,#,6.9,#,0.327
1310290022,2001,1310290,13,008,01,#,7.58,#,0.433
1310290025,2001,1310290,13,008,01,#,5.61,#,0.304
1310290028,2001,1310290,13,008,01,#,7.71,#,0.616
1310290031,2001,1310290,13,008,01,#,9.3,#,0.84
1310290034,2001,1310290,13,008,01,#,9.2,#,1.01
1310300001,2001,1310300,13,009,01,#,14.1,#,1.16
1310300004,2001,1310300,13,009,01,#,13.9,#,1.17
1310300007,2001,1310300,13,009,01,#,10.6,#,1.02
1310300010,2001,1310300,13,009,01,#,7.61,#,1.02
1310300013,2001,1310300,13,009,01,#,13.1,#,1.28
1310300016,2001,1310300,13,009,01,#,6.6,#,1.05
1310300019,2001,1310300,13,009,01,#,7.88,#,0.351
1310300022,2001,1310300,13,009,01,#,10.1,#,0.64
1310300025,2001,1310300,13,009,01,#,13.7,#,1.17
1310300028,2001,1310300,13,009,01,#,15,#,1.59
1310300031,2001,1310300,13,009,01,#,14.9,#,1.49
1310300034,2001,1310300,13,009,01,#,14.7,#,1.56
1310310001,2001,1310310,13,010,01,#,2.71,#,0.252
1310310003,2001,1310310,13,010,01,#,2.97,#,0.397
1310310005,2001,1310310,13,010,01,#,2.39,#,0.566
1310310007,2001,1310310,13,010,01,#,3.64,#,0.152
1310310009,2001,1310310,13,010,01,#,3.24,#,0.329
1310310011,2001,1310310,13,010,01,#,2.88,#,0.375
1310310013,2001,1310310,13,010,01,#,3.92,#,0.218
1310310015,2001,1310310,13,010,01,#,3.3,#,0.191
1310310017,2001,1310310,13,010,01,#,3.3,#,0.174
1310310019,2001,1310310,13,010,01,#,7.42,#,0.153
1310310021,2001,1310310,13,010,01,#,3.97,#,0.212
1310310023,2001,1310310,13,010,01,#,3.12,#,0.202
1310320001,2001,1310320,13,011,01,#,5.66,#,0.516
1310320004,2001,1310320,13,011,01,#,1.88,#,0.389
1310320007,2001,1310320,13,011,01,#,2.07,#,0.55
1310320010,2001,1310320,13,011,01,#,1.63,#,0.565
1310320013,2001,1310320,13,011,01,#,5.4,#,1.17
1310320016,2001,1310320,13,011,01,#,5.03,#,0.726
1310320019,2001,1310320,13,011,01,#,4.29,#,0.553
1310320022,2001,1310320,13,011,01,#,4.51,#,0.412
1310320025,2001,1310320,13,011,01,#,8.46,#,0.539
1310320028,2001,1310320,13,011,01,#,9.19,#,0.57
1310320031,2001,1310320,13,011,01,#,7.41,#,0.459
1310320034,2001,1310320,13,011,01,#,5.91,#,0.466
1310330001,2001,1310330,13,012,01,#,9.23,#,0.908
1310330004,2001,1310330,13,012,01,#,7.57,#,1.06
1310330007,2001,1310330,13,012,01,#,6.38,#,1.12
1310330010,2001,1310330,13,012,01,#,7.82,#,0.935
1310330013,2001,1310330,13,012,01,#,8.55,#,1.19
1310330016,2001,1310330,13,012,01,#,7.86,#,1.1
1310330019,2001,1310330,13,012,01,#,7.77,#,0.438
1310330022,2001,1310330,13,012,01,#,8.12,#,0.615
1310330025,2001,1310330,13,012,01,#,11.1,#,1.06
1310330028,2001,1310330,13,012,01,#,14.1,#,1.49
1310330031,2001,1310330,13,012,01,#,11.3,#,1.25
1310330034,2001,1310330,13,012,01,#,11,#,1.31
1310340001,2001,1310340,13,013,01,#,0.78,#,0.012
1310340004,2001,1310340,13,013,01,#,0.95,#,0.025
1310340007,2001,1310340,13,013,01,#,0.89,#,0.014
1310340010,2001,1310340,13,013,01,#,0.75,#,0.015
1310340013,2001,1310340,13,013,01,#,1.06,#,0.014
1310340016,2001,1310340,13,013,01,#,1.3,#,0.026
1310340019,2001,1310340,13,013,01,#,1.71,#,0.076
1310340022,2001,1310340,13,013,01,#,0.91,#,0.023
1310340025,2001,1310340,13,013,01,#,1.17,#,0.014
1310340028,2001,1310340,13,013,01,#,1.13,#,0.018
1310340031,2001,1310340,13,013,01,#,1.08,#,0.019
1310340034,2001,1310340,13,013,01,#,0.93,#,0.012
1310370001,2001,1310370,13,014,01,#,1.28,#,0.019
1310370005,2001,1310370,13,014,01,#,1.29,#,0.022
1310370009,2001,1310370,13,014,01,#,1.29,#,0.027
1310370013,2001,1310370,13,014,01,#,1.31,#,0.022
1310370017,2001,1310370,13,014,01,#,1.23,#,0.02
1310370025,2001,1310370,13,014,01,#,1.51,#,0.064
1310370029,2001,1310370,13,014,01,#,1.42,#,0.053
1310370033,2001,1310370,13,014,01,#,1.38,#,0.03
1310370037,2001,1310370,13,014,01,#,1.26,#,0.023
1310370041,2001,1310370,13,014,01,#,1.18,#,0.03
1310370045,2001,1310370,13,014,01,#,1.74,#,0.025
1310370053,2001,1310370,13,014,01,#,1.27,#,0.091
1310380001,2001,1310380,13,014,51,#,0.66,#,0.044
1310380004,2001,1310380,13,014,51,#,0.67,#,0.016
1310380007,2001,1310380,13,014,51,#,0.83,#,0.019
1310380010,2001,1310380,13,014,51,#,0.82,#,0.019
1310380013,2001,1310380,13,014,51,#,0.59,#,0.019
1310380016,2001,1310380,13,014,51,#,1.19,#,0.057
1310380019,2001,1310380,13,014,51,#,0.99,#,0.045
1310380022,2001,1310380,13,014,51,#,0.82,#,0.019
1310380025,2001,1310380,13,014,51,#,0.71,#,0.02
1310380028,2001,1310380,13,014,51,#,0.74,#,0.02
1310380031,2001,1310380,13,014,51,#,0.74,#,0.019
1310380034,2001,1310380,13,014,51,#,0.64,#,0.011
1310390001,2001,1310390,13,014,52,#,1.1,#,0.015
1310390002,2001,1310390,13,014,52,#,0.94,#,0.029
1310390003,2001,1310390,13,014,52,#,0.88,#,0.014
1310390004,2001,1310390,13,014,52,#,0.89,#,0.014
1310390005,2001,1310390,13,014,52,#,1.04,#,0.015
1310390006,2001,1310390,13,014,52,#,1.28,#,0.028
1310390007,2001,1310390,13,014,52,#,1.51,#,0.071
1310390008,2001,1310390,13,014,52,#,1.05,#,0.021
1310390009,2001,1310390,13,014,52,#,1.34,#,0.018
1310390010,2001,1310390,13,014,52,#,0.92,#,0.015
1310390011,2001,1310390,13,014,52,#,1.41,#,0.017
1310390012,2001,1310390,13,014,52,#,0.79,#,0.015
1310400001,2001,1310400,13,014,53,#,2,#,0.015
1310400002,2001,1310400,13,014,53,#,2.33,#,0.022
1310400003,2001,1310400,13,014,53,#,1.66,#,0.017
1310400004,2001,1310400,13,014,53,#,1.89,#,0.02
1310400005,2001,1310400,13,014,53,#,1.34,#,0.015
1310400006,2001,1310400,13,014,53,#,1.83,#,0.019
1310400007,2001,1310400,13,014,53,#,1.94,#,0.061
1310400008,2001,1310400,13,014,53,#,1.24,#,0.027
1310400009,2001,1310400,13,014,53,#,1.74,#,0.039
1310400010,2001,1310400,13,014,53,#,0.94,#,0.019
1310400011,2001,1310400,13,014,53,#,1.87,#,0.023
1310400012,2001,1310400,13,014,53,#,1.63,#,0.015
1310410001,2001,1310410,13,015,01,#,7.3,#,0.729
1310410006,2001,1310410,13,015,01,#,7.31,#,0.749
1310410011,2001,1310410,13,015,01,#,5.68,#,0.58
1310410016,2001,1310410,13,015,01,#,6.38,#,0.586
1310410021,2001,1310410,13,015,01,#,6.79,#,0.695
1310410026,2001,1310410,13,015,01,#,3.27,#,0.233
1310410031,2001,1310410,13,015,01,#,3.47,#,0.268
1310410036,2001,1310410,13,015,01,#,4.36,#,0.253
1310410041,2001,1310410,13,015,01,#,7.55,#,0.555
1310410046,2001,1310410,13,015,01,#,8.47,#,0.888
1310410051,2001,1310410,13,015,01,#,7.07,#,0.678
1310410056,2001,1310410,13,015,01,#,7.58,#,0.69
1310420001,2001,1310420,13,015,02,#,6.78,#,0.495
1310420006,2001,1310420,13,015,02,#,6.47,#,0.457
1310420011,2001,1310420,13,015,02,#,5.32,#,0.382
1310420016,2001,1310420,13,015,02,#,5.62,#,0.38
1310420021,2001,1310420,13,015,02,#,5.67,#,0.414
1310420030,2001,1310420,13,015,02,#,2.99,#,0.219
1310420035,2001,1310420,13,015,02,#,3.66,#,0.217
1310420040,2001,1310420,13,015,02,#,3.88,#,0.212
1310420045,2001,1310420,13,015,02,#,6.79,#,0.393
1310420050,2001,1310420,13,015,02,#,7.84,#,0.526
1310420055,2001,1310420,13,015,02,#,7.07,#,0.477
1310420064,2001,1310420,13,015,02,#,7.14,#,0.569
1310430001,2001,1310430,13,015,51,#,7.12,#,0.984
1310430006,2001,1310430,13,015,51,#,5.97,#,0.795
1310430011,2001,1310430,13,015,51,#,4.13,#,0.491
1310430016,2001,1310430,13,015,51,#,4.88,#,0.335
1310430021,2001,1310430,13,015,51,#,6.52,#,0.477
1310430026,2001,1310430,13,015,51,#,2.56,#,0.316
1310430031,2001,1310430,13,015,51,#,2.23,#,0.282
1310430036,2001,1310430,13,015,51,#,2.34,#,0.294
1310430041,2001,1310430,13,015,51,#,5.54,#,0.404
1310430046,2001,1310430,13,015,51,#,6.47,#,0.465
1310430051,2001,1310430,13,015,51,#,5.75,#,0.451
1310430056,2001,1310430,13,015,51,#,6.35,#,0.637
1310440001,2001,1310440,13,015,52,#,6.55,#,0.772
1310440006,2001,1310440,13,015,52,#,5.93,#,0.667
1310440011,2001,1310440,13,015,52,#,4.68,#,0.504
1310440016,2001,1310440,13,015,52,#,5.14,#,0.404
1310440021,2001,1310440,13,015,52,#,5.07,#,0.475
1310440026,2001,1310440,13,015,52,#,3.06,#,0.288
1310440031,2001,1310440,13,015,52,#,2.81,#,0.308
1310440036,2001,1310440,13,015,52,#,3.18,#,0.277
1310440041,2001,1310440,13,015,52,#,6.05,#,0.411
1310440046,2001,1310440,13,015,52,#,7.84,#,0.628
1310440051,2001,1310440,13,015,52,#,7.07,#,0.54
1310440056,2001,1310440,13,015,52,#,7.03,#,0.565
1310450001,2001,1310450,13,015,53,#,7.04,#,0.67
1310450006,2001,1310450,13,015,53,#,6.28,#,0.68
1310450011,2001,1310450,13,015,53,#,4.58,#,0.488
1310450016,2001,1310450,13,015,53,#,5.25,#,0.416
1310450021,2001,1310450,13,015,53,#,6.3,#,0.513
1310450026,2001,1310450,13,015,53,#,4.91,#,0.338
1310450031,2001,1310450,13,015,53,#,3.45,#,0.307
1310450036,2001,1310450,13,015,53,#,3.73,#,0.293
1310450041,2001,1310450,13,015,53,#,7.15,#,0.529
1310450046,2001,1310450,13,015,53,#,7.84,#,0.622
1310450051,2001,1310450,13,015,53,#,7.03,#,0.577
1310450056,2001,1310450,13,015,53,#,7.11,#,0.589
1310460001,2001,1310460,13,015,54,#,6.98,#,0.615
1310460006,2001,1310460,13,015,54,#,6.87,#,0.619
1310460011,2001,1310460,13,015,54,#,5.6,#,0.475
1310460016,2001,1310460,13,015,54,#,5.82,#,0.474
1310460021,2001,1310460,13,015,54,#,6.48,#,0.628
1310460026,2001,1310460,13,015,54,#,2.87,#,0.186
1310460031,2001,1310460,13,015,54,#,3.23,#,0.179
1310460036,2001,1310460,13,015,54,#,3.68,#,0.21
1310460041,2001,1310460,13,015,54,#,7.23,#,0.461
1310460046,2001,1310460,13,015,54,#,9.18,#,0.777
1310460051,2001,1310460,13,015,54,#,6.95,#,0.547
1310460056,2001,1310460,13,015,54,#,7.22,#,0.631
1310470001,2001,1310470,13,015,55,#,8.06,#,0.537
1310470002,2001,1310470,13,015,55,#,5.82,#,0.648
1310470003,2001,1310470,13,015,55,#,6.77,#,0.478
1310470004,2001,1310470,13,015,55,#,4.6,#,0.505
1310470005,2001,1310470,13,015,55,#,4.56,#,0.528
1310470006,2001,1310470,13,015,55,#,5.14,#,0.333
1310470007,2001,1310470,13,015,55,#,3.95,#,0.259
1310470008,2001,1310470,13,015,55,#,6,#,0.225
1310470009,2001,1310470,13,015,55,#,7.48,#,0.39
1310470010,2001,1310470,13,015,55,#,8.01,#,0.546
1310470011,2001,1310470,13,015,55,#,6.34,#,0.524
1310470012,2001,1310470,13,015,55,#,6.12,#,0.611
1310480001,2001,1310480,13,015,56,#,7.06,#,0.527
1310480006,2001,1310480,13,015,56,#,6.22,#,0.497
1310480011,2001,1310480,13,015,56,#,5.44,#,0.403
1310480016,2001,1310480,13,015,56,#,5.5,#,0.403
1310480021,2001,1310480,13,015,56,#,5.55,#,0.434
1310480026,2001,1310480,13,015,56,#,3.23,#,0.188
1310480031,2001,1310480,13,015,56,#,3.89,#,0.217
1310480036,2001,1310480,13,015,56,#,4.36,#,0.201
1310480041,2001,1310480,13,015,56,#,6.91,#,0.411
1310480046,2001,1310480,13,015,56,#,8.59,#,0.589
1310480051,2001,1310480,13,015,56,#,6.99,#,0.518
1310480056,2001,1310480,13,015,56,#,7.46,#,0.567
1310530001,2001,1310530,13,015,03,#,7.18,#,0.416
1310530006,2001,1310530,13,015,03,#,6.02,#,0.437
1310530011,2001,1310530,13,015,03,#,4.73,#,0.362
1310530016,2001,1310530,13,015,03,#,5.34,#,0.389
1310530021,2001,1310530,13,015,03,#,4.85,#,0.388
1310530026,2001,1310530,13,015,03,#,2.83,#,0.239
1310530031,2001,1310530,13,015,03,#,4.17,#,0.221
1310530036,2001,1310530,13,015,03,#,4.28,#,0.222
1310530041,2001,1310530,13,015,03,#,4.68,#,0.294
1310530046,2001,1310530,13,015,03,#,7.25,#,0.392
1310530051,2001,1310530,13,015,03,#,5.38,#,0.323
1310530056,2001,1310530,13,015,03,#,6.94,#,0.428
1310540001,2001,1310540,13,015,58,#,8.52,#,0.505
1310540006,2001,1310540,13,015,58,#,8.07,#,0.556
1310540011,2001,1310540,13,015,58,#,6,#,0.418
1310540016,2001,1310540,13,015,58,#,6.9,#,0.445
1310540021,2001,1310540,13,015,58,#,6.56,#,0.432
1310540026,2001,1310540,13,015,58,#,3.15,#,0.195
1310540031,2001,1310540,13,015,58,#,4.28,#,0.215
1310540036,2001,1310540,13,015,58,#,4.76,#,0.224
1310540041,2001,1310540,13,015,58,#,7.47,#,0.383
1310540046,2001,1310540,13,015,58,#,10,#,0.532
1310540051,2001,1310540,13,015,58,#,7.85,#,0.488
1310540056,2001,1310540,13,015,58,#,9.01,#,0.565
1310550001,2001,1310550,13,017,01,#,11.8,#,0.555
1310550004,2001,1310550,13,017,01,#,14.4,#,0.907
1310550007,2001,1310550,13,017,01,#,10.5,#,0.396
1310550010,2001,1310550,13,017,01,#,13.4,#,0.476
1310550013,2001,1310550,13,017,01,#,11.6,#,0.547
1310550016,2001,1310550,13,017,01,#,7.57,#,0.31
1310550019,2001,1310550,13,017,01,#,7.92,#,0.37
1310550022,2001,1310550,13,017,01,#,10.3,#,0.527
1310550025,2001,1310550,13,017,01,#,11.5,#,0.353
1310550028,2001,1310550,13,017,01,#,15.7,#,0.867
1310550031,2001,1310550,13,017,01,#,12.5,#,0.542
1310550034,2001,1310550,13,017,01,#,14.2,#,0.732
1310560001,2001,1310560,13,017,51,#,10.1,#,0.488
1310560004,2001,1310560,13,017,51,#,8.4,#,0.455
1310560007,2001,1310560,13,017,51,#,7.66,#,0.301
1310560010,2001,1310560,13,017,51,#,11.1,#,0.403
1310560013,2001,1310560,13,017,51,#,11.9,#,0.676
1310560016,2001,1310560,13,017,51,#,6.85,#,0.245
1310560019,2001,1310560,13,017,51,#,7.24,#,0.233
1310560022,2001,1310560,13,017,51,#,8.17,#,0.262
1310560025,2001,1310560,13,017,51,#,11.6,#,0.442
1310560028,2001,1310560,13,017,51,#,14.7,#,0.654
1310560031,2001,1310560,13,017,51,#,9.85,#,0.429
1310560034,2001,1310560,13,017,51,#,11.2,#,0.543
1310570001,2001,1310570,13,017,52,#,14.5,#,0.804
1310570004,2001,1310570,13,017,52,#,9.84,#,0.663
1310570007,2001,1310570,13,017,52,#,9.4,#,0.368
1310570010,2001,1310570,13,017,52,#,13.1,#,0.495
1310570013,2001,1310570,13,017,52,#,12.9,#,0.689
1310570016,2001,1310570,13,017,52,#,8.43,#,0.301
1310570019,2001,1310570,13,017,52,#,7.1,#,0.327
1310570022,2001,1310570,13,017,52,#,9.26,#,0.422
1310570025,2001,1310570,13,017,52,#,12.5,#,0.557
1310570028,2001,1310570,13,017,52,#,15.9,#,1.08
1310570031,2001,1310570,13,017,52,#,12.4,#,0.553
1310570034,2001,1310570,13,017,52,#,13.2,#,0.724
1310580001,2001,1310580,13,018,01,#,10.9,#,0.501
1310580004,2001,1310580,13,018,01,#,8.31,#,0.161
1310580007,2001,1310580,13,018,01,#,8.1,#,0.094
1310580010,2001,1310580,13,018,01,#,7.29,#,0.034
1310580013,2001,1310580,13,018,01,#,10,#,0.473
1310580016,2001,1310580,13,018,01,#,7.52,#,0.221
1310580019,2001,1310580,13,018,01,#,7.61,#,0.225
1310580022,2001,1310580,13,018,01,#,8.4,#,0.093
1310580025,2001,1310580,13,018,01,#,10.5,#,0.368
1310580028,2001,1310580,13,018,01,#,13.7,#,0.649
1310580031,2001,1310580,13,018,01,#,11.3,#,0.461
1310580034,2001,1310580,13,018,01,#,8.72,#,0.352
1310600001,2001,1310600,13,019,01,#,12.2,#,0.612
1310600004,2001,1310600,13,019,01,#,8.54,#,0.428
1310600007,2001,1310600,13,019,01,#,7.76,#,0.335
1310600010,2001,1310600,13,019,01,#,7.29,#,0.17
1310600013,2001,1310600,13,019,01,#,13.4,#,0.726
1310600016,2001,1310600,13,019,01,#,8.92,#,0.402
1310600019,2001,1310600,13,019,01,#,7.71,#,0.327
1310600022,2001,1310600,13,019,01,#,7.87,#,0.165
1310600025,2001,1310600,13,019,01,#,11,#,0.353
1310600028,2001,1310600,13,019,01,#,11.2,#,0.459
1310600031,2001,1310600,13,019,01,#,11.9,#,0.51
1310600034,2001,1310600,13,019,01,#,7.69,#,0.108
1310630001,2001,1310630,13,020,01,#,10.6,#,0.797
1310630004,2001,1310630,13,020,01,#,8.28,#,0.917
1310630007,2001,1310630,13,020,01,#,9.3,#,0.818
1310630010,2001,1310630,13,020,01,#,8.29,#,0.489
1310630013,2001,1310630,13,020,01,#,9.48,#,0.804
1310630016,2001,1310630,13,020,01,#,8.12,#,0.591
1310630019,2001,1310630,13,020,01,#,8.56,#,0.412
1310630022,2001,1310630,13,020,01,#,9.18,#,0.57
1310630025,2001,1310630,13,020,01,#,9.8,#,0.539
1310630028,2001,1310630,13,020,01,#,10,#,0.715
1310630031,2001,1310630,13,020,01,#,10,#,0.737
1310630034,2001,1310630,13,020,01,#,10.8,#,0.841
1310650001,2001,1310650,13,020,52,#,13.8,#,1.34
1310650004,2001,1310650,13,020,52,#,10.2,#,1.13
1310650007,2001,1310650,13,020,52,#,10.6,#,1.44
1310650010,2001,1310650,13,020,52,#,9.23,#,0.953
1310650013,2001,1310650,13,020,52,#,12.7,#,1.39
1310650016,2001,1310650,13,020,52,#,11.2,#,0.813
1310650019,2001,1310650,13,020,52,#,10.2,#,0.711
1310650022,2001,1310650,13,020,52,#,10.3,#,0.707
1310650025,2001,1310650,13,020,52,#,11.2,#,0.767
1310650028,2001,1310650,13,020,52,#,14.4,#,1.63
1310650031,2001,1310650,13,020,52,#,12.8,#,1.12
1310650034,2001,1310650,13,020,52,#,12.1,#,1.23
1310660001,2001,1310660,13,021,01,#,2.42,#,0.019
1310660004,2001,1310660,13,021,01,#,3.5,#,0.026
1310660007,2001,1310660,13,021,01,#,7.96,#,0.019
1310660010,2001,1310660,13,021,01,#,3.75,#,0.027
1310660013,2001,1310660,13,021,01,#,4.14,#,0.03
1310660016,2001,1310660,13,021,01,#,5.3,#,0.031
1310660019,2001,1310660,13,021,01,#,2.86,#,0.028
1310660022,2001,1310660,13,021,01,#,3.32,#,0.051
1310660025,2001,1310660,13,021,01,#,4.2,#,0.04
1310660028,2001,1310660,13,021,01,#,3.35,#,0.029
1310660031,2001,1310660,13,021,01,#,3.95,#,0.026
1310660034,2001,1310660,13,021,01,#,5.22,#,0.021
1310670001,2001,1310670,13,022,01,#,1.49,#,0.018
1310670003,2001,1310670,13,022,01,#,1.97,#,0.02
1310670005,2001,1310670,13,022,01,#,1.87,#,0.018
1310670007,2001,1310670,13,022,01,#,1.19,#,0.021
1310670009,2001,1310670,13,022,01,#,1.37,#,0.018
1310670011,2001,1310670,13,022,01,#,1.72,#,0.018
1310670013,2001,1310670,13,022,01,#,1.56,#,0.017
1310670015,2001,1310670,13,022,01,#,1.96,#,0.026
1310670017,2001,1310670,13,022,01,#,1.51,#,0.019
1310670019,2001,1310670,13,022,01,#,1.48,#,0.019
1310670021,2001,1310670,13,022,01,#,2.16,#,0.033
1310670023,2001,1310670,13,022,01,#,1.46,#,0.013
1310690001,2001,1310690,13,023,01,#,4.42,#,0.298
1310690004,2001,1310690,13,023,01,#,3.8,#,0.21
1310690007,2001,1310690,13,023,01,#,2.88,#,0.176
1310690010,2001,1310690,13,023,01,#,3.82,#,0.236
1310690013,2001,1310690,13,023,01,#,2.68,#,0.284
1310690016,2001,1310690,13,023,01,#,4.18,#,0.194
1310690019,2001,1310690,13,023,01,#,4.66,#,0.262
1310690022,2001,1310690,13,023,01,#,5.14,#,0.133
1310690025,2001,1310690,13,023,01,#,5.61,#,0.264
1310690028,2001,1310690,13,023,01,#,6.34,#,0.449
1310690031,2001,1310690,13,023,01,#,8.39,#,0.242
1310690034,2001,1310690,13,023,01,#,5.35,#,0.378
1310700001,2001,1310700,13,024,01,#,2.67,#,0.026
1310700004,2001,1310700,13,024,01,#,2.95,#,0.057
1310700007,2001,1310700,13,024,01,#,2.23,#,0.047
1310700010,2001,1310700,13,024,01,#,3.13,#,0.039
1310700013,2001,1310700,13,024,01,#,1.43,#,0.038
1310700016,2001,1310700,13,024,01,#,3.68,#,0.04
1310700019,2001,1310700,13,024,01,#,5.76,#,0.037
1310700022,2001,1310700,13,024,01,#,5.05,#,0.035
1310700025,2001,1310700,13,024,01,#,6.39,#,0.036
1310700028,2001,1310700,13,024,01,#,1.84,#,0.016
1310700031,2001,1310700,13,024,01,#,5.41,#,0.022
1310700034,2001,1310700,13,024,01,#,1.29,#,0.026
1310730001,2001,1310730,13,025,01,#,5.79,#,0.168
1310730004,2001,1310730,13,025,01,#,3.3,#,0.143
1310730007,2001,1310730,13,025,01,#,3,#,0.12
1310730010,2001,1310730,13,025,01,#,3.11,#,0.094
1310730013,2001,1310730,13,025,01,#,3.25,#,0.109
1310730016,2001,1310730,13,025,01,#,3.4,#,0.071
1310730019,2001,1310730,13,025,01,#,2.57,#,0.082
1310730022,2001,1310730,13,025,01,#,3.11,#,0.067
1310730025,2001,1310730,13,025,01,#,4.48,#,0.164
1310730028,2001,1310730,13,025,01,#,5.54,#,0.076
1310730031,2001,1310730,13,025,01,#,4.3,#,0.086
1310730034,2001,1310730,13,025,01,#,5.87,#,0.122
1310740001,2001,1310740,13,026,01,#,6.77,#,0.624
1310740006,2001,1310740,13,026,01,#,5.08,#,0.591
1310740011,2001,1310740,13,026,01,#,4.58,#,0.408
1310740016,2001,1310740,13,026,01,#,5.28,#,0.516
1310740021,2001,1310740,13,026,01,#,4.51,#,0.36
1310740026,2001,1310740,13,026,01,#,4.47,#,0.195
1310740031,2001,1310740,13,026,01,#,4.17,#,0.222
1310740036,2001,1310740,13,026,01,#,3.92,#,0.26
1310740041,2001,1310740,13,026,01,#,6.77,#,0.41
1310740046,2001,1310740,13,026,01,#,6.47,#,0.567
1310740051,2001,1310740,13,026,01,#,5.79,#,0.364
1310740056,2001,1310740,13,026,01,#,6.35,#,0.547
1310750001,2001,1310750,13,025,02,#,6.99,#,0.506
1310750004,2001,1310750,13,025,02,#,5.03,#,0.33
1310750007,2001,1310750,13,025,02,#,4.98,#,0.443
1310750010,2001,1310750,13,025,02,#,3.2,#,0.504
1310750013,2001,1310750,13,025,02,#,6.32,#,0.458
1310750016,2001,1310750,13,025,02,#,5.4,#,0.303
1310750019,2001,1310750,13,025,02,#,5.09,#,0.396
1310750022,2001,1310750,13,025,02,#,5.07,#,0.191
1310750025,2001,1310750,13,025,02,#,7.63,#,0.441
1310750028,2001,1310750,13,025,02,#,11.7,#,0.775
1310750031,2001,1310750,13,025,02,#,8.6,#,0.413
1310750034,2001,1310750,13,025,02,#,8.76,#,0.638
1310780001,2001,1310780,13,027,01,#,4.46,#,0.074
1310780004,2001,1310780,13,027,01,#,3.61,#,0.07
1310780007,2001,1310780,13,027,01,#,4.92,#,0.069
1310780010,2001,1310780,13,027,01,#,4.74,#,0.029
1310780013,2001,1310780,13,027,01,#,4.4,#,0.051
1310780016,2001,1310780,13,027,01,#,3.39,#,0.044
1310780019,2001,1310780,13,027,01,#,2.62,#,0.078
1310780022,2001,1310780,13,027,01,#,2.72,#,0.028
1310780025,2001,1310780,13,027,01,#,4.18,#,0.134
1310780028,2001,1310780,13,027,01,#,4.04,#,0.045
1310780031,2001,1310780,13,027,01,#,3.74,#,0.038
1310780034,2001,1310780,13,027,01,#,4.88,#,0.05
1310790001,2001,1310790,13,028,01,#,5.03,#,0.425
1310790004,2001,1310790,13,028,01,#,3.87,#,0.117
1310790007,2001,1310790,13,028,01,#,3.34,#,0.138
1310790010,2001,1310790,13,028,01,#,4.98,#,0.225
1310790013,2001,1310790,13,028,01,#,2.78,#,0.141
1310790016,2001,1310790,13,028,01,#,3.93,#,0.108
1310790019,2001,1310790,13,028,01,#,3.58,#,0.057
1310790022,2001,1310790,13,028,01,#,4.72,#,0.082
1310790025,2001,1310790,13,028,01,#,7.08,#,0.279
1310790028,2001,1310790,13,028,01,#,6.69,#,0.399
1310790031,2001,1310790,13,028,01,#,14.6,#,0.327
1310790034,2001,1310790,13,028,01,#,4.81,#,0.365
1310800001,2001,1310800,13,029,01,#,1.9,#,0.104
1310800006,2001,1310800,13,029,01,#,1.78,#,0.131
1310800011,2001,1310800,13,029,01,#,1.04,#,0.077
1310800016,2001,1310800,13,029,01,#,1.04,#,0.15
1310800021,2001,1310800,13,029,01,#,2.34,#,0.144
1310800026,2001,1310800,13,029,01,#,2.62,#,0.073
1310800031,2001,1310800,13,029,01,#,2.63,#,0.056
1310800036,2001,1310800,13,029,01,#,2.42,#,0.088
1310800041,2001,1310800,13,029,01,#,2.61,#,0.131
1310800046,2001,1310800,13,029,01,#,2.2,#,0.181
1310800051,2001,1310800,13,029,01,#,2.34,#,0.045
1310800056,2001,1310800,13,029,01,#,1.98,#,0.091
1310810001,2001,1310810,13,030,01,#,10.5,#,0.284
1310810006,2001,1310810,13,030,01,#,10.1,#,0.296
1310810011,2001,1310810,13,030,01,#,6.09,#,0.273
1310810016,2001,1310810,13,030,01,#,8.97,#,0.292
1310810021,2001,1310810,13,030,01,#,9.18,#,0.184
1310810026,2001,1310810,13,030,01,#,6.85,#,0.07
1310810031,2001,1310810,13,030,01,#,7.59,#,0.198
1310810036,2001,1310810,13,030,01,#,6.93,#,0.126
1310810041,2001,1310810,13,030,01,#,8.73,#,0.212
1310810046,2001,1310810,13,030,01,#,12.1,#,0.772
1310810051,2001,1310810,13,030,01,#,9.62,#,0.156
1310810056,2001,1310810,13,030,01,#,11.3,#,0.189
1310820001,2001,1310820,13,030,51,#,2.02,#,0.099
1310820002,2001,1310820,13,030,51,#,2.8,#,0.192
1310820003,2001,1310820,13,030,51,#,2.25,#,0.111
1310820004,2001,1310820,13,030,51,#,1.45,#,0.136
1310820005,2001,1310820,13,030,51,#,2.32,#,0.101
1310820006,2001,1310820,13,030,51,#,2.1,#,0.112
1310820007,2001,1310820,13,030,51,#,5.2,#,0.063
1310820008,2001,1310820,13,030,51,#,7.15,#,0.041
1310820009,2001,1310820,13,030,51,#,7.92,#,0.056
1310820010,2001,1310820,13,030,51,#,5.58,#,0.091
1310820011,2001,1310820,13,030,51,#,5.4,#,0.063
1310820012,2001,1310820,13,030,51,#,3.67,#,0.1
1310830001,2001,1310830,13,031,01,#,8.88,#,0.662
1310830004,2001,1310830,13,031,01,#,4.87,#,0.452
1310830007,2001,1310830,13,031,01,#,5.89,#,0.443
1310830010,2001,1310830,13,031,01,#,4.03,#,0.542
1310830013,2001,1310830,13,031,01,#,5.78,#,0.504
1310830016,2001,1310830,13,031,01,#,4.78,#,0.171
1310830019,2001,1310830,13,031,01,#,5.38,#,0.199
1310830022,2001,1310830,13,031,01,#,5.43,#,0.216
1310830025,2001,1310830,13,031,01,#,6.86,#,0.367
1310830028,2001,1310830,13,031,01,#,6.79,#,0.531
1310830031,2001,1310830,13,031,01,#,8.2,#,0.371
1310830034,2001,1310830,13,031,01,#,5.61,#,0.494
1310840001,2001,1310840,13,031,51,#,9.6,#,0.847
1310840004,2001,1310840,13,031,51,#,8.03,#,0.822
1310840007,2001,1310840,13,031,51,#,5.5,#,0.232
1310840010,2001,1310840,13,031,51,#,11.6,#,1.11
1310850001,2001,1310850,13,032,01,#,1.89,#,0.027
1310850003,2001,1310850,13,032,01,#,1.1,#,0.043
1310850005,2001,1310850,13,032,01,#,1.27,#,0.035
1310850007,2001,1310850,13,032,01,#,1.42,#,0.038
1310850009,2001,1310850,13,032,01,#,1.65,#,0.039
1310850011,2001,1310850,13,032,01,#,2.11,#,0.027
1310850013,2001,1310850,13,032,01,#,1.52,#,0.037
1310850015,2001,1310850,13,032,01,#,2.15,#,0.021
1310850017,2001,1310850,13,032,01,#,1.87,#,0.024
1310850019,2001,1310850,13,032,01,#,1.13,#,0.029
1310850021,2001,1310850,13,032,01,#,2.32,#,0.027
1310850023,2001,1310850,13,032,01,#,0.73,#,0.015
1310860001,2001,1310860,13,032,02,#,2.81,#,0.073
1310860003,2001,1310860,13,032,02,#,1.74,#,0.08
1310860005,2001,1310860,13,032,02,#,1.33,#,0.062
1310860007,2001,1310860,13,032,02,#,1.31,#,0.082
1310860009,2001,1310860,13,032,02,#,1.81,#,0.087
1310860011,2001,1310860,13,032,02,#,1.84,#,0.042
1310860013,2001,1310860,13,032,02,#,2.37,#,0.037
1310860015,2001,1310860,13,032,02,#,2.61,#,0.033
1310860017,2001,1310860,13,032,02,#,2.67,#,0.04
1310860019,2001,1310860,13,032,02,#,1.66,#,0.061
1310860021,2001,1310860,13,032,02,#,2.51,#,0.058
1310860023,2001,1310860,13,032,02,#,1.64,#,0.049
1310870001,2001,1310870,13,034,01,#,4.6,#,0.186
1310870004,2001,1310870,13,034,01,#,9.81,#,0.421
1310870007,2001,1310870,13,034,01,#,3.93,#,0.186
1310870010,2001,1310870,13,034,01,#,6.52,#,0.269
1310870013,2001,1310870,13,034,01,#,10.4,#,0.303
1310870016,2001,1310870,13,034,01,#,5.51,#,0.087
1310870019,2001,1310870,13,034,01,#,11,#,0.204
1310870022,2001,1310870,13,034,01,#,9.54,#,0.069
1310870025,2001,1310870,13,034,01,#,9.78,#,0.14
1310870028,2001,1310870,13,034,01,#,10.1,#,0.302
1310870031,2001,1310870,13,034,01,#,10.3,#,0.121
1310870034,2001,1310870,13,034,01,#,9.62,#,0.129
1310880001,2001,1310880,13,035,01,#,4.51,#,0.075
1310880004,2001,1310880,13,035,01,#,6.67,#,0.066
1310880007,2001,1310880,13,035,01,#,5.89,#,0.085
1310880010,2001,1310880,13,035,01,#,6.4,#,0.099
1310880013,2001,1310880,13,035,01,#,9.65,#,0.102
1310880016,2001,1310880,13,035,01,#,5.02,#,0.107
1310880019,2001,1310880,13,035,01,#,7.99,#,0.059
1310880022,2001,1310880,13,035,01,#,8.09,#,0.058
1310880025,2001,1310880,13,035,01,#,7.99,#,0.073
1310880028,2001,1310880,13,035,01,#,6.37,#,0.104
1310880031,2001,1310880,13,035,01,#,9.12,#,0.246
1310880034,2001,1310880,13,035,01,#,7.53,#,0.083
1310940001,2001,1310940,13,036,01,#,4.91,#,0.297
1310940005,2001,1310940,13,036,01,#,6.53,#,0.264
1310940007,2001,1310940,13,036,01,#,4.05,#,0.182
1310940010,2001,1310940,13,036,01,#,2.55,#,0.217
1310940013,2001,1310940,13,036,01,#,14,#,0.34
1310940027,2001,1310940,13,036,01,#,7.34,#,0.237
1310940030,2001,1310940,13,036,01,#,4.17,#,0.128
1310940033,2001,1310940,13,036,01,#,4.39,#,0.142
1310940036,2001,1310940,13,036,01,#,4.47,#,0.245
1310940039,2001,1310940,13,036,01,#,5.87,#,0.264
1310940042,2001,1310940,13,036,01,#,7.32,#,0.283
1310940056,2001,1310940,13,036,01,#,5.52,#,0.264
1310950001,2001,1310950,13,037,01,#,16,#,0.239
1310950004,2001,1310950,13,037,01,#,7.63,#,0.362
1310950007,2001,1310950,13,037,01,#,11.9,#,0.21
1310950010,2001,1310950,13,037,01,#,10.5,#,0.332
1310950013,2001,1310950,13,037,01,#,13,#,0.25
1310950016,2001,1310950,13,037,01,#,13.7,#,0.198
1310950019,2001,1310950,13,037,01,#,8.8,#,0.198
1310950022,2001,1310950,13,037,01,#,11.9,#,0.164
1310950025,2001,1310950,13,037,01,#,11.8,#,0.193
1310950028,2001,1310950,13,037,01,#,13.8,#,0.146
1310950031,2001,1310950,13,037,01,#,13.3,#,0.183
1310950034,2001,1310950,13,037,01,#,7.2,#,0.207
1310960001,2001,1310960,13,038,01,#,1.8,#,0.199
1310960004,2001,1310960,13,038,01,#,3.02,#,0.224
1310960007,2001,1310960,13,038,01,#,0.73,#,0.169
1310960010,2001,1310960,13,038,01,#,1.28,#,0.265
1310960013,2001,1310960,13,038,01,#,0.8,#,0.281
1310960016,2001,1310960,13,038,01,#,3.36,#,0.096
1310960019,2001,1310960,13,038,01,#,7.64,#,0.184
1310960022,2001,1310960,13,038,01,#,5.32,#,0.076
1310960025,2001,1310960,13,038,01,#,5.64,#,0.117
1310960028,2001,1310960,13,038,01,#,2.32,#,0.202
1310960031,2001,1310960,13,038,01,#,4.03,#,0.208
1310960034,2001,1310960,13,038,01,#,3.24,#,0.233
1310970002,2001,1310970,13,039,51,#,8.05,#,0.296
1310970005,2001,1310970,13,039,51,#,2.93,#,0.357
1310970008,2001,1310970,13,039,51,#,2.39,#,0.185
1310970012,2001,1310970,13,039,51,#,2.55,#,0.203
1310970014,2001,1310970,13,039,51,#,3.28,#,0.282
1310970022,2001,1310970,13,039,51,#,2.36,#,0.25
1310970025,2001,1310970,13,039,51,#,3.14,#,0.288
1310970028,2001,1310970,13,039,51,#,2.95,#,0.244
1310970031,2001,1310970,13,039,51,#,3.49,#,0.257
1310970034,2001,1310970,13,039,51,#,6.29,#,0.302
1310970037,2001,1310970,13,039,51,#,10.5,#,0.537
1310970040,2001,1310970,13,039,51,#,8.18,#,0.404
1310970043,2001,1310970,13,039,51,#,8.05,#,0.436
1310980001,2001,1310980,13,043,01,#,3.83,#,0.113
1310980004,2001,1310980,13,043,01,#,2.3,#,0.115
1310980007,2001,1310980,13,043,01,#,2.68,#,0.096
1310980010,2001,1310980,13,043,01,#,2.92,#,0.089
1310980013,2001,1310980,13,043,01,#,3.09,#,0.16
1310980016,2001,1310980,13,043,01,#,3.44,#,0.136
1310980019,2001,1310980,13,043,01,#,4,#,0.112
1310980022,2001,1310980,13,043,01,#,3.59,#,0.108
1310980025,2001,1310980,13,043,01,#,4.73,#,0.109
1310980028,2001,1310980,13,043,01,#,5.34,#,0.191
1310980031,2001,1310980,13,043,01,#,4.18,#,0.129
1310980034,2001,1310980,13,043,01,#,3.58,#,0.106
1310990001,2001,1310990,13,202,01,#,11,#,0.493
1310990004,2001,1310990,13,202,01,#,6.87,#,0.398
1310990007,2001,1310990,13,202,01,#,6.61,#,0.45
1310990010,2001,1310990,13,202,01,#,5.06,#,0.199
1310990013,2001,1310990,13,202,01,#,5.78,#,0.445
1310990016,2001,1310990,13,202,01,#,5.98,#,0.303
1310990019,2001,1310990,13,202,01,#,4.98,#,0.392
1310990022,2001,1310990,13,202,01,#,6.67,#,0.384
1310990025,2001,1310990,13,202,01,#,8.85,#,0.345
1310990028,2001,1310990,13,202,01,#,12.5,#,0.488
1310990031,2001,1310990,13,202,01,#,9.67,#,0.396
1310990034,2001,1310990,13,202,01,#,16.5,#,0.974
1311000001,2001,1311000,13,044,01,#,4.11,#,0.141
1311000004,2001,1311000,13,044,01,#,4.25,#,0.294
1311000007,2001,1311000,13,044,01,#,3.43,#,0.194
1311000010,2001,1311000,13,044,01,#,3.31,#,0.1
1311000013,2001,1311000,13,044,01,#,3.07,#,0.171
1311000016,2001,1311000,13,044,01,#,3.39,#,0.129
1311000019,2001,1311000,13,044,01,#,4.73,#,0.192
1311000022,2001,1311000,13,044,01,#,4.04,#,0.217
1311000026,2001,1311000,13,044,01,#,6.8,#,0.169
1311000028,2001,1311000,13,044,01,#,6.17,#,0.225
1311000031,2001,1311000,13,044,01,#,5.28,#,0.172
1311000034,2001,1311000,13,044,01,#,6.82,#,0.273
1311010001,2001,1311010,13,044,51,#,3.47,#,0.135
1311010004,2001,1311010,13,044,51,#,3.46,#,0.365
1311010007,2001,1311010,13,044,51,#,3.58,#,0.337
1311010010,2001,1311010,13,044,51,#,3.18,#,0.082
1311010013,2001,1311010,13,044,51,#,3.15,#,0.16
1311010016,2001,1311010,13,044,51,#,3.32,#,0.144
1311010019,2001,1311010,13,044,51,#,4.21,#,0.166
1311010022,2001,1311010,13,044,51,#,3.47,#,0.178
1311010026,2001,1311010,13,044,51,#,4.47,#,0.124
1311010028,2001,1311010,13,044,51,#,5.89,#,0.258
1311010031,2001,1311010,13,044,51,#,3.99,#,0.15
1311010034,2001,1311010,13,044,51,#,3.95,#,0.17
1311020001,2001,1311020,13,204,01,#,7.95,#,0.339
1311020002,2001,1311020,13,204,01,#,2.6,#,0.156
1311020003,2001,1311020,13,204,01,#,2.96,#,0.133
1311020004,2001,1311020,13,204,01,#,2.74,#,0.11
1311020005,2001,1311020,13,204,01,#,2.85,#,0.152
1311020006,2001,1311020,13,204,01,#,3.98,#,0.17
1311020007,2001,1311020,13,204,01,#,3.64,#,0.157
1311020008,2001,1311020,13,204,01,#,3.32,#,0.146
1311020009,2001,1311020,13,204,01,#,6.81,#,0.236
1311020010,2001,1311020,13,204,01,#,10.9,#,0.4
1311020011,2001,1311020,13,204,01,#,6.32,#,0.234
1311020012,2001,1311020,13,204,01,#,7.41,#,0.31
1311030001,2001,1311030,13,049,01,#,4.71,#,0.246
1311030004,2001,1311030,13,049,01,#,4.94,#,0.329
1311030007,2001,1311030,13,049,01,#,3.62,#,0.39
1311030010,2001,1311030,13,049,01,#,4.33,#,0.234
1311030013,2001,1311030,13,049,01,#,5,#,0.45
1311030016,2001,1311030,13,049,01,#,4.53,#,0.364
1311030019,2001,1311030,13,049,01,#,5.56,#,0.227
1311030022,2001,1311030,13,049,01,#,4.69,#,0.247
1311030025,2001,1311030,13,049,01,#,5.02,#,0.197
1311030028,2001,1311030,13,049,01,#,5.63,#,0.182
1311030031,2001,1311030,13,049,01,#,4.66,#,0.219
1311030034,2001,1311030,13,049,01,#,5.37,#,0.211
1311050001,2001,1311050,13,050,01,#,5.98,#,0.273
1311050004,2001,1311050,13,050,01,#,5.71,#,0.316
1311050007,2001,1311050,13,050,01,#,4.09,#,0.285
1311050010,2001,1311050,13,050,01,#,4.17,#,0.249
1311050013,2001,1311050,13,050,01,#,5.5,#,0.383
1311050016,2001,1311050,13,050,01,#,4.4,#,0.293
1311050019,2001,1311050,13,050,01,#,4.76,#,0.222
1311050022,2001,1311050,13,050,01,#,5.41,#,0.227
1311050025,2001,1311050,13,050,01,#,6.07,#,0.236
1311050028,2001,1311050,13,050,01,#,5.99,#,0.232
1311050031,2001,1311050,13,050,01,#,5.31,#,0.219
1311050034,2001,1311050,13,050,01,#,5.92,#,0.252
1311100001,2001,1311100,13,059,01,#,4.39,#,0.056
1311100004,2001,1311100,13,059,01,#,4.17,#,0.043
1311100007,2001,1311100,13,059,01,#,3.91,#,0.024
1311100010,2001,1311100,13,059,01,#,4.75,#,0.073
1311100013,2001,1311100,13,059,01,#,5.03,#,0.046
1311100016,2001,1311100,13,059,01,#,4.42,#,0.06
1311100019,2001,1311100,13,059,01,#,5.2,#,0.043
1311100022,2001,1311100,13,059,01,#,5.29,#,0.041
1311100025,2001,1311100,13,059,01,#,5.29,#,0.072
1311100028,2001,1311100,13,059,01,#,5.24,#,0.045
1311100031,2001,1311100,13,059,01,#,4.9,#,0.038
1311100034,2001,1311100,13,059,01,#,6.62,#,0.104
1311110001,2001,1311110,13,041,01,#,3,#,0.029
1311110004,2001,1311110,13,041,01,#,3.03,#,0.042
1311110007,2001,1311110,13,041,01,#,2.73,#,0.046
1311110010,2001,1311110,13,041,01,#,4.2,#,0.046
1311110013,2001,1311110,13,041,01,#,2.59,#,0.043
1311110016,2001,1311110,13,041,01,#,7.08,#,0.016
1311110019,2001,1311110,13,041,01,#,7.14,#,0.018
1311110022,2001,1311110,13,041,01,#,6.22,#,0.015
1311110025,2001,1311110,13,041,01,#,5.19,#,0.02
1311110028,2001,1311110,13,041,01,#,3.13,#,0.03
1311110031,2001,1311110,13,041,01,#,8.06,#,0.047
1311110034,2001,1311110,13,041,01,#,9.13,#,0.031
1311130001,2001,1311130,13,215,01,#,4.51,#,0.082
1311130004,2001,1311130,13,215,01,#,6.87,#,0.1
1311130007,2001,1311130,13,215,01,#,7.44,#,0.078
1311130010,2001,1311130,13,215,01,#,5.3,#,0.079
1311130013,2001,1311130,13,215,01,#,10.2,#,0.105
1311130016,2001,1311130,13,215,01,#,6.7,#,0.057
1311130019,2001,1311130,13,215,01,#,9.01,#,0.062
1311130022,2001,1311130,13,215,01,#,8.96,#,0.038
1311130025,2001,1311130,13,215,01,#,9.16,#,0.057
1311130028,2001,1311130,13,215,01,#,6.89,#,0.06
1311130031,2001,1311130,13,215,01,#,10.9,#,0.178
1311130034,2001,1311130,13,215,01,#,6.89,#,0.084
1311140001,2001,1311140,13,005,54,#,7.15,#,0.521
1311140004,2001,1311140,13,005,54,#,4.08,#,0.314
1311140007,2001,1311140,13,005,54,#,4.44,#,0.446
1311140010,2001,1311140,13,005,54,#,3.31,#,0.172
1311140013,2001,1311140,13,005,54,#,3.34,#,0.223
1311140016,2001,1311140,13,005,54,#,4.77,#,0.262
1311140019,2001,1311140,13,005,54,#,5.33,#,0.218
1311140022,2001,1311140,13,005,54,#,5.28,#,0.23
1311140025,2001,1311140,13,005,54,#,6.54,#,0.34
1311140029,2001,1311140,13,005,54,#,8.69,#,0.597
1311140031,2001,1311140,13,005,54,#,5.65,#,0.326
1311140034,2001,1311140,13,005,54,#,5.2,#,0.363
1311160001,2001,1311160,13,042,01,#,2.25,#,0.101
1311160004,2001,1311160,13,042,01,#,1.36,#,0.104
1311160007,2001,1311160,13,042,01,#,1.97,#,0.105
1311160010,2001,1311160,13,042,01,#,1.96,#,0.131
1311160013,2001,1311160,13,042,01,#,4.38,#,0.175
1311160016,2001,1311160,13,042,01,#,2.73,#,0.09
1311160019,2001,1311160,13,042,01,#,2.62,#,0.059
1311160022,2001,1311160,13,042,01,#,3.23,#,0.047
1311160025,2001,1311160,13,042,01,#,2.37,#,0.065
1311160028,2001,1311160,13,042,01,#,2.44,#,0.115
1311160031,2001,1311160,13,042,01,#,2.78,#,0.114
1311160034,2001,1311160,13,042,01,#,3.23,#,0.129
1311170001,2001,1311170,13,056,01,#,1.61,#,0.017
1311170003,2001,1311170,13,056,01,#,0.76,#,0.04
1311170005,2001,1311170,13,056,01,#,0.75,#,0.021
1311170007,2001,1311170,13,056,01,#,1.03,#,0.022
1311170009,2001,1311170,13,056,01,#,1.36,#,0.027
1311170011,2001,1311170,13,056,01,#,1.21,#,0.038
1311170013,2001,1311170,13,056,01,#,1.18,#,0.067
1311170015,2001,1311170,13,056,01,#,1.27,#,0.018
1311170017,2001,1311170,13,056,01,#,1.15,#,0.017
1311170019,2001,1311170,13,056,01,#,0.8,#,0.029
1311170021,2001,1311170,13,056,01,#,1.18,#,0.017
1311170023,2001,1311170,13,056,01,#,1.17,#,0.016
1311200001,2001,1311200,13,219,01,#,7.53,#,0.469
1311200004,2001,1311200,13,219,01,#,3.87,#,0.299
1311200007,2001,1311200,13,219,01,#,5.83,#,0.514
1311200010,2001,1311200,13,219,01,#,6.72,#,0.766
1311200013,2001,1311200,13,219,01,#,3.21,#,0.253
1311200016,2001,1311200,13,219,01,#,4.11,#,0.293
1311200019,2001,1311200,13,219,01,#,5.46,#,0.227
1311200022,2001,1311200,13,219,01,#,5.42,#,0.444
1311200025,2001,1311200,13,219,01,#,6.63,#,0.295
1311200029,2001,1311200,13,219,01,#,8.88,#,0.632
1311200031,2001,1311200,13,219,01,#,5.65,#,0.345
1311200034,2001,1311200,13,219,01,#,5.27,#,0.385
1311210001,2001,1311210,13,054,01,#,4.53,#,0.291
1311210004,2001,1311210,13,054,01,#,4.06,#,0.276
1311210007,2001,1311210,13,054,01,#,5.45,#,0.242
1311210010,2001,1311210,13,054,01,#,3.79,#,0.207
1311210013,2001,1311210,13,054,01,#,4.89,#,0.153
1311210016,2001,1311210,13,054,01,#,5.89,#,0.169
1311210019,2001,1311210,13,054,01,#,5.55,#,0.186
1311210022,2001,1311210,13,054,01,#,4.71,#,0.138
1311210025,2001,1311210,13,054,01,#,6.35,#,0.347
1311210028,2001,1311210,13,054,01,#,6.94,#,0.461
1311210031,2001,1311210,13,054,01,#,6.25,#,0.269
1311210034,2001,1311210,13,054,01,#,7.03,#,0.405
1311220001,2001,1311220,13,055,01,#,4.73,#,0.347
1311220004,2001,1311220,13,055,01,#,3.46,#,0.256
1311220007,2001,1311220,13,055,01,#,4.02,#,0.252
1311220010,2001,1311220,13,055,01,#,3.46,#,0.202
1311220013,2001,1311220,13,055,01,#,4.5,#,0.236
1311220016,2001,1311220,13,055,01,#,4.92,#,0.225
1311220019,2001,1311220,13,055,01,#,5.26,#,0.302
1311220022,2001,1311220,13,055,01,#,4.65,#,0.145
1311220025,2001,1311220,13,055,01,#,6.27,#,0.278
1311220028,2001,1311220,13,055,01,#,7.06,#,0.421
1311220031,2001,1311220,13,055,01,#,7.56,#,0.323
1311220034,2001,1311220,13,055,01,#,9.83,#,0.382
1311230001,2001,1311230,13,029,51,#,1.96,#,0.069
1311230002,2001,1311230,13,029,51,#,2.15,#,0.049
1311230003,2001,1311230,13,029,51,#,2.34,#,0.04
1311230004,2001,1311230,13,029,51,#,1.56,#,1.17
1311230005,2001,1311230,13,029,51,#,1.13,#,0.14
1311230006,2001,1311230,13,029,51,#,2.03,#,0.106
1311230007,2001,1311230,13,029,51,#,2.26,#,0.063
1311230008,2001,1311230,13,029,51,#,2.32,#,0.048
1311230009,2001,1311230,13,029,51,#,3.65,#,0.094
1311230010,2001,1311230,13,029,51,#,4.17,#,0.202
1311230011,2001,1311230,13,029,51,#,3.09,#,0.151
1311230012,2001,1311230,13,029,51,#,2.64,#,0.091
1311250001,2001,1311250,13,014,54,#,0.8,#,0.017
1311250006,2001,1311250,13,014,54,#,0.76,#,0.019
1311250011,2001,1311250,13,014,54,#,0.92,#,0.022
1311250016,2001,1311250,13,014,54,#,0.91,#,0.019
1311250021,2001,1311250,13,014,54,#,0.71,#,0.022
1311250026,2001,1311250,13,014,54,#,1.22,#,0.054
1311250031,2001,1311250,13,014,54,#,1.11,#,0.041
1311250036,2001,1311250,13,014,54,#,0.91,#,0.02
1311250041,2001,1311250,13,014,54,#,0.78,#,0.023
1311250046,2001,1311250,13,014,54,#,0.77,#,0.019
1311250051,2001,1311250,13,014,54,#,0.84,#,0.013
1311250056,2001,1311250,13,014,54,#,0.67,#,0.016
1311260001,2001,1311260,13,222,01,#,11.4,#,0.079
1311260004,2001,1311260,13,222,01,#,10.9,#,0.323
1311260007,2001,1311260,13,222,01,#,10.1,#,0.072
1311260010,2001,1311260,13,222,01,#,8.97,#,0.031
1311260013,2001,1311260,13,222,01,#,10.9,#,0.07
1311260016,2001,1311260,13,222,01,#,9.01,#,0.092
1311260019,2001,1311260,13,222,01,#,8.81,#,0.09
1311260022,2001,1311260,13,222,01,#,8.99,#,0.386
1311260025,2001,1311260,13,222,01,#,9.39,#,0.135
1311260028,2001,1311260,13,222,01,#,11.4,#,0.238
1311260031,2001,1311260,13,222,01,#,10.9,#,0.431
1311260034,2001,1311260,13,222,01,#,9.13,#,0.189
1311270001,2001,1311270,13,047,01,#,9.15,#,0.738
1311270004,2001,1311270,13,047,01,#,7.74,#,0.773
1311270007,2001,1311270,13,047,01,#,6.82,#,0.711
1311270010,2001,1311270,13,047,01,#,6.93,#,0.708
1311270013,2001,1311270,13,047,01,#,7.83,#,0.689
1311270016,2001,1311270,13,047,01,#,7.22,#,0.639
1311270019,2001,1311270,13,047,01,#,6.38,#,0.35
1311270022,2001,1311270,13,047,01,#,8.14,#,0.548
1311270025,2001,1311270,13,047,01,#,6.61,#,0.401
1311270028,2001,1311270,13,047,01,#,8.03,#,0.577
1311270031,2001,1311270,13,047,01,#,8.25,#,0.664
1311270034,2001,1311270,13,047,01,#,9,#,0.784
1311280001,2001,1311280,13,040,01,#,5.11,#,0.303
1311280004,2001,1311280,13,040,01,#,4.96,#,0.36
1311280007,2001,1311280,13,040,01,#,5.12,#,0.374
1311280010,2001,1311280,13,040,01,#,3.97,#,0.269
1311280013,2001,1311280,13,040,01,#,5.4,#,0.437
1311280016,2001,1311280,13,040,01,#,4.3,#,0.332
1311280019,2001,1311280,13,040,01,#,5.31,#,0.237
1311280022,2001,1311280,13,040,01,#,4.74,#,0.244
1311280025,2001,1311280,13,040,01,#,5.41,#,0.187
1311280028,2001,1311280,13,040,01,#,5.91,#,0.228
1311280031,2001,1311280,13,040,01,#,5.43,#,0.251
1311280034,2001,1311280,13,040,01,#,5.5,#,0.243
1311290001,2001,1311290,13,045,01,#,5.93,#,0.263
1311290004,2001,1311290,13,045,01,#,4.91,#,0.33
1311290007,2001,1311290,13,045,01,#,4.53,#,0.32
1311290010,2001,1311290,13,045,01,#,5.28,#,0.262
1311290013,2001,1311290,13,045,01,#,4.91,#,0.346
1311290016,2001,1311290,13,045,01,#,4.64,#,0.301
1311290019,2001,1311290,13,045,01,#,3.46,#,0.203
1311290022,2001,1311290,13,045,01,#,4.64,#,0.24
1311290025,2001,1311290,13,045,01,#,7.93,#,0.301
1311290028,2001,1311290,13,045,01,#,6.25,#,0.26
1311290031,2001,1311290,13,045,01,#,5.72,#,0.251
1311290034,2001,1311290,13,045,01,#,6.09,#,0.267
1311300001,2001,1311300,13,048,01,#,6.63,#,0.342
1311300004,2001,1311300,13,048,01,#,5.63,#,0.411
1311300007,2001,1311300,13,048,01,#,6.16,#,0.396
1311300010,2001,1311300,13,048,01,#,6.53,#,0.288
1311300013,2001,1311300,13,048,01,#,6.89,#,0.422
1311300016,2001,1311300,13,048,01,#,4.48,#,0.358
1311300020,2001,1311300,13,048,01,#,4.21,#,0.227
1311300022,2001,1311300,13,048,01,#,6.66,#,0.245
1311300025,2001,1311300,13,048,01,#,8.12,#,0.265
1311300028,2001,1311300,13,048,01,#,9.8,#,0.309
1311300031,2001,1311300,13,048,01,#,7.14,#,0.277
1311300034,2001,1311300,13,048,01,#,6.33,#,0.284
1311310001,2001,1311310,13,046,01,#,5.82,#,0.265
1311310004,2001,1311310,13,046,01,#,5.53,#,0.36
1311310007,2001,1311310,13,046,01,#,5.01,#,0.322
1311310010,2001,1311310,13,046,01,#,5.66,#,0.291
1311310013,2001,1311310,13,046,01,#,5.04,#,0.365
1311310016,2001,1311310,13,046,01,#,4.77,#,0.31
1311310019,2001,1311310,13,046,01,#,3.48,#,0.218
1311310022,2001,1311310,13,046,01,#,5.53,#,0.251
1311310025,2001,1311310,13,046,01,#,7.06,#,0.276
1311310028,2001,1311310,13,046,01,#,7.28,#,0.271
1311310031,2001,1311310,13,046,01,#,6.51,#,0.272
1311310034,2001,1311310,13,046,01,#,6.69,#,0.29
1311320001,2001,1311320,13,057,01,#,1.22,#,0.017
1311320003,2001,1311320,13,057,01,#,1.56,#,0.032
1311320005,2001,1311320,13,057,01,#,1.51,#,0.023
1311320007,2001,1311320,13,057,01,#,1.21,#,0.021
1311320009,2001,1311320,13,057,01,#,1.41,#,0.028
1311320011,2001,1311320,13,057,01,#,1.43,#,0.024
1311320013,2001,1311320,13,057,01,#,1.17,#,0.024
1311320015,2001,1311320,13,057,01,#,1.23,#,0.028
1311320017,2001,1311320,13,057,01,#,1.42,#,0.015
1311320019,2001,1311320,13,057,01,#,0.97,#,0.017
1311320021,2001,1311320,13,057,01,#,1.44,#,0.017
1311320023,2001,1311320,13,057,01,#,1.7,#,0.016
1311330001,2001,1311330,13,058,01,#,1.06,#,0.02
1311330003,2001,1311330,13,058,01,#,1.77,#,0.028
1311330005,2001,1311330,13,058,01,#,1.55,#,0.025
1311330007,2001,1311330,13,058,01,#,1.42,#,0.028
1311330009,2001,1311330,13,058,01,#,2.02,#,0.033
1311330011,2001,1311330,13,058,01,#,1.7,#,0.026
1311330013,2001,1311330,13,058,01,#,1.41,#,0.022
1311330015,2001,1311330,13,058,01,#,1.54,#,0.029
1311330017,2001,1311330,13,058,01,#,1.29,#,0.017
1311330019,2001,1311330,13,058,01,#,1.28,#,0.023
1311330021,2001,1311330,13,058,01,#,1.58,#,0.018
1311330023,2001,1311330,13,058,01,#,1.48,#,0.017
1311340001,2001,1311340,13,053,01,#,5.79,#,0.481
1311340004,2001,1311340,13,053,01,#,5.96,#,0.46
1311340007,2001,1311340,13,053,01,#,5.67,#,0.399
1311340010,2001,1311340,13,053,01,#,5.84,#,0.406
1311340013,2001,1311340,13,053,01,#,5.19,#,0.386
1311340016,2001,1311340,13,053,01,#,5.72,#,0.346
1311340019,2001,1311340,13,053,01,#,5.46,#,0.265
1311340022,2001,1311340,13,053,01,#,4.99,#,0.227
1311340025,2001,1311340,13,053,01,#,8.81,#,0.744
1311340028,2001,1311340,13,053,01,#,9.21,#,0.568
1311340031,2001,1311340,13,053,01,#,8.41,#,0.464
1311340034,2001,1311340,13,053,01,#,9.91,#,0.569
1311350001,2001,1311350,13,051,01,#,2.08,#,0.045
1311350003,2001,1311350,13,051,01,#,1.94,#,0.054
1311350005,2001,1311350,13,051,01,#,1.92,#,0.044
1311350007,2001,1311350,13,051,01,#,2.14,#,0.025
1311350009,2001,1311350,13,051,01,#,2.66,#,0.042
1311350011,2001,1311350,13,051,01,#,2.21,#,0.039
1311350013,2001,1311350,13,051,01,#,1.8,#,0.065
1311350015,2001,1311350,13,051,01,#,2.2,#,0.017
1311350017,2001,1311350,13,051,01,#,2.46,#,0.052
1311350019,2001,1311350,13,051,01,#,2.32,#,0.108
1311350021,2001,1311350,13,051,01,#,2.13,#,0.027
1311350023,2001,1311350,13,051,01,#,2.48,#,0.039
1311360001,2001,1311360,13,052,01,#,7.26,#,0.514
1311360003,2001,1311360,13,052,01,#,3.03,#,0.418
1311360005,2001,1311360,13,052,01,#,3.38,#,0.385
1311360007,2001,1311360,13,052,01,#,1.5,#,0.361
1311360009,2001,1311360,13,052,01,#,3.56,#,0.459
1311360011,2001,1311360,13,052,01,#,3.9,#,0.44
1311360013,2001,1311360,13,052,01,#,4.61,#,0.27
1311360015,2001,1311360,13,052,01,#,4.95,#,0.263
1311360017,2001,1311360,13,052,01,#,4.07,#,0.445
1311360019,2001,1311360,13,052,01,#,6.06,#,0.369
1311360021,2001,1311360,13,052,01,#,9.82,#,0.203
1311360023,2001,1311360,13,052,01,#,1.46,#,0.458
1320010001,2001,1320010,13,501,51,#,0.59,#,0.008
1320010002,2001,1320010,13,501,51,#,0.73,#,0.008
1320010003,2001,1320010,13,501,51,#,0.52,#,0.008
1320010004,2001,1320010,13,501,51,#,0.54,#,0.007
1320010005,2001,1320010,13,501,51,#,0.57,#,0.007
1320010006,2001,1320010,13,501,51,#,0.61,#,0.009
1320010007,2001,1320010,13,501,51,#,0.75,#,0.011
1320010008,2001,1320010,13,501,51,#,0.67,#,0.009
1320010009,2001,1320010,13,501,51,#,0.5,#,0.01
1320010010,2001,1320010,13,501,51,#,0.59,#,0.007
1320010011,2001,1320010,13,501,51,#,0.67,#,0.042
1320010012,2001,1320010,13,501,51,#,0.75,#,0.011
1320010013,2001,1320010,13,501,51,#,0.88,#,0.028
1320010014,2001,1320010,13,501,51,#,0.79,#,0.018
1320010015,2001,1320010,13,501,51,#,0.92,#,0.015
1320010016,2001,1320010,13,501,51,#,0.92,#,0.015
1320010017,2001,1320010,13,501,51,#,0.66,#,0.016
1320010018,2001,1320010,13,501,51,#,0.63,#,0.011
1320010019,2001,1320010,13,501,51,#,0.6,#,0.018
1320010020,2001,1320010,13,501,51,#,0.63,#,0.012
1320010021,2001,1320010,13,501,51,#,0.76,#,0.011
1320010022,2001,1320010,13,501,51,#,0.68,#,0.015
1320010023,2001,1320010,13,501,51,#,0.91,#,0.01
1320010024,2001,1320010,13,501,51,#,0.8,#,0.017
1320020001,2001,1320020,13,501,01,#,0.52,#,0.008
1320020002,2001,1320020,13,501,01,#,0.6,#,0.01
1320020003,2001,1320020,13,501,01,#,0.59,#,0.006
1320020004,2001,1320020,13,501,01,#,0.47,#,0.012
1320020005,2001,1320020,13,501,01,#,0.43,#,0.006
1320020006,2001,1320020,13,501,01,#,0.66,#,0.011
1320020007,2001,1320020,13,501,01,#,0.6,#,0.01
1320020008,2001,1320020,13,501,01,#,0.53,#,0.007
1320020009,2001,1320020,13,501,01,#,0.67,#,0.006
1320020010,2001,1320020,13,501,01,#,0.72,#,0.006
1320020011,2001,1320020,13,501,01,#,0.51,#,0.008
1320020012,2001,1320020,13,501,01,#,0.61,#,0.007
1320020013,2001,1320020,13,501,01,#,0.68,#,0.006
1320020014,2001,1320020,13,501,01,#,0.87,#,0.007
1320020015,2001,1320020,13,501,01,#,0.65,#,0.01
1320020016,2001,1320020,13,501,01,#,0.83,#,0.017
1320020017,2001,1320020,13,501,01,#,0.61,#,0.007
1320020018,2001,1320020,13,501,01,#,0.63,#,0.006
1320020019,2001,1320020,13,501,01,#,1.24,#,0.033
1320020020,2001,1320020,13,501,01,#,0.87,#,0.027
1320020021,2001,1320020,13,501,01,#,0.84,#,0.021
1320020022,2001,1320020,13,501,01,#,0.94,#,0.023
1320020023,2001,1320020,13,501,01,#,0.85,#,0.02
1320020024,2001,1320020,13,501,01,#,0.74,#,0.015
1320020025,2001,1320020,13,501,01,#,0.78,#,0.013
1320020026,2001,1320020,13,501,01,#,0.64,#,0.02
1320020027,2001,1320020,13,501,01,#,0.6,#,0.015
1320020028,2001,1320020,13,501,01,#,0.63,#,0.011
1320020029,2001,1320020,13,501,01,#,0.69,#,0.013
1320020030,2001,1320020,13,501,01,#,0.69,#,0.013
1320020031,2001,1320020,13,501,01,#,0.74,#,0.011
1320020032,2001,1320020,13,501,01,#,0.69,#,0.015
1320020033,2001,1320020,13,501,01,#,0.68,#,0.014
1320020034,2001,1320020,13,501,01,#,0.81,#,0.011
1320020035,2001,1320020,13,501,01,#,0.92,#,0.009
1320020036,2001,1320020,13,501,01,#,0.85,#,0.011
1330010001,2001,1330010,13,601,01,#,2.03,#,0.119
1330010002,2001,1330010,13,601,01,#,1.24,#,0.09
1330010003,2001,1330010,13,601,01,#,2.7,#,0.196
1330010004,2001,1330010,13,601,01,#,0.97,#,0.109
1330010005,2001,1330010,13,601,01,#,3.47,#,0.204
1330010006,2001,1330010,13,601,01,#,1.43,#,0.146
1330010007,2001,1330010,13,601,01,#,3.19,#,0.25
1330010008,2001,1330010,13,601,01,#,1.14,#,0.13
1330010009,2001,1330010,13,601,01,#,3.07,#,0.354
1330010010,2001,1330010,13,601,01,#,1.31,#,0.214
1330010011,2001,1330010,13,601,01,#,2.21,#,0.218
1330010012,2001,1330010,13,601,01,#,0.86,#,0.181
1330010013,2001,1330010,13,601,01,#,2.27,#,0.151
1330010014,2001,1330010,13,601,01,#,0.68,#,0.084
1330010015,2001,1330010,13,601,01,#,2.42,#,0.164
1330010016,2001,1330010,13,601,01,#,0.8,#,0.101
1330010017,2001,1330010,13,601,01,#,2.39,#,0.134
1330010018,2001,1330010,13,601,01,#,1.29,#,0.088
1330010019,2001,1330010,13,601,01,#,2.06,#,0.131
1330010020,2001,1330010,13,601,01,#,1.36,#,0.085
1330010021,2001,1330010,13,601,01,#,2.94,#,0.17
1330010022,2001,1330010,13,601,01,#,0.97,#,0.069
1330010023,2001,1330010,13,601,01,#,2.35,#,0.106
1330010024,2001,1330010,13,601,01,#,0.85,#,0.055
1330020001,2001,1330020,13,601,02,#,2.08,#,0.119
1330020002,2001,1330020,13,601,02,#,1.17,#,0.089
1330020003,2001,1330020,13,601,02,#,1.97,#,0.164
1330020004,2001,1330020,13,601,02,#,1.01,#,0.118
1330020005,2001,1330020,13,601,02,#,2.06,#,0.164
1330020006,2001,1330020,13,601,02,#,1.08,#,0.174
1330020007,2001,1330020,13,601,02,#,1.77,#,0.128
1330020008,2001,1330020,13,601,02,#,0.82,#,0.094
1330020009,2001,1330020,13,601,02,#,1.98,#,0.317
1330020010,2001,1330020,13,601,02,#,1,#,0.157
1330020011,2001,1330020,13,601,02,#,1.77,#,0.193
1330020012,2001,1330020,13,601,02,#,0.83,#,0.206
1330020013,2001,1330020,13,601,02,#,2.23,#,0.149
1330020014,2001,1330020,13,601,02,#,0.74,#,0.094
1330020015,2001,1330020,13,601,02,#,1.57,#,0.141
1330020016,2001,1330020,13,601,02,#,0.71,#,0.101
1330020017,2001,1330020,13,601,02,#,1.82,#,0.116
1330020018,2001,1330020,13,601,02,#,0.89,#,0.085
1330020019,2001,1330020,13,601,02,#,1.77,#,0.111
1330020020,2001,1330020,13,601,02,#,1.25,#,0.081
1330020021,2001,1330020,13,601,02,#,3.53,#,0.229
1330020022,2001,1330020,13,601,02,#,0.93,#,0.069
1330020023,2001,1330020,13,601,02,#,1.8,#,0.088
1330020024,2001,1330020,13,601,02,#,0.85,#,0.061
1330030001,2001,1330030,13,601,03,#,2.1,#,0.109
1330030002,2001,1330030,13,601,03,#,0.96,#,0.08
1330030003,2001,1330030,13,601,03,#,1.92,#,0.186
1330030004,2001,1330030,13,601,03,#,0.6,#,0.076
1330030005,2001,1330030,13,601,03,#,2.76,#,0.213
1330030006,2001,1330030,13,601,03,#,0.84,#,0.132
1330030007,2001,1330030,13,601,03,#,2.39,#,0.118
1330030008,2001,1330030,13,601,03,#,0.87,#,0.126
1330030009,2001,1330030,13,601,03,#,2.76,#,0.286
1330030010,2001,1330030,13,601,03,#,0.94,#,0.192
1330030011,2001,1330030,13,601,03,#,2.21,#,0.216
1330030012,2001,1330030,13,601,03,#,0.65,#,0.172
1330030013,2001,1330030,13,601,03,#,2.06,#,0.162
1330030014,2001,1330030,13,601,03,#,0.52,#,0.061
1330030015,2001,1330030,13,601,03,#,1.91,#,0.137
1330030016,2001,1330030,13,601,03,#,0.62,#,0.079
1330030017,2001,1330030,13,601,03,#,2.32,#,0.134
1330030018,2001,1330030,13,601,03,#,0.88,#,0.074
1330030019,2001,1330030,13,601,03,#,1.48,#,0.098
1330030020,2001,1330030,13,601,03,#,1.11,#,0.069
1330030021,2001,1330030,13,601,03,#,4.62,#,0.311
1330030022,2001,1330030,13,601,03,#,0.84,#,0.063
1330030023,2001,1330030,13,601,03,#,2.39,#,0.113
1330030024,2001,1330030,13,601,03,#,0.66,#,0.053
1330040001,2001,1330040,13,601,04,#,2.87,#,0.156
1330040002,2001,1330040,13,601,04,#,2.09,#,0.12
1330040003,2001,1330040,13,601,04,#,2.73,#,0.331
1330040004,2001,1330040,13,601,04,#,0.86,#,0.105
1330040005,2001,1330040,13,601,04,#,6.12,#,0.656
1330040006,2001,1330040,13,601,04,#,2.45,#,0.243
1330040007,2001,1330040,13,601,04,#,3,#,0.338
1330040008,2001,1330040,13,601,04,#,1.62,#,0.162
1330040009,2001,1330040,13,601,04,#,3.4,#,0.378
1330040010,2001,1330040,13,601,04,#,2.13,#,0.245
1330040011,2001,1330040,13,601,04,#,5.71,#,0.478
1330040012,2001,1330040,13,601,04,#,1.31,#,0.145
1330040013,2001,1330040,13,601,04,#,4.57,#,0.463
1330040014,2001,1330040,13,601,04,#,1.41,#,0.151
1330040015,2001,1330040,13,601,04,#,1.79,#,0.154
1330040016,2001,1330040,13,601,04,#,1.48,#,0.138
1330040017,2001,1330040,13,601,04,#,2.51,#,0.146
1330040018,2001,1330040,13,601,04,#,1.82,#,0.107
1330040019,2001,1330040,13,601,04,#,3.03,#,0.205
1330040020,2001,1330040,13,601,04,#,1.59,#,0.108
1330040021,2001,1330040,13,601,04,#,2.95,#,0.195
1330040022,2001,1330040,13,601,04,#,1.77,#,0.116
1330040023,2001,1330040,13,601,04,#,3.71,#,0.232
1330040024,2001,1330040,13,601,04,#,1.71,#,0.078
1330050001,2001,1330050,13,601,51,#,3.62,#,0.28
1330050002,2001,1330050,13,601,51,#,2.63,#,0.286
1330050003,2001,1330050,13,601,51,#,2.75,#,0.193
1330050004,2001,1330050,13,601,51,#,1.67,#,0.132
1330060001,2001,1330060,13,601,52,#,3.66,#,0.256
1330060002,2001,1330060,13,601,52,#,1.33,#,0.149
1330060003,2001,1330060,13,601,52,#,2.56,#,0.142
1330060004,2001,1330060,13,601,52,#,1.44,#,0.082
1330070001,2001,1330070,13,601,53,#,1.57,#,0.153
1330070002,2001,1330070,13,601,53,#,1.5,#,0.165
1330070003,2001,1330070,13,601,53,#,2.2,#,0.17
1330070004,2001,1330070,13,601,53,#,1.43,#,0.096
1330080001,2001,1330080,13,601,54,#,3.28,#,0.247
1330080002,2001,1330080,13,601,54,#,2.58,#,0.211
1330080003,2001,1330080,13,601,54,#,2.96,#,0.135
1330080004,2001,1330080,13,601,54,#,1.2,#,0.097
1330090001,2001,1330090,13,601,55,#,1.43,#,0.102
1330090002,2001,1330090,13,601,55,#,0.75,#,0.079
1330090003,2001,1330090,13,601,55,#,1.6,#,0.1
1330090004,2001,1330090,13,601,55,#,1.23,#,0.084
1330110001,2001,1330110,13,601,57,#,4.13,#,0.315
1330110002,2001,1330110,13,601,57,#,1.95,#,0.177
1330110003,2001,1330110,13,601,57,#,2.94,#,0.162
1330110004,2001,1330110,13,601,57,#,2.36,#,0.143
1330120001,2001,1330120,13,601,58,#,7.87,#,1.11
1330120003,2001,1330120,13,601,58,#,7.7,#,0.806
1330130001,2001,1330130,13,601,59,#,7.1,#,0.678
1330130003,2001,1330130,13,601,59,#,6.61,#,0.661
1330130005,2001,1330130,13,601,59,#,4.25,#,0.548
1330130007,2001,1330130,13,601,59,#,8.25,#,1.1
1330130009,2001,1330130,13,601,59,#,7.21,#,0.627
1330130011,2001,1330130,13,601,59,#,6.34,#,0.589
1330130013,2001,1330130,13,601,59,#,8.54,#,1.09
1330130015,2001,1330130,13,601,59,#,6.82,#,0.97
1330130017,2001,1330130,13,601,59,#,8.88,#,0.877
1330130019,2001,1330130,13,601,59,#,8.01,#,0.895
1330130021,2001,1330130,13,601,59,#,9.66,#,1.58
1330130023,2001,1330130,13,601,59,#,8.55,#,1.28
1330150001,2001,1330150,13,601,61,#,5.92,#,0.585
1330150003,2001,1330150,13,601,61,#,4.66,#,0.544
1330150005,2001,1330150,13,601,61,#,4.36,#,0.616
1330150007,2001,1330150,13,601,61,#,3.37,#,0.483
1330150009,2001,1330150,13,601,61,#,4.96,#,0.497
1330150011,2001,1330150,13,601,61,#,4.68,#,0.395
1330150013,2001,1330150,13,601,61,#,6.87,#,0.796
1330150015,2001,1330150,13,601,61,#,5.72,#,0.719
1330150017,2001,1330150,13,601,61,#,5.05,#,0.477
1330150019,2001,1330150,13,601,61,#,6.44,#,0.669
1330150021,2001,1330150,13,601,61,#,8.62,#,1.42
1330150023,2001,1330150,13,601,61,#,4.85,#,0.559
1330170001,2001,1330170,13,601,63,#,7.42,#,0.526
1330170003,2001,1330170,13,601,63,#,8.16,#,0.451
1330180001,2001,1330180,13,601,64,#,3.79,#,0.328
1330180003,2001,1330180,13,601,64,#,4.88,#,0.395
1330180005,2001,1330180,13,601,64,#,4.95,#,0.676
1330180007,2001,1330180,13,601,64,#,5.37,#,0.658
1330180009,2001,1330180,13,601,64,#,4.62,#,0.353
1330180011,2001,1330180,13,601,64,#,4.76,#,0.319
1330180013,2001,1330180,13,601,64,#,4.37,#,0.236
1330180015,2001,1330180,13,601,64,#,4.24,#,0.186
1330180017,2001,1330180,13,601,64,#,4.09,#,0.18
1330180019,2001,1330180,13,601,64,#,7.79,#,0.643
1330180021,2001,1330180,13,601,64,#,7.13,#,1.05
1330180023,2001,1330180,13,601,64,#,5.55,#,0.77
1330190001,2001,1330190,13,601,65,#,5.52,#,0.669
1330190003,2001,1330190,13,601,65,#,7.32,#,0.66
1330210001,2001,1330210,13,601,67,#,6.46,#,0.477
1330210003,2001,1330210,13,601,67,#,6.77,#,0.385
1330220001,2001,1330220,13,601,68,#,8.12,#,0.503
1330220003,2001,1330220,13,601,68,#,9.9,#,0.567
1330230001,2001,1330230,13,601,69,#,4.44,#,0.201
1330230003,2001,1330230,13,601,69,#,4.88,#,0.275
1330230005,2001,1330230,13,601,69,#,3.85,#,0.301
1330230007,2001,1330230,13,601,69,#,6.07,#,0.421
1330230009,2001,1330230,13,601,69,#,5.38,#,0.309
1330230011,2001,1330230,13,601,69,#,5.22,#,0.206
1330230013,2001,1330230,13,601,69,#,4.59,#,0.221
1330230015,2001,1330230,13,601,69,#,4.83,#,0.195
1330230017,2001,1330230,13,601,69,#,4.69,#,0.2
1330230019,2001,1330230,13,601,69,#,8.15,#,0.393
1330230021,2001,1330230,13,601,69,#,4.5,#,0.167
1330230023,2001,1330230,13,601,69,#,3.93,#,0.197
1330240001,2001,1330240,13,601,70,#,5.06,#,0.406
1330240003,2001,1330240,13,601,70,#,3.95,#,0.358
1330240005,2001,1330240,13,601,70,#,4.15,#,0.598
1330240007,2001,1330240,13,601,70,#,4.06,#,0.451
1330240009,2001,1330240,13,601,70,#,4.72,#,0.368
1330240011,2001,1330240,13,601,70,#,3.85,#,0.276
1330240013,2001,1330240,13,601,70,#,2.94,#,0.228
1330240015,2001,1330240,13,601,70,#,2.4,#,0.142
1330240017,2001,1330240,13,601,70,#,1.86,#,0.12
1330240019,2001,1330240,13,601,70,#,6.54,#,0.387
1330240021,2001,1330240,13,601,70,#,5.31,#,0.459
1330240023,2001,1330240,13,601,70,#,4.99,#,0.565
1330250001,2001,1330250,13,601,71,#,5.48,#,0.378
1330250003,2001,1330250,13,601,71,#,6.59,#,0.366
1330260001,2001,1330260,13,601,72,#,2.59,#,0.183
1330260003,2001,1330260,13,601,72,#,2.95,#,0.187
1330260005,2001,1330260,13,601,72,#,2.92,#,0.371
1330260007,2001,1330260,13,601,72,#,3.83,#,0.378
1330260009,2001,1330260,13,601,72,#,3.71,#,0.26
1330260011,2001,1330260,13,601,72,#,2.75,#,0.118
1330260013,2001,1330260,13,601,72,#,2.91,#,0.211
1330260015,2001,1330260,13,601,72,#,2.62,#,0.14
1330260017,2001,1330260,13,601,72,#,2.32,#,0.133
1330260019,2001,1330260,13,601,72,#,4.82,#,0.293
1330260021,2001,1330260,13,601,72,#,2.89,#,0.119
1330260023,2001,1330260,13,601,72,#,2.67,#,0.132
1330280001,2001,1330280,13,601,74,#,14.2,#,0.287
1330280003,2001,1330280,13,601,74,#,13,#,0.499
1330280005,2001,1330280,13,601,74,#,8.49,#,0.456
1330280007,2001,1330280,13,601,74,#,10.8,#,0.498
1330280009,2001,1330280,13,601,74,#,8.43,#,0.396
1330280011,2001,1330280,13,601,74,#,7.07,#,0.436
1330280013,2001,1330280,13,601,74,#,12,#,0.314
1330280015,2001,1330280,13,601,74,#,11.2,#,1.16
1330280017,2001,1330280,13,601,74,#,14.1,#,0.691
1330280019,2001,1330280,13,601,74,#,10.3,#,0.3
1330280021,2001,1330280,13,601,74,#,11.9,#,0.41
1330280023,2001,1330280,13,601,74,#,12.7,#,0.515
1330290001,2001,1330290,13,601,75,#,6.35,#,0.231
1330290003,2001,1330290,13,601,75,#,5.56,#,0.277
1330290005,2001,1330290,13,601,75,#,3.74,#,0.351
1330290007,2001,1330290,13,601,75,#,8.54,#,0.511
1330290009,2001,1330290,13,601,75,#,6.2,#,0.355
1330290011,2001,1330290,13,601,75,#,4.37,#,0.293
1330290013,2001,1330290,13,601,75,#,5.37,#,0.224
1330290015,2001,1330290,13,601,75,#,4.9,#,0.342
1330290017,2001,1330290,13,601,75,#,5.54,#,0.338
1330290019,2001,1330290,13,601,75,#,4.83,#,0.199
1330290021,2001,1330290,13,601,75,#,3.69,#,0.186
1330290023,2001,1330290,13,601,75,#,4.24,#,0.222
1330300001,2001,1330300,13,601,76,#,11.9,#,0.462
1330300003,2001,1330300,13,601,76,#,12.1,#,0.325
1330300005,2001,1330300,13,601,76,#,9.5,#,0.894
1330300007,2001,1330300,13,601,76,#,14.5,#,0.696
1330300009,2001,1330300,13,601,76,#,11.1,#,0.663
1330300011,2001,1330300,13,601,76,#,10.3,#,0.678
1330300013,2001,1330300,13,601,76,#,12.4,#,0.408
1330300015,2001,1330300,13,601,76,#,12.9,#,0.428
1330300017,2001,1330300,13,601,76,#,12.1,#,0.63
1330300019,2001,1330300,13,601,76,#,13.5,#,0.377
1330300021,2001,1330300,13,601,76,#,15.9,#,0.61
1330300023,2001,1330300,13,601,76,#,12.9,#,0.634
1330320001,2001,1330320,13,601,78,#,5.2,#,0.223
1330320003,2001,1330320,13,601,78,#,4.68,#,0.275
1330320005,2001,1330320,13,601,78,#,3.86,#,0.633
1330320007,2001,1330320,13,601,78,#,4.1,#,0.352
1330320009,2001,1330320,13,601,78,#,7.33,#,0.527
1330320011,2001,1330320,13,601,78,#,5.66,#,0.33
1330320013,2001,1330320,13,601,78,#,4.61,#,0.269
1330320015,2001,1330320,13,601,78,#,4.31,#,0.241
1330320017,2001,1330320,13,601,78,#,3.55,#,0.226
1330320019,2001,1330320,13,601,78,#,3.45,#,0.195
1330320021,2001,1330320,13,601,78,#,3.5,#,0.167
1330320023,2001,1330320,13,601,78,#,4.02,#,0.261
1330330001,2001,1330330,13,601,79,#,3.91,#,0.427
1330330003,2001,1330330,13,601,79,#,3.82,#,0.289
1330340001,2001,1330340,13,601,80,#,11.1,#,1.4
1330340003,2001,1330340,13,601,80,#,10.2,#,0.604
1330340005,2001,1330340,13,601,80,#,9.16,#,0.689
1330340007,2001,1330340,13,601,80,#,6.25,#,0.604
1330340009,2001,1330340,13,601,80,#,8.49,#,0.62
1330340011,2001,1330340,13,601,80,#,12.4,#,0.672
1330340013,2001,1330340,13,601,80,#,7.4,#,0.518
1330340015,2001,1330340,13,601,80,#,10.4,#,0.628
1330340017,2001,1330340,13,601,80,#,10.2,#,0.537
1330340019,2001,1330340,13,601,80,#,8.87,#,0.607
1330340021,2001,1330340,13,601,80,#,8.78,#,0.505
1330340023,2001,1330340,13,601,80,#,7.81,#,0.479
1330350001,2001,1330350,13,601,81,#,11.6,#,1.22
1330350003,2001,1330350,13,601,81,#,8.45,#,0.964
1330350005,2001,1330350,13,601,81,#,4.44,#,0.346
1330350007,2001,1330350,13,601,81,#,7.65,#,0.753
1330350009,2001,1330350,13,601,81,#,7.79,#,0.84
1330350011,2001,1330350,13,601,81,#,5.05,#,0.321
1330350013,2001,1330350,13,601,81,#,7.3,#,0.535
1330350015,2001,1330350,13,601,81,#,8.92,#,0.71
1330350017,2001,1330350,13,601,81,#,8.98,#,0.704
1330350019,2001,1330350,13,601,81,#,6.77,#,0.44
1330350021,2001,1330350,13,601,81,#,9.43,#,0.83
1330350023,2001,1330350,13,601,81,#,8.19,#,0.727
1330370001,2001,1330370,13,602,01,#,2.09,#,0.132
1330370002,2001,1330370,13,602,01,#,1.12,#,0.077
1330370003,2001,1330370,13,602,01,#,3.35,#,0.263
1330370004,2001,1330370,13,602,01,#,1.02,#,0.121
1330370005,2001,1330370,13,602,01,#,2.8,#,0.192
1330370006,2001,1330370,13,602,01,#,1.13,#,0.076
1330370007,2001,1330370,13,602,01,#,2.73,#,0.225
1330370008,2001,1330370,13,602,01,#,1.66,#,0.15
1330370009,2001,1330370,13,602,01,#,2.17,#,0.242
1330370010,2001,1330370,13,602,01,#,1.3,#,0.122
1330370011,2001,1330370,13,602,01,#,1.72,#,0.137
1330370012,2001,1330370,13,602,01,#,0.97,#,0.159
1330370013,2001,1330370,13,602,01,#,2.11,#,0.148
1330370014,2001,1330370,13,602,01,#,1.29,#,0.077
1330370015,2001,1330370,13,602,01,#,1.05,#,0.089
1330370016,2001,1330370,13,602,01,#,0.7,#,0.077
1330370017,2001,1330370,13,602,01,#,1.55,#,0.092
1330370018,2001,1330370,13,602,01,#,0.77,#,0.062
1330370019,2001,1330370,13,602,01,#,2.95,#,0.135
1330370020,2001,1330370,13,602,01,#,1.13,#,0.074
1330370021,2001,1330370,13,602,01,#,4.48,#,0.219
1330370022,2001,1330370,13,602,01,#,1.5,#,0.084
1330370023,2001,1330370,13,602,01,#,2.38,#,0.108
1330370024,2001,1330370,13,602,01,#,0.88,#,0.044
1330380001,2001,1330380,13,602,51,#,2.16,#,0.187
1330380002,2001,1330380,13,602,51,#,0.68,#,0.073
1330380003,2001,1330380,13,602,51,#,1.53,#,0.089
1330380004,2001,1330380,13,602,51,#,1.18,#,0.078
1330390001,2001,1330390,13,602,52,#,1.69,#,0.151
1330390002,2001,1330390,13,602,52,#,0.76,#,0.077
1330390003,2001,1330390,13,602,52,#,1.29,#,0.078
1330390004,2001,1330390,13,602,52,#,1.18,#,0.072
1330400001,2001,1330400,13,602,53,#,1.07,#,0.086
1330400002,2001,1330400,13,602,53,#,1.02,#,0.077
1330400003,2001,1330400,13,602,53,#,1.86,#,0.11
1330400004,2001,1330400,13,602,53,#,1.55,#,0.099
1330410001,2001,1330410,13,602,55,#,2.12,#,0.115
1330410002,2001,1330410,13,602,55,#,0.91,#,0.125
1330410003,2001,1330410,13,602,55,#,1.36,#,0.09
1330410004,2001,1330410,13,602,55,#,1.05,#,0.074
1330420001,2001,1330420,13,602,56,#,1.72,#,0.157
1330420002,2001,1330420,13,602,56,#,0.57,#,0.081
1330420003,2001,1330420,13,602,56,#,2.35,#,0.127
1330420004,2001,1330420,13,602,56,#,1.08,#,0.072
1330440001,2001,1330440,13,603,01,#,1.1,#,0.05
1330440002,2001,1330440,13,603,01,#,0.96,#,0.076
1330440003,2001,1330440,13,603,01,#,2.2,#,0.161
1330440004,2001,1330440,13,603,01,#,0.79,#,0.069
1330440005,2001,1330440,13,603,01,#,2.43,#,0.151
1330440006,2001,1330440,13,603,01,#,0.84,#,0.117
1330440007,2001,1330440,13,603,01,#,1.16,#,0.103
1330440008,2001,1330440,13,603,01,#,0.58,#,0.056
1330440009,2001,1330440,13,603,01,#,1.3,#,0.131
1330440010,2001,1330440,13,603,01,#,0.92,#,0.183
1330440011,2001,1330440,13,603,01,#,0.96,#,0.088
1330440012,2001,1330440,13,603,01,#,0.59,#,0.134
1330440013,2001,1330440,13,603,01,#,2.73,#,0.137
1330440014,2001,1330440,13,603,01,#,0.54,#,0.056
1330440015,2001,1330440,13,603,01,#,0.85,#,0.076
1330440016,2001,1330440,13,603,01,#,0.49,#,0.058
1330440017,2001,1330440,13,603,01,#,1.01,#,0.055
1330440018,2001,1330440,13,603,01,#,0.57,#,0.05
1330440019,2001,1330440,13,603,01,#,2.22,#,0.119
1330440020,2001,1330440,13,603,01,#,1.08,#,0.075
1330440021,2001,1330440,13,603,01,#,1.28,#,0.057
1330440022,2001,1330440,13,603,01,#,0.97,#,0.055
1330440023,2001,1330440,13,603,01,#,1.5,#,0.068
1330440024,2001,1330440,13,603,01,#,0.69,#,0.049
1330450001,2001,1330450,13,603,02,#,1.87,#,0.11
1330450002,2001,1330450,13,603,02,#,0.87,#,0.042
1330450003,2001,1330450,13,603,02,#,1.96,#,0.147
1330450004,2001,1330450,13,603,02,#,0.93,#,0.066
1330450005,2001,1330450,13,603,02,#,2.66,#,0.176
1330450006,2001,1330450,13,603,02,#,0.88,#,0.118
1330450007,2001,1330450,13,603,02,#,1.77,#,0.118
1330450008,2001,1330450,13,603,02,#,0.79,#,0.072
1330450009,2001,1330450,13,603,02,#,1.99,#,0.199
1330450010,2001,1330450,13,603,02,#,0.88,#,0.172
1330450011,2001,1330450,13,603,02,#,1.8,#,0.167
1330450012,2001,1330450,13,603,02,#,0.91,#,0.23
1330450013,2001,1330450,13,603,02,#,3.8,#,0.276
1330450014,2001,1330450,13,603,02,#,0.56,#,0.044
1330450015,2001,1330450,13,603,02,#,0.97,#,0.082
1330450016,2001,1330450,13,603,02,#,0.59,#,0.069
1330450017,2001,1330450,13,603,02,#,1.86,#,0.095
1330450018,2001,1330450,13,603,02,#,0.59,#,0.067
1330450019,2001,1330450,13,603,02,#,1.4,#,0.095
1330450020,2001,1330450,13,603,02,#,0.96,#,0.066
1330450021,2001,1330450,13,603,02,#,2.24,#,0.103
1330450022,2001,1330450,13,603,02,#,0.73,#,0.054
1330450023,2001,1330450,13,603,02,#,2.68,#,0.109
1330450024,2001,1330450,13,603,02,#,0.78,#,0.052
1330460001,2001,1330460,13,603,51,#,1.86,#,0.181
1330460002,2001,1330460,13,603,51,#,0.67,#,0.087
1330460003,2001,1330460,13,603,51,#,2.73,#,0.131
1330460004,2001,1330460,13,603,51,#,1.04,#,0.07
1330470001,2001,1330470,13,603,52,#,1.49,#,0.127
1330470002,2001,1330470,13,603,52,#,0.72,#,0.062
1330470003,2001,1330470,13,603,52,#,1.81,#,0.104
1330470004,2001,1330470,13,603,52,#,1.15,#,0.068
1330480001,2001,1330480,13,603,53,#,1.46,#,0.117
1330480002,2001,1330480,13,603,53,#,0.7,#,0.06
1330480003,2001,1330480,13,603,53,#,1.69,#,0.094
1330480004,2001,1330480,13,603,53,#,1.09,#,0.069
1330500001,2001,1330500,13,603,55,#,1.56,#,0.146
1330500002,2001,1330500,13,603,55,#,0.52,#,0.086
1330500003,2001,1330500,13,603,55,#,2.19,#,0.109
1330500004,2001,1330500,13,603,55,#,0.95,#,0.061
1330510001,2001,1330510,13,603,56,#,1.66,#,0.133
1330510002,2001,1330510,13,603,56,#,0.78,#,0.078
1330510003,2001,1330510,13,603,56,#,1.96,#,0.118
1330510004,2001,1330510,13,603,56,#,1.07,#,0.069
1330520001,2001,1330520,13,603,57,#,2.04,#,0.163
1330520002,2001,1330520,13,603,57,#,0.76,#,0.076
1330520003,2001,1330520,13,603,57,#,1.52,#,0.107
1330520004,2001,1330520,13,603,57,#,1.11,#,0.072
1330530001,2001,1330530,13,603,58,#,1.41,#,0.123
1330530002,2001,1330530,13,603,58,#,0.45,#,0.125
1330530003,2001,1330530,13,603,58,#,1.33,#,0.08
1330530004,2001,1330530,13,603,58,#,0.82,#,0.057
1330540001,2001,1330540,13,603,59,#,1.11,#,0.093
1330540002,2001,1330540,13,603,59,#,0.83,#,0.078
1330540003,2001,1330540,13,603,59,#,1.59,#,0.092
1330540004,2001,1330540,13,603,59,#,0.91,#,0.069
1330560001,2001,1330560,13,603,61,#,2.06,#,0.147
1330560002,2001,1330560,13,603,61,#,0.63,#,0.144
1330560003,2001,1330560,13,603,61,#,1.52,#,0.084
1330560004,2001,1330560,13,603,61,#,1.04,#,0.077
1330570001,2001,1330570,13,603,62,#,1.37,#,0.118
1330570002,2001,1330570,13,603,62,#,0.57,#,0.073
1330570003,2001,1330570,13,603,62,#,1,#,0.063
1330570004,2001,1330570,13,603,62,#,0.78,#,0.053
1330580001,2001,1330580,13,603,63,#,1.71,#,0.145
1330580002,2001,1330580,13,603,63,#,0.54,#,0.084
1330580003,2001,1330580,13,603,63,#,1.73,#,0.096
1330580004,2001,1330580,13,603,63,#,0.9,#,0.061
1330590001,2001,1330590,13,603,64,#,0.95,#,0.07
1330590002,2001,1330590,13,603,64,#,0.49,#,0.08
1330590003,2001,1330590,13,603,64,#,1.54,#,0.09
1330590004,2001,1330590,13,603,64,#,0.81,#,0.055
1330600001,2001,1330600,13,604,01,#,0.88,#,0.04
1330600002,2001,1330600,13,604,01,#,0.73,#,0.034
1330600003,2001,1330600,13,604,01,#,1.73,#,0.134
1330600004,2001,1330600,13,604,01,#,0.69,#,0.079
1330600005,2001,1330600,13,604,01,#,1.19,#,0.08
1330600006,2001,1330600,13,604,01,#,0.4,#,0.057
1330600007,2001,1330600,13,604,01,#,1.35,#,0.106
1330600008,2001,1330600,13,604,01,#,0.42,#,0.077
1330600009,2001,1330600,13,604,01,#,0.61,#,0.066
1330600010,2001,1330600,13,604,01,#,0.55,#,0.114
1330600011,2001,1330600,13,604,01,#,0.73,#,0.076
1330600012,2001,1330600,13,604,01,#,0.46,#,0.089
1330600013,2001,1330600,13,604,01,#,2.8,#,0.173
1330600014,2001,1330600,13,604,01,#,0.52,#,0.045
1330600015,2001,1330600,13,604,01,#,0.67,#,0.066
1330600016,2001,1330600,13,604,01,#,0.35,#,0.04
1330600017,2001,1330600,13,604,01,#,0.74,#,0.043
1330600018,2001,1330600,13,604,01,#,0.45,#,0.051
1330600019,2001,1330600,13,604,01,#,1.57,#,0.09
1330600020,2001,1330600,13,604,01,#,0.77,#,0.052
1330600021,2001,1330600,13,604,01,#,1.06,#,0.056
1330600022,2001,1330600,13,604,01,#,0.57,#,0.049
1330600023,2001,1330600,13,604,01,#,0.93,#,0.031
1330600024,2001,1330600,13,604,01,#,0.52,#,0.048
