西暦年度,絶対番号,県コード_地点統一番号,水域コード_地点統一番号,地点コード_地点統一番号,調査区分,採取位置,C_全窒素_最小値,全窒素_最小値,C_全窒素_最大値,全窒素_最大値,m_全窒素,n_全窒素,C_全窒素_日間平均値_平均値,全窒素_日間平均値_平均値,C_全燐_最小値,全燐_最小値,C_全燐_最大値,全燐_最大値,m_全燐,n_全燐,C_全燐_日間平均値_平均値,全燐_日間平均値_平均値
1996,0120010,01,501,01,0,11,#,0.32,#,1.6,2,8,#,0.73,#,0.018,#,0.081,3,8,#,0.045
1996,0120020,01,501,02,0,11,#,0.23,#,1.5,3,8,#,0.74,#,0.024,#,0.081,2,8,#,0.042
1996,0120030,01,501,51,0,11,#,0.68,#,1.2,8,8,#,0.92,#,0.033,#,0.11,5,8,#,0.06
1996,0120040,01,501,52,0,11,#,0.2,#,1.5,2,8,#,0.68,#,0.027,#,0.072,2,8,#,0.045
1996,0120050,01,502,01,0,11,<,0.05,#,0.13,999,6,#,0.1,<,0.003,<,0.003,0,6,<,0.003
1996,0120060,01,502,02,0,11,<,0.05,#,0.13,999,6,#,0.07,<,0.003,#,0.003,0,6,#,0.003
1996,0120110,01,503,01,0,11,#,0.18,#,0.22,999,6,#,0.2,<,0.003,#,0.004,0,6,#,0.003
1996,0120120,01,503,02,0,11,#,0.16,#,0.2,999,6,#,0.19,<,0.003,#,0.003,0,6,#,0.003
1996,0120130,01,503,03,0,11,#,0.19,#,0.21,999,6,#,0.2,<,0.003,#,0.004,0,6,#,0.003
1996,0120140,01,503,51,0,11,#,0.17,#,0.25,999,6,#,0.2,<,0.003,#,0.007,1,6,#,0.004
1996,0120150,01,503,52,0,11,#,0.17,#,0.22,999,6,#,0.2,<,0.003,#,0.003,0,6,#,0.003
1996,0120160,01,503,53,0,11,#,0.16,#,0.29,999,6,#,0.21,<,0.003,#,0.019,1,6,#,0.006
1996,0120170,01,503,54,0,11,#,0.16,#,0.24,999,6,#,0.19,<,0.003,#,0.006,1,6,#,0.004
1996,0120180,01,504,01,0,11,#,0.29,#,0.6,999,6,#,0.48,#,0.009,#,0.027,0,6,#,0.019
1996,0120190,01,504,02,0,11,#,0.36,#,0.55,999,6,#,0.45,#,0.008,#,0.028,0,6,#,0.019
1996,0120200,01,504,51,0,11,#,0.32,#,0.64,999,6,#,0.44,#,0.006,#,0.028,0,6,#,0.018
1996,0120210,01,504,52,0,11,#,0.37,#,0.63,999,6,#,0.52,#,0.006,#,0.027,0,6,#,0.016
1996,0120220,01,504,53,0,11,#,0.3,#,0.63,999,6,#,0.46,#,0.007,#,0.028,0,6,#,0.016
1996,0120230,01,504,54,0,11,#,0.3,#,0.49,999,6,#,0.4,#,0.012,#,0.032,1,6,#,0.021
1996,0120240,01,505,01,0,11,#,0.06,#,0.26,0,6,#,0.17,#,0.014,#,0.039,2,6,#,0.025
1996,0120240,01,505,01,0,12,#,0.08,#,0.39,0,6,#,0.22,#,0.014,#,0.037,2,6,#,0.026
1996,0120250,01,505,02,0,11,#,0.08,#,0.57,2,6,#,0.26,#,0.013,#,0.036,2,6,#,0.026
1996,0120250,01,505,02,0,12,#,0.09,#,0.39,0,6,#,0.21,#,0.015,#,0.038,2,6,#,0.026
1996,0120260,01,505,03,0,11,#,0.05,#,0.47,1,6,#,0.19,#,0.009,#,0.034,1,6,#,0.023
1996,0120260,01,505,03,0,12,<,0.05,#,0.58,1,6,#,0.22,#,0.016,#,0.038,2,6,#,0.024
1996,0120270,01,505,51,0,11,#,0.08,#,0.62,2,6,#,0.25,#,0.014,#,0.029,0,6,#,0.02
1996,0120280,01,505,52,0,11,#,0.1,#,0.7,2,6,#,0.28,#,0.014,#,0.034,1,6,#,0.024
1996,0120290,01,505,53,0,11,#,0.07,#,0.38,0,6,#,0.19,#,0.014,#,0.043,2,6,#,0.026
1996,0120300,01,505,54,0,11,#,0.05,#,0.44,1,5,#,0.21,#,0.012,#,0.033,1,5,#,0.018
1996,0120310,01,506,01,0,11,<,0.05,#,0.39,999,6,#,0.16,<,0.003,#,0.008,2,6,#,0.005
1996,0120320,01,506,02,0,11,<,0.05,#,0.18,999,6,#,0.12,<,0.003,#,0.017,2,6,#,0.007
1996,0120360,01,507,01,0,11,<,0.05,#,0.14,999,4,#,0.1,<,0.003,#,0.005,0,4,#,0.004
1996,0120360,01,507,01,0,12,<,0.05,#,0.14,999,4,#,0.07,<,0.003,#,0.008,0,4,#,0.005
1996,0120370,01,507,02,0,11,<,0.05,#,0.2,999,4,#,0.12,<,0.003,#,0.007,0,4,#,0.005
1996,0120370,01,507,02,0,12,#,0.06,#,0.19,999,4,#,0.1,<,0.003,#,0.007,0,4,#,0.005
1996,0120380,01,507,51,0,11,<,0.05,#,0.14,999,4,#,0.1,<,0.003,#,0.006,0,4,#,0.004
1996,0120390,01,507,52,0,11,<,0.05,#,0.11,999,4,#,0.08,<,0.003,#,0.004,0,4,#,0.004
1996,0120400,01,507,53,0,11,<,0.05,#,0.13,999,4,#,0.09,<,0.003,#,0.007,0,4,#,0.005
1996,0120410,01,508,01,0,11,#,0.1,#,0.21,999,3,#,0.17,#,0.006,#,0.011,1,3,#,0.009
1996,0120410,01,508,01,0,12,#,0.1,#,0.26,999,3,#,0.18,#,0.009,#,0.01,0,3,#,0.009
1996,0120420,01,508,02,0,11,#,0.07,#,0.25,999,3,#,0.16,#,0.007,#,0.009,0,3,#,0.008
1996,0120420,01,508,02,0,12,#,0.17,#,0.51,999,3,#,0.3,#,0.007,#,0.014,1,3,#,0.01
1996,0120430,01,508,51,0,11,#,0.09,#,0.25,999,3,#,0.17,#,0.007,#,0.012,2,3,#,0.01
1996,0120440,01,508,52,0,11,#,0.15,#,0.22,999,3,#,0.18,#,0.006,#,0.009,0,3,#,0.008
1996,0120450,01,508,53,0,11,#,0.18,#,0.27,999,3,#,0.24,#,0.007,#,0.015,2,3,#,0.011
1996,0120460,01,509,01,0,11,#,0.56,#,1.3,1,7,#,0.82,#,0.033,#,0.079,0,7,#,0.052
1996,0120470,01,509,02,0,11,#,0.64,#,1.5,4,7,#,1,#,0.072,#,0.12,2,7,#,0.094
1996,0120480,01,509,51,0,11,#,0.34,#,1.4,1,7,#,0.8,#,0.041,#,0.09,0,7,#,0.058
1996,0120490,01,509,52,0,11,#,0.62,#,1.3,2,7,#,0.94,#,0.057,#,0.11,1,7,#,0.083
1996,0120550,01,510,01,0,11,<,0.05,#,0.14,999,4,#,0.1,<,0.003,<,0.003,0,4,<,0.003
1996,0120550,01,510,01,0,12,<,0.05,#,0.18,999,4,#,0.12,<,0.003,<,0.003,0,4,<,0.003
1996,0120560,01,510,02,0,11,<,0.05,#,0.14,999,4,#,0.1,<,0.003,<,0.003,0,4,<,0.003
1996,0120560,01,510,02,0,12,<,0.05,#,0.14,999,4,#,0.09,<,0.003,<,0.003,0,4,<,0.003
1996,0120570,01,510,51,0,11,<,0.05,#,0.31,999,4,#,0.14,<,0.003,<,0.003,0,4,<,0.003
1996,0120570,01,510,51,0,12,<,0.05,#,0.23,999,4,#,0.11,<,0.003,<,0.003,0,4,<,0.003
1996,0120580,01,510,52,0,11,<,0.05,#,0.31,999,4,#,0.15,<,0.003,<,0.003,0,4,<,0.003
1996,0120580,01,510,52,0,12,<,0.05,#,0.16,999,4,#,0.09,<,0.003,<,0.003,0,4,<,0.003
1996,0320130,03,506,01,0,11,#,0.42,#,0.74,999,12,#,0.56,#,0.008,#,0.022,0,12,#,0.013
1996,0320130,03,506,01,0,12,#,0.46,#,0.82,999,12,#,0.57,#,0.006,#,0.023,0,12,#,0.011
1996,0320130,03,506,01,0,13,#,0.47,#,0.7,999,12,#,0.59,#,0.007,#,0.022,0,12,#,0.012
1996,0320120,03,506,51,0,11,#,0.39,#,0.63,999,6,#,0.5,#,0.01,#,0.027,0,6,#,0.018
1996,0320120,03,506,51,0,13,#,0.43,#,0.76,999,6,#,0.56,#,0.011,#,0.03,0,6,#,0.022
1996,0420140,04,505,01,0,11,#,0.43,#,0.81,999,12,#,0.58,#,0.008,#,0.029,11,12,#,0.017
1996,0420140,04,505,01,0,12,#,0.42,#,0.77,999,12,#,0.59,#,0.008,#,0.024,11,12,#,0.015
1996,0420140,04,505,01,0,13,#,0.45,#,0.79,999,12,#,0.61,#,0.008,#,0.036,10,12,#,0.018
1996,0420190,04,507,01,0,11,#,0.15,#,0.31,999,12,#,0.24,#,0.005,#,0.028,6,12,#,0.011
1996,0720020,07,501,01,0,11,#,0.22,#,0.26,999,8,#,0.23,<,0.003,#,0.004,0,8,#,0.003
1996,0720020,07,501,01,0,12,#,0.22,#,0.28,999,8,#,0.24,<,0.003,#,0.005,0,8,#,0.003
1996,0720020,07,501,01,0,13,#,0.21,#,0.31,999,16,#,0.26,<,0.003,#,0.006,0,16,#,0.004
1996,0720030,07,501,51,0,11,#,0.2,#,0.44,999,6,#,0.26,<,0.003,#,0.007,0,6,#,0.004
1996,0720040,07,501,52,0,11,#,0.23,#,0.29,999,6,#,0.25,<,0.003,#,0.007,0,6,#,0.004
1996,0720050,07,501,53,0,11,#,0.21,#,0.3,999,6,#,0.25,<,0.003,#,0.005,0,6,#,0.004
1996,0720060,07,501,54,0,11,#,0.2,#,0.41,999,8,#,0.31,<,0.003,#,0.004,0,8,#,0.003
1996,0720070,07,501,55,0,11,#,0.25,#,0.45,999,8,#,0.34,<,0.003,#,0.007,0,8,#,0.004
1996,0720080,07,501,56,0,11,#,0.23,#,0.48,999,8,#,0.33,<,0.003,#,0.004,0,8,#,0.003
1996,0720260,07,501,57,0,11,#,0.21,#,0.43,999,8,#,0.28,<,0.003,#,0.013,1,8,#,0.005
1996,0720120,07,502,01,0,11,#,0.11,#,0.27,999,6,#,0.17,<,0.003,#,0.009,0,6,#,0.006
1996,0720120,07,502,01,0,12,#,0.18,#,0.18,999,1,#,0.18,#,0.012,#,0.012,1,1,#,0.012
1996,0720120,07,502,01,0,13,#,0.21,#,0.29,999,5,#,0.25,#,0.004,#,0.008,0,5,#,0.007
1996,0720270,07,502,51,0,11,#,0.11,#,0.27,999,7,#,0.17,#,0.005,#,0.012,1,7,#,0.008
1996,0720280,07,502,52,0,11,#,0.1,#,0.27,999,7,#,0.16,#,0.004,#,0.009,0,7,#,0.006
1996,0720130,07,503,01,0,11,#,0.16,#,0.27,999,7,#,0.19,#,0.005,#,0.008,0,7,#,0.006
1996,0720290,07,503,51,0,11,#,0.13,#,0.3,999,7,#,0.19,#,0.004,#,0.01,0,7,#,0.007
1996,0720300,07,503,52,0,11,#,0.12,#,0.27,999,7,#,0.19,#,0.003,#,0.015,3,7,#,0.009
1996,0720140,07,504,01,0,11,#,0.1,#,0.3,999,7,#,0.18,<,0.003,#,0.013,1,7,#,0.006
1996,0720140,07,504,01,0,12,#,0.17,#,0.17,999,1,#,0.17,#,0.007,#,0.007,0,1,#,0.007
1996,0720140,07,504,01,0,13,#,0.12,#,0.25,999,6,#,0.19,#,0.003,#,0.013,1,6,#,0.006
1996,0720310,07,504,51,0,11,#,0.14,#,0.27,999,7,#,0.18,#,0.004,#,0.008,0,7,#,0.006
1996,0720320,07,504,52,0,11,#,0.11,#,0.24,999,7,#,0.17,<,0.003,#,0.01,0,7,#,0.005
1996,0820010,08,501,01,0,11,#,0.77,#,1.8,12,12,#,1.1,#,0.064,#,0.15,12,12,#,0.11
1996,0820020,08,501,02,0,11,#,0.82,#,1,12,12,#,0.93,#,0.11,#,0.18,12,12,#,0.14
1996,0820030,08,501,03,0,11,#,0.7,#,0.96,24,24,#,0.8,#,0.065,#,0.16,24,24,#,0.11
1996,0820040,08,501,04,0,11,#,0.68,#,0.95,12,12,#,0.79,#,0.064,#,0.14,12,12,#,0.1
1996,0820050,08,501,51,0,11,#,0.99,#,1.7,12,12,#,1.3,#,0.1,#,0.23,12,12,#,0.16
1996,0820060,08,501,52,0,11,#,0.66,#,0.89,12,12,#,0.79,#,0.049,#,0.14,12,12,#,0.1
1996,0820070,08,501,53,0,11,#,0.59,#,0.92,12,12,#,0.79,#,0.063,#,0.16,12,12,#,0.11
1996,0820080,08,501,54,0,11,#,0.58,#,0.93,12,12,#,0.78,#,0.066,#,0.16,12,12,#,0.11
1996,0820090,08,501,55,0,11,#,1.2,#,3.6,12,12,#,2.4,#,0.1,#,0.49,12,12,#,0.19
1996,0820100,08,501,56,0,11,#,1.2,#,2.9,12,12,#,2.1,#,0.078,#,0.17,12,12,#,0.12
1996,0820110,08,501,57,0,11,#,0.79,#,1.9,12,12,#,1.3,#,0.068,#,0.13,12,12,#,0.1
1996,0820120,08,501,58,0,11,#,0.91,#,2.6,12,12,#,1.8,#,0.056,#,0.13,12,12,#,0.089
1996,0820140,08,502,01,0,11,#,0.56,#,0.76,12,12,#,0.64,#,0.046,#,0.14,12,12,#,0.084
1996,0820150,08,502,02,0,11,#,0.51,#,0.89,12,12,#,0.71,#,0.054,#,0.12,12,12,#,0.086
1996,0820160,08,502,51,0,11,#,0.55,#,1.7,12,12,#,0.85,#,0.049,#,0.18,12,12,#,0.1
1996,0820170,08,502,52,0,11,#,1.4,#,5,12,12,#,3.5,#,0.044,#,0.13,12,12,#,0.081
1996,0820180,08,502,53,0,11,#,0.6,#,1,12,12,#,0.8,#,0.04,#,0.11,12,12,#,0.07
1996,0820190,08,503,01,0,11,#,0.65,#,0.9,12,12,#,0.75,#,0.058,#,0.11,12,12,#,0.09
1996,0820200,08,503,02,0,11,#,0.59,#,0.78,12,12,#,0.7,#,0.047,#,0.1,12,12,#,0.079
1996,0820210,08,503,51,0,11,#,0.63,#,0.95,12,12,#,0.82,#,0.068,#,0.11,12,12,#,0.097
1996,0820220,08,503,52,0,11,#,0.58,#,0.8,12,12,#,0.71,#,0.06,#,0.11,12,12,#,0.084
1996,0920030,09,511,01,0,11,#,0.32,#,0.45,5,8,#,0.4,#,0.01,#,0.023,0,8,#,0.018
1996,0920030,09,511,01,0,12,#,0.31,#,0.46,8,16,#,0.41,#,0.01,#,0.024,0,16,#,0.02
1996,0920030,09,511,01,0,13,#,0.38,#,0.55,7,8,#,0.46,#,0.011,#,0.028,0,8,#,0.02
1996,0920040,09,511,51,0,11,#,0.31,#,0.43,1,8,#,0.37,#,0.015,#,0.024,0,8,#,0.02
1996,0920050,09,511,52,0,11,#,0.32,#,0.48,3,8,#,0.39,#,0.011,#,0.024,0,8,#,0.018
1996,0920060,09,511,53,0,11,#,0.33,#,0.46,6,8,#,0.42,#,0.013,#,0.026,0,8,#,0.02
1996,0920070,09,511,54,0,11,#,0.29,#,0.52,4,8,#,0.4,#,0.007,#,0.023,0,8,#,0.018
1996,0920080,09,511,55,0,11,#,0.34,#,0.44,5,8,#,0.4,#,0.009,#,0.023,0,8,#,0.017
1996,0920090,09,511,56,0,11,#,0.3,#,0.61,6,8,#,0.43,#,0.009,#,0.024,0,8,#,0.018
1996,0920100,09,512,01,0,11,#,0.13,#,0.27,999,8,#,0.21,#,0.004,#,0.006,3,8,#,0.005
1996,0920110,09,512,51,0,11,#,0.14,#,0.26,999,8,#,0.2,#,0.004,#,0.01,3,8,#,0.006
1996,0920140,09,512,54,0,11,#,0.12,#,0.58,999,8,#,0.24,#,0.003,#,0.008,4,8,#,0.006
1996,0920160,09,512,56,0,11,#,0.13,#,0.32,999,8,#,0.21,#,0.003,#,0.006,2,8,#,0.005
1996,1020080,10,501,01,0,11,#,0.22,#,0.45,999,6,#,0.34,#,0.006,#,0.01,0,6,#,0.008
1996,1020140,10,502,01,0,11,#,0.19,#,0.42,999,6,#,0.3,#,0.009,#,0.02,4,6,#,0.013
1996,1220010,12,501,01,0,11,#,0.98,#,2.4,24,24,#,1.7,#,0.079,#,0.24,24,24,#,0.15
1996,1220020,12,501,51,0,11,#,2,#,5.4,24,24,#,3.4,#,0.066,#,0.24,24,24,#,0.12
1996,1220030,12,501,52,0,11,#,0.96,#,2.1,24,24,#,1.4,#,0.06,#,0.19,24,24,#,0.12
1996,1220040,12,501,53,0,11,#,0.6,#,1.7,24,24,#,1.1,#,0.048,#,0.17,24,24,#,0.1
1996,1220050,12,502,01,0,11,#,2.4,#,7.6,24,24,#,4.5,#,0.22,#,1.1,24,24,#,0.49
1996,1220060,12,502,51,0,11,#,3.1,#,10,24,24,#,6.2,#,0.26,#,0.99,24,24,#,0.58
1996,1220070,12,502,52,0,11,#,1.5,#,5.8,24,24,#,3.4,#,0.13,#,0.46,24,24,#,0.27
1996,1220080,12,502,53,0,11,#,1.7,#,5.7,24,24,#,3.5,#,0.07,#,0.43,20,24,#,0.21
1996,1230010,12,601,01,0,11,#,0.71,#,1.9,6,12,#,1.1,#,0.07,#,0.29,4,12,#,0.1
1996,1230010,12,601,01,0,13,#,0.56,#,1.6,6,12,#,0.98,#,0.065,#,0.22,5,12,#,0.097
1996,1230020,12,601,02,0,11,#,0.65,#,1.7,7,12,#,1.1,#,0.062,#,0.21,3,12,#,0.089
1996,1230020,12,601,02,0,13,#,0.55,#,1.4,4,12,#,0.92,#,0.061,#,0.18,2,12,#,0.087
1996,1230030,12,601,03,0,11,#,0.55,#,1.1,2,12,#,0.86,#,0.05,#,0.14,1,12,#,0.075
1996,1230030,12,601,03,0,13,#,0.46,#,1.1,1,12,#,0.75,#,0.062,#,0.1,2,12,#,0.076
1996,1230040,12,601,51,0,11,#,1.1,#,2,12,12,#,1.6,#,0.05,#,0.15,4,12,#,0.08
1996,1230040,12,601,51,0,13,#,0.98,#,1.8,11,12,#,1.5,#,0.04,#,0.15,3,12,#,0.083
1996,1230050,12,601,52,0,11,#,1.6,#,2.8,12,12,#,2.3,#,0.05,#,0.16,5,12,#,0.09
1996,1230050,12,601,52,0,13,#,1.3,#,2.7,12,12,#,1.9,#,0.05,#,0.17,7,12,#,0.11
1996,1230060,12,601,53,0,11,#,1.3,#,2.3,12,12,#,1.9,#,0.09,#,0.41,11,12,#,0.17
1996,1230060,12,601,53,0,13,#,1.1,#,2.2,12,12,#,1.7,#,0.07,#,0.31,7,12,#,0.14
1996,1230150,12,602,01,0,11,#,0.72,#,1.6,12,12,#,0.99,#,0.054,#,0.19,12,12,#,0.088
1996,1230150,12,602,01,0,13,#,0.66,#,1.1,12,12,#,0.9,#,0.062,#,0.15,12,12,#,0.088
1996,1230160,12,602,02,0,11,#,0.68,#,1.5,12,12,#,0.98,#,0.05,#,0.22,11,12,#,0.085
1996,1230160,12,602,02,0,13,#,0.46,#,1,9,12,#,0.81,#,0.051,#,0.14,12,12,#,0.08
1996,1230170,12,602,03,0,11,#,0.6,#,1.6,11,12,#,0.94,#,0.048,#,0.22,11,12,#,0.082
1996,1230170,12,602,03,0,13,#,0.44,#,1,8,12,#,0.74,#,0.055,#,0.1,12,12,#,0.07
1996,1230200,12,603,01,0,11,#,0.5,#,0.93,9,12,#,0.75,#,0.045,#,0.1,10,12,#,0.069
1996,1230200,12,603,01,0,13,#,0.46,#,0.82,9,12,#,0.67,#,0.041,#,0.093,8,12,#,0.065
1996,1230220,12,604,01,0,11,#,0.64,#,1.2,1,12,#,0.85,#,0.04,#,0.084,0,12,#,0.065
1996,1230220,12,604,01,0,13,#,0.46,#,0.91,0,12,#,0.69,#,0.043,#,0.091,1,12,#,0.062
1996,1230240,12,605,01,0,11,#,0.8,#,3,10,12,#,1.4,#,0.08,#,0.22,10,12,#,0.15
1996,1230240,12,605,01,0,13,#,0.58,#,2.1,3,12,#,1,#,0.066,#,0.19,9,12,#,0.12
1996,1230260,12,606,01,0,11,#,0.9,#,1.8,7,12,#,1.2,#,0.068,#,0.38,10,12,#,0.15
1996,1230260,12,606,01,0,13,#,0.87,#,1.8,8,12,#,1.2,#,0.077,#,0.37,10,12,#,0.15
1996,1230290,12,607,01,0,11,#,0.88,#,1.6,7,12,#,1.1,#,0.053,#,0.19,6,12,#,0.097
1996,1230290,12,607,01,0,13,#,0.87,#,1.4,5,12,#,1.1,#,0.057,#,0.16,5,12,#,0.09
1996,1230300,12,607,02,0,11,#,0.81,#,2.3,8,12,#,1.2,#,0.074,#,0.34,8,12,#,0.12
1996,1230300,12,607,02,0,13,#,0.77,#,1.8,7,12,#,1.1,#,0.073,#,0.26,7,12,#,0.11
1996,1230310,12,607,51,0,11,#,0.58,#,1.5,5,12,#,1.1,#,0.062,#,0.16,8,12,#,0.1
1996,1230310,12,607,51,0,13,#,0.42,#,1.2,2,12,#,0.85,#,0.057,#,0.16,6,12,#,0.099
1996,1230360,12,608,01,0,11,#,0.64,#,1.5,4,12,#,1,#,0.043,#,0.18,4,12,#,0.087
1996,1230360,12,608,01,0,13,#,0.62,#,1.2,3,12,#,0.88,#,0.042,#,0.15,5,12,#,0.082
1996,1230370,12,608,02,0,11,#,0.71,#,1.5,3,12,#,0.97,#,0.042,#,0.13,2,12,#,0.074
1996,1230370,12,608,02,0,13,#,0.47,#,0.98,0,12,#,0.75,#,0.042,#,0.11,3,12,#,0.073
1996,1230400,12,609,01,0,11,#,0.78,#,1.1,12,12,#,0.92,#,0.035,#,0.11,10,12,#,0.072
1996,1230400,12,609,01,0,13,#,0.45,#,1.1,8,12,#,0.74,#,0.05,#,0.13,11,12,#,0.081
1996,1230410,12,609,02,0,11,#,0.49,#,0.86,7,12,#,0.69,#,0.031,#,0.076,9,12,#,0.057
1996,1230410,12,609,02,0,13,#,0.41,#,0.86,5,12,#,0.61,#,0.046,#,0.081,9,12,#,0.058
1996,1230420,12,609,03,0,11,#,0.46,#,0.94,8,12,#,0.7,#,0.035,#,0.071,8,12,#,0.055
1996,1230420,12,609,03,0,13,#,0.45,#,0.81,7,12,#,0.63,#,0.043,#,0.079,8,12,#,0.057
1996,1230460,12,610,01,0,11,#,0.64,#,1,12,12,#,0.85,#,0.034,#,0.1,8,12,#,0.065
1996,1230460,12,610,01,0,13,#,0.38,#,0.93,6,12,#,0.66,#,0.048,#,0.099,11,12,#,0.065
1996,1230470,12,610,02,0,11,#,0.56,#,1,9,12,#,0.73,#,0.037,#,0.084,8,12,#,0.062
1996,1230470,12,610,02,0,13,#,0.36,#,0.76,4,12,#,0.56,#,0.042,#,0.091,9,12,#,0.059
1996,1230500,12,611,01,0,11,#,0.44,#,0.76,12,12,#,0.57,#,0.028,#,0.058,11,12,#,0.044
1996,1230500,12,611,01,0,13,#,0.33,#,0.51,12,12,#,0.44,#,0.03,#,0.055,11,12,#,0.04
1996,1230510,12,611,02,0,11,#,0.29,#,0.69,11,12,#,0.47,#,0.025,#,0.052,9,12,#,0.037
1996,1230510,12,611,02,0,13,#,0.26,#,0.53,10,12,#,0.42,#,0.025,#,0.057,7,12,#,0.035
1996,1230520,12,611,51,0,11,#,0.14,#,0.9,4,12,#,0.34,#,0.013,#,0.1,2,12,#,0.028
1996,1230520,12,611,51,0,13,#,0.15,#,0.32,3,12,#,0.23,#,0.009,#,0.027,0,12,#,0.02
1996,1230530,12,611,52,0,11,#,0.14,#,0.54,1,12,#,0.23,#,0.011,#,0.062,1,12,#,0.022
1996,1230530,12,611,52,0,13,#,0.1,#,0.3,0,12,#,0.2,#,0.01,#,0.031,1,12,#,0.019
1996,1230540,12,611,53,0,11,#,0.12,#,0.51,2,12,#,0.23,#,0.011,#,0.055,1,12,#,0.021
1996,1230540,12,611,53,0,13,#,0.11,#,0.25,0,12,#,0.18,#,0.011,#,0.029,0,12,#,0.019
1996,1230550,12,611,54,0,11,#,0.13,#,1.4,1,12,#,0.29,#,0.013,#,0.15,1,12,#,0.027
1996,1230550,12,611,54,0,13,#,0.11,#,0.29,0,12,#,0.18,#,0.01,#,0.027,0,12,#,0.017
1996,1230560,12,611,55,0,11,#,0.13,#,1.9,2,12,#,0.36,#,0.012,#,0.21,1,12,#,0.035
1996,1230560,12,611,55,0,13,#,0.13,#,0.49,1,12,#,0.21,#,0.014,#,0.056,1,12,#,0.021
1996,1230580,12,611,57,0,11,#,0.09,#,0.38,2,12,#,0.19,#,0.008,#,0.044,1,12,#,0.018
1996,1230580,12,611,57,0,13,#,0.09,#,0.24,0,12,#,0.17,#,0.009,#,0.023,0,12,#,0.016
1996,1230780,12,611,58,0,11,#,0.12,#,0.43,2,12,#,0.22,#,0.009,#,0.045,2,12,#,0.021
1996,1230780,12,611,58,0,13,#,0.1,#,0.3,0,12,#,0.19,#,0.008,#,0.026,0,12,#,0.018
1996,1330010,13,601,01,0,11,#,1.7,#,3.5,12,12,#,2.6,#,0.11,#,0.4,12,12,#,0.22
1996,1330010,13,601,01,0,13,#,0.73,#,1.7,10,12,#,1.3,#,0.066,#,0.22,7,12,#,0.13
1996,1330020,13,601,02,0,11,#,1.5,#,2.8,12,12,#,2.1,#,0.1,#,0.37,12,12,#,0.18
1996,1330020,13,601,02,0,13,#,0.7,#,1.4,8,12,#,1.1,#,0.062,#,0.26,7,12,#,0.13
1996,1330030,13,601,03,0,11,#,1.5,#,2.9,12,12,#,2.3,#,0.1,#,0.36,12,12,#,0.21
1996,1330030,13,601,03,0,13,#,0.65,#,1.3,4,12,#,0.96,#,0.06,#,0.21,5,12,#,0.11
1996,1330040,13,601,04,0,11,#,2.4,#,6.5,12,12,#,4.1,#,0.16,#,0.55,12,12,#,0.33
1996,1330040,13,601,04,0,13,#,1.6,#,2.5,12,12,#,1.9,#,0.095,#,0.21,12,12,#,0.14
1996,1330050,13,601,51,0,11,#,1.9,#,4.1,2,2,#,3,#,0.14,#,0.3,2,2,#,0.22
1996,1330050,13,601,51,0,13,#,1.8,#,2.1,2,2,#,2,#,0.15,#,0.21,2,2,#,0.18
1996,1330060,13,601,52,0,11,#,2.9,#,4.4,2,2,#,3.7,#,0.16,#,0.37,2,2,#,0.27
1996,1330060,13,601,52,0,13,#,1.3,#,1.5,2,2,#,1.4,#,0.089,#,0.22,1,2,#,0.15
1996,1330070,13,601,53,0,11,#,2,#,2.6,2,2,#,2.3,#,0.12,#,0.25,2,2,#,0.19
1996,1330070,13,601,53,0,13,#,1.4,#,2.2,2,2,#,1.8,#,0.086,#,0.21,1,2,#,0.15
1996,1330080,13,601,54,0,11,#,1.6,#,2.5,2,2,#,2.1,#,0.14,#,0.23,2,2,#,0.19
1996,1330080,13,601,54,0,13,#,1.6,#,2,2,2,#,1.8,#,0.16,#,0.22,2,2,#,0.19
1996,1330090,13,601,55,0,11,#,1.5,#,2.1,2,2,#,1.8,#,0.095,#,0.2,2,2,#,0.15
1996,1330090,13,601,55,0,13,#,1,#,1,0,2,#,1,#,0.061,#,0.14,1,2,#,0.1
1996,1330110,13,601,57,0,11,#,3.1,#,3.6,2,2,#,3.4,#,0.2,#,0.34,2,2,#,0.27
1996,1330110,13,601,57,0,13,#,1.8,#,2.7,2,2,#,2.3,#,0.12,#,0.33,2,2,#,0.23
1996,1330120,13,601,58,0,11,#,4.6,#,8.5,2,2,#,6.6,#,0.25,#,0.55,2,2,#,0.4
1996,1330130,13,601,59,0,11,#,4,#,12,12,12,#,10,#,0.2,#,0.99,12,12,#,0.61
1996,1330140,13,601,60,0,11,#,4.3,#,4.8,2,2,#,4.6,#,0.25,#,0.46,2,2,#,0.36
1996,1330150,13,601,61,0,11,#,3.4,#,9.6,12,12,#,7.9,#,0.18,#,0.7,12,12,#,0.49
1996,1330160,13,601,62,0,11,#,1.7,#,3.9,2,2,#,2.8,#,0.097,#,0.33,2,2,#,0.21
1996,1330170,13,601,63,0,11,#,4.6,#,5.2,2,2,#,4.9,#,0.29,#,0.43,2,2,#,0.36
1996,1330180,13,601,64,0,11,#,2.8,#,9.7,12,12,#,5.5,#,0.15,#,0.7,12,12,#,0.36
1996,1330190,13,601,65,0,11,#,4.8,#,7.7,2,2,#,6.3,#,0.36,#,0.45,2,2,#,0.41
1996,1330200,13,601,66,0,11,#,4.4,#,5,2,2,#,4.7,#,0.21,#,0.43,2,2,#,0.32
1996,1330210,13,601,67,0,11,#,3.6,#,4.9,2,2,#,4.3,#,0.21,#,0.38,2,2,#,0.3
1996,1330220,13,601,68,0,11,#,3.4,#,5.5,2,2,#,4.5,#,0.24,#,0.37,2,2,#,0.31
1996,1330230,13,601,69,0,11,#,1.8,#,7.7,12,12,#,4.3,#,0.1,#,0.71,12,12,#,0.31
1996,1330240,13,601,70,0,11,#,2.7,#,7.8,12,12,#,4.6,#,0.11,#,0.61,12,12,#,0.32
1996,1330250,13,601,71,0,11,#,3.1,#,4.4,2,2,#,3.8,#,0.19,#,0.39,2,2,#,0.29
1996,1330260,13,601,72,0,11,#,1.8,#,5,12,12,#,2.9,#,0.1,#,0.51,12,12,#,0.23
1996,1330270,13,601,73,0,11,#,8.4,#,9.3,2,2,#,8.9,#,0.28,#,1.7,2,2,#,0.99
1996,1330280,13,601,74,0,11,#,9,#,17,12,12,#,12,#,0.3,#,3.2,12,12,#,1.2
1996,1330290,13,601,75,0,11,#,3.5,#,9.4,12,12,#,5.5,#,0.19,#,0.79,12,12,#,0.43
1996,1330300,13,601,76,0,11,#,11,#,16,12,12,#,14,#,0.33,#,1.4,12,12,#,0.83
1996,1330310,13,601,77,0,11,#,10,#,16,2,2,#,13,#,0.38,#,0.7,2,2,#,0.54
1996,1330320,13,601,78,0,11,#,3,#,6.6,12,12,#,4.7,#,0.17,#,0.45,12,12,#,0.31
1996,1330330,13,601,79,0,11,#,4.6,#,5.1,2,2,#,4.9,#,0.25,#,0.38,2,2,#,0.32
1996,1330340,13,601,80,0,11,#,3.4,#,11,12,12,#,8.1,#,0.19,#,0.79,12,12,#,0.47
1996,1330350,13,601,81,0,11,#,5.4,#,11,12,12,#,8.4,#,0.31,#,0.86,12,12,#,0.71
1996,1330370,13,602,01,0,11,#,1.3,#,3.9,12,12,#,2.4,#,0.088,#,0.24,11,12,#,0.17
1996,1330370,13,602,01,0,13,#,0.93,#,1.5,7,12,#,1.1,#,0.058,#,0.13,6,12,#,0.093
1996,1330380,13,602,51,0,11,#,1.4,#,1.5,2,2,#,1.5,#,0.087,#,0.12,1,2,#,0.1
1996,1330380,13,602,51,0,13,#,1.1,#,1.4,2,2,#,1.3,#,0.064,#,0.12,1,2,#,0.092
1996,1330390,13,602,52,0,11,#,1,#,1,0,2,#,1,#,0.064,#,0.1,1,2,#,0.082
1996,1330390,13,602,52,0,13,#,0.97,#,1,0,2,#,0.99,#,0.062,#,0.089,0,2,#,0.076
1996,1330400,13,602,53,0,11,#,1.7,#,2.1,2,2,#,1.9,#,0.1,#,0.19,2,2,#,0.15
1996,1330400,13,602,53,0,13,#,1.4,#,1.9,2,2,#,1.7,#,0.095,#,0.17,2,2,#,0.13
1996,1330410,13,602,55,0,11,#,1.8,#,1.9,2,2,#,1.9,#,0.14,#,0.19,2,2,#,0.17
1996,1330410,13,602,55,0,13,#,1.4,#,1.4,2,2,#,1.4,#,0.092,#,0.15,2,2,#,0.12
1996,1330420,13,602,56,0,11,#,1.5,#,2.1,2,2,#,1.8,#,0.12,#,0.19,2,2,#,0.16
1996,1330420,13,602,56,0,13,#,0.81,#,0.9,0,2,#,0.86,#,0.048,#,0.12,1,2,#,0.084
1996,1330440,13,603,01,0,11,#,0.7,#,1.6,9,12,#,1.2,#,0.046,#,0.16,7,12,#,0.095
1996,1330440,13,603,01,0,13,#,0.54,#,1,0,12,#,0.79,#,0.049,#,0.15,3,12,#,0.08
1996,1330450,13,603,02,0,11,#,1.1,#,2.8,12,12,#,1.8,#,0.074,#,0.18,11,12,#,0.13
1996,1330450,13,603,02,0,13,#,0.54,#,1.1,1,12,#,0.78,#,0.046,#,0.15,4,12,#,0.084
1996,1330460,13,603,51,0,11,#,1.4,#,2.4,2,2,#,1.9,#,0.1,#,0.21,2,2,#,0.16
1996,1330460,13,603,51,0,13,#,1,#,1.1,1,2,#,1.1,#,0.068,#,0.1,1,2,#,0.084
1996,1330470,13,603,52,0,11,#,1.4,#,1.4,2,2,#,1.4,#,0.1,#,0.12,2,2,#,0.11
1996,1330470,13,603,52,0,13,#,0.91,#,0.99,0,2,#,0.95,#,0.05,#,0.091,1,2,#,0.071
1996,1330480,13,603,53,0,11,#,1.3,#,1.3,2,2,#,1.3,#,0.087,#,0.11,1,2,#,0.099
1996,1330480,13,603,53,0,13,#,0.85,#,0.89,0,2,#,0.87,#,0.053,#,0.099,1,2,#,0.076
1996,1330490,13,603,54,0,11,#,1.4,#,1.7,2,2,#,1.6,#,0.12,#,0.13,2,2,#,0.13
1996,1330490,13,603,54,0,13,#,0.85,#,1,0,2,#,0.93,#,0.063,#,0.1,1,2,#,0.082
1996,1330500,13,603,55,0,11,#,1.5,#,1.6,2,2,#,1.6,#,0.11,#,0.14,2,2,#,0.13
1996,1330500,13,603,55,0,13,#,0.92,#,0.93,0,2,#,0.93,#,0.054,#,0.085,0,2,#,0.07
1996,1330510,13,603,56,0,11,#,0.7,#,1.3,1,2,#,1,#,0.058,#,0.094,1,2,#,0.076
1996,1330510,13,603,56,0,13,#,0.76,#,1.1,1,2,#,0.93,#,0.078,#,0.087,0,2,#,0.083
1996,1330520,13,603,57,0,11,#,1.6,#,2.1,2,2,#,1.9,#,0.12,#,0.19,2,2,#,0.16
1996,1330520,13,603,57,0,13,#,0.95,#,1,0,2,#,0.98,#,0.063,#,0.12,1,2,#,0.092
1996,1330530,13,603,58,0,11,#,1.3,#,1.6,2,2,#,1.5,#,0.093,#,0.14,2,2,#,0.12
1996,1330530,13,603,58,0,13,#,0.78,#,0.81,0,2,#,0.8,#,0.05,#,0.1,1,2,#,0.075
1996,1330540,13,603,59,0,11,#,1.2,#,1.2,2,2,#,1.2,#,0.084,#,0.088,0,2,#,0.086
1996,1330540,13,603,59,0,13,#,0.73,#,0.83,0,2,#,0.78,#,0.047,#,0.11,1,2,#,0.079
1996,1330560,13,603,61,0,11,#,1.3,#,2,2,2,#,1.7,#,0.13,#,0.18,2,2,#,0.16
1996,1330560,13,603,61,0,13,#,0.69,#,0.93,0,2,#,0.81,#,0.049,#,0.12,1,2,#,0.085
1996,1330570,13,603,62,0,11,#,1.5,#,1.8,2,2,#,1.7,#,0.13,#,0.17,2,2,#,0.15
1996,1330570,13,603,62,0,13,#,0.68,#,0.72,0,2,#,0.7,#,0.048,#,0.11,1,2,#,0.079
1996,1330580,13,603,63,0,11,#,1.5,#,2.7,2,2,#,2.1,#,0.14,#,0.22,2,2,#,0.18
1996,1330580,13,603,63,0,13,#,0.63,#,0.71,0,2,#,0.67,#,0.046,#,0.12,1,2,#,0.083
1996,1330590,13,603,64,0,11,#,1.2,#,1.8,2,2,#,1.5,#,0.1,#,0.24,2,2,#,0.17
1996,1330590,13,603,64,0,13,#,0.65,#,0.68,0,2,#,0.67,#,0.048,#,0.097,1,2,#,0.073
1996,1330600,13,604,01,0,11,#,0.84,#,1.5,4,12,#,1.1,#,0.04,#,0.14,3,12,#,0.08
1996,1330600,13,604,01,0,13,#,0.37,#,0.93,0,12,#,0.6,#,0.042,#,0.14,2,12,#,0.066
1996,1430010,14,601,01,0,11,#,1.2,#,1.8,12,12,#,1.4,#,0.073,#,0.19,9,12,#,0.11
1996,1430010,14,601,01,0,13,#,0.56,#,0.94,0,12,#,0.78,#,0.046,#,0.15,5,12,#,0.089
1996,1430020,14,601,02,0,11,#,0.83,#,1.5,9,12,#,1.2,#,0.053,#,0.15,6,12,#,0.094
1996,1430020,14,601,02,0,13,#,0.49,#,0.93,0,12,#,0.71,#,0.039,#,0.13,4,12,#,0.076
1996,1430030,14,601,03,0,11,#,1.2,#,2.2,12,12,#,1.6,#,0.086,#,0.19,11,12,#,0.14
1996,1430030,14,601,03,0,13,#,0.63,#,1,0,12,#,0.86,#,0.054,#,0.14,3,12,#,0.085
1996,1430040,14,601,04,0,11,#,1.6,#,7,12,12,#,3.7,#,0.11,#,0.59,12,12,#,0.28
1996,1430040,14,601,04,0,13,#,0.81,#,1.6,8,12,#,1.2,#,0.059,#,0.18,6,12,#,0.1
1996,1430050,14,601,05,0,11,#,1,#,1.9,10,12,#,1.4,#,0.068,#,0.18,9,12,#,0.13
1996,1430050,14,601,05,0,13,#,0.73,#,1,0,12,#,0.88,#,0.053,#,0.14,4,12,#,0.085
1996,1430220,14,601,51,0,11,#,0.99,#,1.6,11,12,#,1.4,#,0.069,#,0.18,8,12,#,0.11
1996,1430220,14,601,51,0,13,#,0.56,#,1.1,1,12,#,0.81,#,0.053,#,0.12,4,12,#,0.085
1996,1430060,14,602,01,0,11,#,0.6,#,1.1,2,12,#,0.88,#,0.048,#,0.091,1,12,#,0.075
1996,1430060,14,602,01,0,13,#,0.54,#,0.86,0,12,#,0.67,#,0.037,#,0.082,0,12,#,0.06
1996,1430070,14,603,01,0,11,#,0.3,#,0.98,0,12,#,0.67,#,0.036,#,0.085,0,12,#,0.057
1996,1430070,14,603,01,0,13,#,0.28,#,0.93,0,12,#,0.62,#,0.036,#,0.089,0,12,#,0.059
1996,1430080,14,604,01,0,11,#,0.86,#,2,10,12,#,1.4,#,0.047,#,0.16,8,12,#,0.1
1996,1430080,14,604,01,0,13,#,0.41,#,1.2,1,12,#,0.63,#,0.041,#,0.15,2,12,#,0.072
1996,1430090,14,605,01,0,11,#,0.74,#,2.6,12,12,#,1,#,0.047,#,0.14,11,12,#,0.093
1996,1430090,14,605,01,0,13,#,0.61,#,1.9,12,12,#,0.88,#,0.05,#,0.13,11,12,#,0.08
1996,1430100,14,606,01,0,11,#,0.78,#,1.9,8,12,#,1.2,#,0.062,#,0.14,8,12,#,0.095
1996,1430100,14,606,01,0,13,#,0.38,#,0.99,0,12,#,0.58,#,0.039,#,0.15,1,12,#,0.067
1996,1430110,14,606,02,0,11,#,0.79,#,1.3,8,12,#,1.1,#,0.047,#,0.12,6,12,#,0.087
1996,1430110,14,606,02,0,13,#,0.42,#,0.88,0,12,#,0.58,#,0.038,#,0.13,4,12,#,0.069
1996,1430120,14,606,03,0,11,#,0.63,#,1.3,7,12,#,1,#,0.05,#,0.13,4,12,#,0.083
1996,1430120,14,606,03,0,13,#,0.3,#,0.66,0,12,#,0.46,#,0.037,#,0.082,0,12,#,0.054
1996,1430130,14,606,04,0,11,#,0.53,#,1.1,1,12,#,0.77,#,0.04,#,0.1,1,12,#,0.064
1996,1430130,14,606,04,0,13,#,0.42,#,0.7,0,12,#,0.62,#,0.028,#,0.077,0,12,#,0.052
1996,1430140,14,606,51,0,11,#,0.45,#,1.1,10,12,#,0.83,#,0.04,#,0.11,11,12,#,0.074
1996,1430140,14,606,51,0,13,#,0.32,#,0.74,5,12,#,0.56,#,0.038,#,0.075,6,12,#,0.052
1996,1430150,14,607,01,0,11,#,0.37,#,1.1,7,12,#,0.66,#,0.031,#,0.13,7,12,#,0.057
1996,1430150,14,607,01,0,13,#,0.24,#,0.6,0,12,#,0.47,#,0.025,#,0.063,2,12,#,0.041
1996,1430160,14,608,01,0,11,#,0.36,#,0.69,12,12,#,0.5,#,0.028,#,0.059,11,12,#,0.042
1996,1430160,14,608,01,0,13,#,0.27,#,0.53,11,12,#,0.41,#,0.026,#,0.049,11,12,#,0.039
1996,1430170,14,609,01,0,11,#,0.36,#,1,12,12,#,0.57,#,0.035,#,0.12,12,12,#,0.059
1996,1430170,14,609,01,0,13,#,0.35,#,0.6,12,12,#,0.49,#,0.033,#,0.057,12,12,#,0.047
1996,1430180,14,610,01,0,11,#,0.57,#,2.1,11,12,#,0.9,#,0.034,#,0.26,8,12,#,0.076
1996,1430180,14,610,01,0,13,#,0.28,#,0.69,1,12,#,0.43,#,0.035,#,0.099,4,12,#,0.047
1996,1430190,14,610,02,0,11,#,0.44,#,1.1,8,12,#,0.69,#,0.028,#,0.1,7,12,#,0.054
1996,1430190,14,610,02,0,13,#,0.25,#,0.48,0,12,#,0.38,#,0.029,#,0.066,1,12,#,0.038
1996,1430200,14,611,01,0,11,#,0.44,#,0.81,12,12,#,0.54,#,0.027,#,0.067,11,12,#,0.046
1996,1430200,14,611,01,0,13,#,0.24,#,0.52,9,12,#,0.37,#,0.023,#,0.05,6,12,#,0.032
1996,1430210,14,611,02,0,11,#,0.32,#,0.92,12,12,#,0.5,#,0.023,#,0.085,8,12,#,0.044
1996,1430210,14,611,02,0,13,#,0.18,#,0.39,4,12,#,0.28,#,0.019,#,0.038,3,12,#,0.027
1996,1430440,14,611,51,0,11,#,0.13,#,0.47,3,12,#,0.25,#,0.01,#,0.034,3,12,#,0.022
1996,1430440,14,611,51,0,13,#,0.13,#,0.35,3,12,#,0.24,#,0.014,#,0.032,1,12,#,0.022
1996,1620010,16,501,01,0,11,#,0.11,#,0.21,999,6,#,0.15,#,0.004,#,0.016,2,6,#,0.008
1996,1620020,16,501,51,0,11,#,0.13,#,0.15,999,4,#,0.14,#,0.005,#,0.015,2,4,#,0.009
1996,1620030,16,502,01,0,11,#,0.09,#,0.25,999,6,#,0.14,#,0.006,#,0.017,2,6,#,0.011
1996,1620040,16,502,51,0,11,#,0.12,#,0.22,999,4,#,0.17,#,0.007,#,0.021,2,4,#,0.012
1996,1720010,17,501,01,0,11,#,1,#,5.3,12,12,#,1.8,#,0.078,#,0.31,12,12,#,0.14
1996,1720030,17,502,01,0,11,#,0.82,#,1.7,12,12,#,1,#,0.038,#,0.15,9,12,#,0.084
1996,1720040,17,502,51,0,11,#,0.71,#,1.4,12,12,#,0.95,#,0.049,#,0.11,11,12,#,0.078
1996,1720050,17,502,52,0,11,#,0.73,#,1.4,12,12,#,0.97,#,0.052,#,0.12,12,12,#,0.079
1996,1720080,17,503,51,0,11,#,0.34,#,0.89,9,12,#,0.72,#,0.03,#,0.14,8,12,#,0.073
1996,1720090,17,504,01,0,11,#,0.83,#,1.5,12,12,#,1.1,#,0.052,#,0.17,12,12,#,0.11
1996,1720100,17,504,51,0,11,#,1.1,#,2.9,12,12,#,1.9,#,0.11,#,0.38,12,12,#,0.17
1996,1720110,17,504,52,0,11,#,0.66,#,1.4,12,12,#,0.98,#,0.042,#,0.14,11,12,#,0.089
1996,1730110,17,604,01,0,11,#,0.07,#,0.21,0,7,#,0.13,#,0.008,#,0.024,0,7,#,0.016
1996,1730140,17,605,01,0,11,#,0.17,#,0.78,1,7,#,0.4,#,0.022,#,0.16,4,7,#,0.083
1996,1730150,17,605,02,0,11,#,0.1,#,0.23,0,7,#,0.16,#,0.018,#,0.029,0,7,#,0.023
1996,1730160,17,605,03,0,11,#,0.07,#,0.15,0,7,#,0.11,#,0.01,#,0.03,0,7,#,0.019
1996,1820030,18,501,01,0,11,#,0.54,#,1,7,10,#,0.75,#,0.034,#,0.1,8,10,#,0.071
1996,1820030,18,501,01,0,13,#,0.56,#,1.1,8,10,#,0.81,#,0.036,#,0.14,8,10,#,0.075
1996,1820040,18,501,51,0,11,#,0.54,#,1,8,10,#,0.77,#,0.034,#,0.1,8,10,#,0.071
1996,1820050,18,502,01,0,11,#,0.51,#,1,9,10,#,0.78,#,0.029,#,0.11,6,10,#,0.068
1996,1820060,18,502,02,0,11,#,0.56,#,1,9,10,#,0.87,#,0.026,#,0.13,8,10,#,0.073
1996,1820060,18,502,02,0,13,#,0.78,#,1.1,10,10,#,0.91,#,0.031,#,0.13,9,10,#,0.082
1996,1820070,18,502,03,0,11,#,1.1,#,2.3,10,10,#,1.6,#,0.036,#,0.15,8,10,#,0.084
1996,1820070,18,502,03,0,13,#,1.2,#,2.3,10,10,#,1.6,#,0.036,#,0.15,8,10,#,0.09
1996,1820080,18,502,04,0,11,#,0.36,#,3.6,9,10,#,2,#,0.026,#,0.17,8,10,#,0.094
1996,1820090,18,502,51,0,11,#,0.61,#,1.1,10,10,#,0.9,#,0.028,#,0.14,8,10,#,0.077
1996,1820100,18,502,52,0,11,#,0.79,#,1.6,10,10,#,1.1,#,0.03,#,0.14,9,10,#,0.082
1996,1820150,18,504,01,0,11,#,0.35,#,0.64,1,10,#,0.47,#,0.019,#,0.069,1,10,#,0.039
1996,1820150,18,504,01,0,13,#,0.28,#,0.72,2,10,#,0.48,#,0.028,#,0.058,2,10,#,0.041
1996,1820160,18,504,02,0,11,#,0.36,#,0.78,1,10,#,0.49,#,0.024,#,0.079,1,10,#,0.04
1996,1820160,18,504,02,0,13,#,0.33,#,1.1,2,10,#,0.53,#,0.03,#,0.08,2,10,#,0.044
1996,1820170,18,504,03,0,11,#,0.36,#,0.9,5,10,#,0.59,#,0.028,#,0.1,2,10,#,0.049
1996,1820170,18,504,03,0,13,#,0.39,#,0.73,3,10,#,0.51,#,0.03,#,0.074,1,10,#,0.04
1996,1820180,18,504,04,0,11,#,0.36,#,0.78,3,10,#,0.51,#,0.018,#,0.081,2,10,#,0.039
1996,1820180,18,504,04,0,13,#,0.35,#,0.77,3,10,#,0.53,#,0.025,#,0.074,1,10,#,0.04
1996,1820190,18,504,05,0,11,#,0.39,#,1.2,3,10,#,0.57,#,0.025,#,0.085,3,10,#,0.044
1996,1820190,18,504,05,0,13,#,0.36,#,0.76,3,10,#,0.51,#,0.028,#,0.11,2,10,#,0.044
1996,1820200,18,504,06,0,11,#,0.58,#,1.3,9,10,#,0.92,#,0.028,#,0.17,7,10,#,0.091
1996,1820200,18,504,06,0,13,#,0.56,#,1.2,8,10,#,0.94,#,0.03,#,0.19,9,10,#,0.099
1996,1820210,18,504,07,0,11,#,0.63,#,1.2,10,10,#,0.94,#,0.035,#,0.16,8,10,#,0.093
1996,1820210,18,504,07,0,13,#,0.59,#,1.3,9,10,#,0.95,#,0.034,#,0.2,8,10,#,0.1
1996,2020010,20,501,01,0,11,#,0.73,#,1.6,12,12,#,1,#,0.037,#,0.16,9,12,#,0.093
1996,2020010,20,501,01,0,13,#,0.73,#,0.98,4,4,#,0.84,#,0.035,#,0.18,3,4,#,0.095
1996,2020020,20,501,02,0,11,#,0.72,#,2.4,12,12,#,1.2,#,0.036,#,0.2,10,12,#,0.11
1996,2020020,20,501,02,0,13,#,0.72,#,1,4,4,#,0.88,#,0.036,#,0.21,3,4,#,0.1
1996,2020030,20,501,03,0,11,#,0.66,#,1.3,12,12,#,0.93,#,0.027,#,0.16,9,12,#,0.08
1996,2020030,20,501,03,0,13,#,0.76,#,0.99,4,4,#,0.88,#,0.038,#,0.19,3,4,#,0.093
1996,2020160,20,511,01,0,11,<,0.05,#,0.17,999,12,#,0.11,<,0.003,#,0.011,2,11,#,0.005
1996,2020170,20,512,01,0,11,<,0.05,#,0.28,999,12,#,0.17,<,0.003,#,0.015,3,11,#,0.008
1996,2020180,20,513,01,0,11,#,0.04,#,0.22,999,12,#,0.12,<,0.003,#,0.013,2,11,#,0.007
1996,2020210,20,513,51,0,11,#,0.08,#,0.22,999,8,#,0.14,<,0.003,#,0.009,0,7,#,0.006
1996,2020210,20,513,51,0,13,#,0.08,#,0.68,999,8,#,0.39,#,0.003,#,0.036,4,8,#,0.014
1996,2020190,20,514,01,0,11,<,0.05,#,0.25,999,12,#,0.11,<,0.003,#,0.008,2,12,#,0.004
1996,2020190,20,514,01,0,13,<,0.05,#,0.27,999,12,#,0.13,<,0.003,#,0.008,4,12,#,0.005
1996,2020230,20,514,02,0,11,<,0.05,#,0.9,999,12,#,0.2,<,0.003,#,0.008,2,12,#,0.004
1996,2020230,20,514,02,0,13,#,0.15,#,0.35,999,12,#,0.22,<,0.003,#,0.006,1,12,#,0.004
1996,2020200,20,514,51,0,11,#,0.12,#,0.41,999,12,#,0.2,<,0.003,#,0.022,6,12,#,0.007
1996,2330010,23,601,01,0,11,#,0.36,#,2.1,7,12,#,1.2,#,0.072,#,0.33,10,12,#,0.19
1996,2330020,23,602,01,0,11,#,1,#,1.8,11,12,#,1.4,#,0.063,#,0.3,9,12,#,0.15
1996,2330030,23,602,02,0,11,#,0.54,#,1.4,5,12,#,0.97,#,0.049,#,0.19,8,12,#,0.12
1996,2330040,23,602,03,0,11,#,0.34,#,0.88,0,12,#,0.56,#,0.023,#,0.1,1,12,#,0.07
1996,2330050,23,602,51,0,11,#,0.12,#,1.8,3,12,#,0.95,#,0.051,#,0.21,9,12,#,0.13
1996,2330300,23,602,52,0,11,#,1,#,2.5,11,12,#,1.6,#,0.089,#,0.22,10,12,#,0.14
1996,2330310,23,602,53,0,11,#,0.9,#,1.6,5,6,#,1.3,#,0.062,#,0.24,4,6,#,0.14
1996,2330320,23,602,54,0,11,#,0.45,#,1.3,2,6,#,0.96,#,0.043,#,0.16,3,6,#,0.099
1996,2330330,23,602,55,0,11,#,0.32,#,0.93,0,6,#,0.64,#,0.034,#,0.6,4,6,#,0.17
1996,2330340,23,602,56,0,11,#,0.4,#,0.88,0,6,#,0.68,#,0.02,#,0.35,4,6,#,0.12
1996,2330060,23,603,01,0,11,#,0.19,#,0.8,0,12,#,0.52,#,0.04,#,0.081,0,12,#,0.06
1996,2330070,23,604,01,0,11,#,0.28,#,0.52,10,12,#,0.41,#,0.017,#,0.09,10,12,#,0.052
1996,2330350,23,604,51,0,11,#,0.19,#,0.59,6,12,#,0.35,#,0.02,#,0.08,9,12,#,0.044
1996,2330080,23,605,01,0,11,#,0.15,#,0.52,0,12,#,0.28,#,0.01,#,0.078,2,12,#,0.039
1996,2330090,23,605,02,0,11,#,0.24,#,0.5,9,12,#,0.36,#,0.019,#,0.085,8,12,#,0.044
1996,2330100,23,605,03,0,11,#,0.14,#,0.41,2,12,#,0.27,#,0.017,#,0.046,6,12,#,0.031
1996,2330100,23,605,03,0,13,#,0.2,#,0.41,6,12,#,0.29,#,0.023,#,0.13,10,12,#,0.062
1996,2330110,23,605,04,0,11,#,0.14,#,0.4,5,12,#,0.29,#,0.023,#,0.11,6,12,#,0.037
1996,2330380,23,605,51,0,11,#,0.14,#,0.47,3,12,#,0.28,#,0.02,#,0.057,5,12,#,0.033
1996,2330120,23,606,01,0,11,#,0.28,#,0.65,1,12,#,0.43,#,0.033,#,0.078,7,12,#,0.056
1996,2330130,23,606,02,0,11,#,0.38,#,0.69,3,12,#,0.52,#,0.037,#,0.12,8,12,#,0.069
1996,2330140,23,607,01,0,11,#,0.83,#,4.6,12,12,#,1.9,#,0.057,#,0.35,12,12,#,0.19
1996,2330140,23,607,01,0,12,#,0.47,#,1.1,9,12,#,0.78,#,0.057,#,0.17,12,12,#,0.088
1996,2330150,23,607,02,0,11,#,0.41,#,0.77,3,12,#,0.55,#,0.035,#,0.11,11,12,#,0.071
1996,2330160,23,607,51,0,11,#,0.44,#,1.1,8,12,#,0.86,#,0.06,#,0.29,12,12,#,0.13
1996,2330160,23,607,51,0,12,#,0.42,#,1,6,12,#,0.66,#,0.054,#,0.16,12,12,#,0.087
1996,2330170,23,607,52,0,11,#,0.31,#,0.87,3,12,#,0.55,#,0.034,#,0.097,7,12,#,0.059
1996,2330170,23,607,52,0,12,#,0.45,#,0.77,3,12,#,0.58,#,0.037,#,0.15,10,12,#,0.073
1996,2330180,23,608,01,0,11,#,0.23,#,0.6,0,12,#,0.39,#,0.03,#,0.067,3,12,#,0.046
1996,2330180,23,608,01,0,13,<,0.05,#,0.52,0,12,#,0.35,<,0.003,#,0.087,8,12,#,0.052
1996,2330190,23,608,02,0,11,#,0.26,#,0.54,0,12,#,0.41,<,0.003,#,0.1,7,12,#,0.054
1996,2330200,23,608,51,0,11,#,0.34,#,0.76,2,12,#,0.49,#,0.033,#,0.093,9,12,#,0.061
1996,2330200,23,608,51,0,13,#,0.34,#,0.56,0,6,#,0.43,#,0.037,#,0.1,5,6,#,0.072
1996,2330360,23,608,52,0,11,#,0.35,#,0.99,3,12,#,0.55,#,0.037,#,0.14,10,12,#,0.074
1996,2330360,23,608,52,0,12,#,0.43,#,0.78,5,12,#,0.59,#,0.036,#,0.12,7,12,#,0.064
1996,2330210,23,609,01,0,11,#,0.2,#,0.45,9,12,#,0.34,#,0.026,#,0.068,11,12,#,0.043
1996,2330220,23,609,02,0,11,#,0.16,#,0.39,6,12,#,0.3,#,0.023,#,0.059,9,12,#,0.037
1996,2330220,23,609,02,0,13,#,0.28,#,0.45,4,6,#,0.35,#,0.031,#,0.1,6,6,#,0.061
1996,2330230,23,609,03,0,11,#,0.21,#,0.41,8,12,#,0.32,#,0.021,#,0.064,8,12,#,0.04
1996,2330230,23,609,03,0,13,#,0.26,#,0.57,4,6,#,0.36,#,0.035,#,0.14,6,6,#,0.064
1996,2330370,23,609,51,0,11,#,0.2,#,0.45,10,12,#,0.34,#,0.02,#,0.064,9,12,#,0.039
1996,2330240,23,610,01,0,11,#,0.56,#,1.5,6,12,#,1.1,#,0.07,#,0.31,10,12,#,0.16
1996,2330250,23,610,02,0,11,#,0.36,#,0.99,0,12,#,0.63,#,0.046,#,0.18,5,12,#,0.095
1996,2330260,23,611,01,0,11,#,0.24,#,0.51,10,12,#,0.35,#,0.03,#,0.081,11,12,#,0.052
1996,2330270,23,611,02,0,11,#,0.25,#,0.44,6,12,#,0.32,#,0.024,#,0.073,9,12,#,0.043
1996,2330270,23,611,02,0,13,#,0.14,#,0.41,3,12,#,0.28,#,0.024,#,0.079,9,12,#,0.046
1996,2330280,23,611,03,0,11,#,0.22,#,0.45,6,12,#,0.32,#,0.024,#,0.08,9,12,#,0.044
1996,2330290,23,611,51,0,11,#,0.21,#,0.79,10,12,#,0.4,#,0.03,#,0.11,11,12,#,0.059
1996,2330390,23,611,52,0,11,#,0.21,#,0.41,8,12,#,0.32,#,0.024,#,0.064,10,12,#,0.04
1996,2430010,24,601,01,0,11,#,0.22,#,0.74,0,12,#,0.49,#,0.023,#,0.1,1,12,#,0.052
1996,2430220,24,601,53,0,11,#,0.38,#,0.47,0,2,#,0.43,#,0.03,#,0.16,1,2,#,0.095
1996,2430230,24,601,54,0,11,#,0.23,#,1.3,1,2,#,0.77,#,0.09,#,0.14,1,2,#,0.12
1996,2430250,24,601,56,0,11,#,0.16,#,0.7,0,6,#,0.45,#,0.03,#,0.09,0,6,#,0.05
1996,2430270,24,601,58,0,11,#,0.36,#,0.48,0,2,#,0.42,#,0.11,#,0.16,2,2,#,0.14
1996,2430480,24,601,71,0,11,#,0.4,#,1.4,3,12,#,0.78,#,0.029,#,0.14,4,12,#,0.071
1996,2430470,24,601,92,0,11,#,0.33,#,1,0,6,#,0.65,#,0.06,#,0.16,4,6,#,0.11
1996,2430030,24,603,01,0,11,#,0.27,#,0.79,4,12,#,0.48,#,0.025,#,0.096,5,12,#,0.051
1996,2430040,24,603,02,0,11,#,0.24,#,2.1,5,12,#,0.58,#,0.017,#,0.1,4,12,#,0.047
1996,2430420,24,603,55,0,11,#,0.23,#,0.56,0,6,#,0.4,#,0.03,#,0.1,4,6,#,0.058
1996,2430450,24,603,56,0,11,#,0.1,#,0.54,0,6,#,0.37,#,0.04,#,0.12,4,6,#,0.07
1996,2430050,24,604,01,0,11,#,0.26,#,0.82,3,12,#,0.54,#,0.024,#,0.1,4,12,#,0.045
1996,2430430,24,604,53,0,11,#,0.09,#,0.44,0,6,#,0.3,#,0.03,#,0.09,1,6,#,0.047
1996,2430440,24,604,54,0,11,#,0.15,#,0.49,0,6,#,0.33,#,0.03,#,0.07,2,6,#,0.048
1996,2430060,24,605,01,0,11,#,0.15,#,0.83,6,12,#,0.36,#,0.009,#,0.063,8,12,#,0.037
1996,2430070,24,605,02,0,11,#,0.23,#,0.95,5,12,#,0.35,#,0.011,#,0.044,6,12,#,0.031
1996,2430080,24,605,03,0,11,#,0.25,#,0.89,9,12,#,0.42,#,0.016,#,0.081,8,12,#,0.04
1996,2430090,24,606,01,0,11,#,0.18,#,0.59,4,12,#,0.32,#,0.011,#,0.05,5,12,#,0.029
1996,2430100,24,607,01,0,11,<,0.05,#,0.39,5,12,#,0.2,#,0.011,#,0.024,3,12,#,0.017
1996,2430110,24,607,02,0,11,<,0.05,#,0.41,4,12,#,0.2,#,0.006,#,0.028,4,12,#,0.018
1996,2430150,24,610,51,0,11,#,0.09,#,0.24,0,5,#,0.19,#,0.021,#,0.035,1,5,#,0.025
1996,2430160,24,610,52,0,11,#,0.08,#,0.27,0,5,#,0.19,#,0.017,#,0.027,0,5,#,0.022
1996,2430170,24,610,53,0,11,<,0.05,#,0.26,0,5,#,0.18,#,0.017,#,0.03,0,5,#,0.023
1996,2430490,24,610,54,0,11,#,0.07,#,0.66,2,12,#,0.27,#,0.012,#,0.043,1,12,#,0.025
1996,2430500,24,610,55,0,11,#,0.21,#,0.61,7,12,#,0.32,#,0.014,#,0.05,2,12,#,0.027
1996,2520010,25,501,01,0,11,#,0.23,#,0.41,12,12,#,0.3,#,0.005,#,0.01,0,12,#,0.007
1996,2520020,25,501,02,0,11,#,0.24,#,0.4,12,12,#,0.32,#,0.007,#,0.014,6,12,#,0.01
1996,2520030,25,501,03,0,11,#,0.22,#,0.44,12,12,#,0.31,#,0.004,#,0.009,0,12,#,0.007
1996,2520040,25,501,04,0,11,#,0.21,#,0.52,12,12,#,0.32,#,0.005,#,0.02,3,12,#,0.01
1996,2520050,25,501,51,0,11,#,0.27,#,0.43,12,12,#,0.33,#,0.004,#,0.008,0,12,#,0.005
1996,2520060,25,501,52,0,11,#,0.27,#,0.38,12,12,#,0.33,#,0.004,#,0.007,0,12,#,0.005
1996,2520070,25,501,53,0,11,#,0.26,#,0.39,12,12,#,0.32,#,0.003,#,0.008,0,12,#,0.005
1996,2520080,25,501,54,0,11,#,0.24,#,0.38,12,12,#,0.29,#,0.005,#,0.009,0,12,#,0.006
1996,2520090,25,501,55,0,11,#,0.27,#,0.42,12,12,#,0.33,#,0.003,#,0.007,0,12,#,0.005
1996,2520100,25,501,56,0,11,#,0.26,#,0.4,12,12,#,0.34,#,0.003,#,0.014,1,12,#,0.006
1996,2520110,25,501,57,0,11,#,0.27,#,0.37,12,12,#,0.32,#,0.003,#,0.006,0,12,#,0.005
1996,2520120,25,501,58,0,11,#,0.25,#,0.41,12,12,#,0.34,#,0.004,#,0.01,0,12,#,0.007
1996,2520130,25,501,59,0,11,#,0.27,#,0.43,12,12,#,0.34,#,0.003,#,0.01,0,12,#,0.007
1996,2520140,25,501,60,0,11,#,0.21,#,0.38,12,12,#,0.3,#,0.003,#,0.009,0,12,#,0.006
1996,2520150,25,501,61,0,11,#,0.25,#,0.5,12,12,#,0.36,#,0.004,#,0.025,1,12,#,0.009
1996,2520160,25,501,62,0,11,#,0.27,#,0.43,12,12,#,0.34,#,0.003,#,0.01,0,12,#,0.006
1996,2520170,25,501,63,0,11,#,0.25,#,0.37,12,12,#,0.32,#,0.002,#,0.014,1,12,#,0.006
1996,2520180,25,501,64,0,11,#,0.26,#,0.47,12,12,#,0.35,#,0.005,#,0.018,5,12,#,0.009
1996,2520190,25,501,65,0,11,#,0.26,#,0.5,12,12,#,0.34,#,0.003,#,0.008,0,12,#,0.005
1996,2520200,25,501,66,0,11,#,0.25,#,0.4,12,12,#,0.34,#,0.003,#,0.01,0,12,#,0.006
1996,2520210,25,501,67,0,11,#,0.23,#,0.41,12,12,#,0.31,#,0.004,#,0.009,0,12,#,0.006
1996,2520220,25,501,68,0,11,#,0.25,#,0.47,12,12,#,0.37,#,0.004,#,0.016,3,12,#,0.008
1996,2520230,25,501,69,0,11,#,0.24,#,0.44,12,12,#,0.34,#,0.003,#,0.011,1,12,#,0.005
1996,2520240,25,501,70,0,11,#,0.25,#,0.51,12,12,#,0.35,#,0.004,#,0.01,0,12,#,0.006
1996,2520250,25,501,71,0,11,#,0.25,#,0.62,12,12,#,0.41,#,0.004,#,0.021,6,12,#,0.011
1996,2520260,25,501,72,0,11,#,0.24,#,0.42,12,12,#,0.34,#,0.004,#,0.01,0,12,#,0.006
1996,2520270,25,501,73,0,11,#,0.24,#,0.42,12,12,#,0.34,#,0.004,#,0.01,0,12,#,0.006
1996,2520280,25,501,74,0,11,#,0.25,#,0.83,12,12,#,0.44,#,0.004,#,0.034,4,12,#,0.012
1996,2520350,25,502,01,0,11,#,0.23,#,0.45,12,12,#,0.32,#,0.006,#,0.018,6,12,#,0.01
1996,2520360,25,502,02,0,11,#,0.29,#,0.73,12,12,#,0.45,#,0.01,#,0.03,11,12,#,0.016
1996,2520370,25,502,03,0,11,#,0.28,#,0.59,12,12,#,0.39,#,0.007,#,0.035,9,12,#,0.018
1996,2520580,25,502,05,0,11,#,0.24,#,0.66,12,12,#,0.44,#,0.009,#,0.041,11,12,#,0.026
1996,2520390,25,502,51,0,11,#,0.23,#,0.56,12,12,#,0.39,#,0.008,#,0.032,8,12,#,0.015
1996,2520400,25,502,52,0,11,#,0.26,#,0.58,12,12,#,0.4,#,0.006,#,0.049,7,12,#,0.016
1996,2520410,25,502,53,0,11,#,0.24,#,0.56,12,12,#,0.4,#,0.008,#,0.032,7,12,#,0.015
1996,2520420,25,502,54,0,11,#,0.27,#,0.67,12,12,#,0.41,#,0.008,#,0.037,9,12,#,0.015
1996,2520430,25,502,55,0,11,#,0.3,#,0.6,12,12,#,0.42,#,0.007,#,0.037,10,12,#,0.018
1996,2520440,25,502,56,0,11,#,0.27,#,0.57,12,12,#,0.43,#,0.006,#,0.032,9,12,#,0.019
1996,2520450,25,502,57,0,11,#,0.34,#,0.61,12,12,#,0.45,#,0.017,#,0.037,12,12,#,0.024
1996,2520460,25,502,58,0,11,#,0.29,#,0.61,12,12,#,0.44,#,0.012,#,0.024,12,12,#,0.018
1996,2520470,25,502,59,0,11,#,0.4,#,1,12,12,#,0.52,#,0.02,#,0.041,12,12,#,0.029
1996,2520480,25,502,60,0,11,#,0.26,#,0.57,12,12,#,0.42,#,0.009,#,0.023,11,12,#,0.016
1996,2520490,25,502,61,0,11,#,0.26,#,0.57,12,12,#,0.4,#,0.009,#,0.037,10,12,#,0.017
1996,2520500,25,502,62,0,11,#,0.25,#,0.61,12,12,#,0.45,#,0.009,#,0.037,11,12,#,0.02
1996,2520510,25,502,63,0,11,#,0.26,#,0.54,12,12,#,0.4,#,0.009,#,0.029,11,12,#,0.016
1996,2520520,25,502,64,0,11,#,0.28,#,0.68,12,12,#,0.48,#,0.008,#,0.021,11,12,#,0.015
1996,2520530,25,502,65,0,11,#,0.25,#,0.52,12,12,#,0.4,#,0.007,#,0.022,10,12,#,0.014
1996,2630010,26,601,01,0,11,#,0.14,#,0.34,2,6,#,0.27,#,0.007,#,0.02,0,6,#,0.013
1996,2630020,26,601,02,0,11,#,0.07,#,0.31,1,6,#,0.23,#,0.007,#,0.03,0,6,#,0.014
1996,2630080,26,602,01,0,11,#,0.09,#,0.38,3,6,#,0.28,#,0.006,#,0.021,0,6,#,0.011
1996,2630090,26,602,02,0,11,#,0.11,#,0.32,2,6,#,0.26,#,0.005,#,0.043,1,6,#,0.016
1996,2630140,26,603,01,0,11,<,0.05,#,0.21,0,6,#,0.14,#,0.004,#,0.013,0,6,#,0.008
1996,2630150,26,603,02,0,11,<,0.05,#,0.27,0,6,#,0.16,#,0.006,#,0.03,0,6,#,0.013
1996,2630180,26,604,01,0,11,#,0.3,#,0.53,5,6,#,0.4,#,0.022,#,0.18,5,6,#,0.086
1996,2630190,26,604,02,0,11,#,0.32,#,1.1,6,6,#,0.54,#,0.021,#,0.52,4,6,#,0.18
1996,2630200,26,604,03,0,11,#,0.22,#,1.1,5,6,#,0.49,#,0.027,#,0.45,5,6,#,0.12
1996,2630210,26,604,51,0,11,#,0.26,#,0.81,5,6,#,0.44,#,0.025,#,0.4,4,6,#,0.14
1996,2630210,26,604,51,0,13,#,0.81,#,0.81,1,1,#,0.81,#,0.4,#,0.4,1,1,#,0.4
1996,2630370,26,607,01,0,11,#,0.18,#,1.2,2,6,#,0.42,#,0.009,#,0.11,4,6,#,0.06
1996,2630380,26,607,02,0,11,#,0.28,#,0.4,3,6,#,0.33,#,0.011,#,0.068,3,6,#,0.035
1996,2630390,26,607,51,0,11,#,0.15,#,0.44,3,6,#,0.3,#,0.005,#,0.22,4,6,#,0.098
1996,2630400,26,607,52,0,11,#,0.21,#,0.44,4,6,#,0.33,#,0.012,#,0.19,4,6,#,0.09
1996,2630400,26,607,52,0,13,#,0.21,#,0.33,1,2,#,0.27,#,0.012,#,0.077,1,2,#,0.045
1996,2730010,27,601,01,0,11,#,0.45,#,1.8,7,12,#,1,#,0.044,#,0.16,6,12,#,0.094
1996,2730020,27,601,02,0,11,#,0.46,#,1.5,4,12,#,0.84,#,0.041,#,0.13,2,12,#,0.065
1996,2730030,27,601,03,0,11,#,0.33,#,1.3,1,12,#,0.57,#,0.028,#,0.17,2,12,#,0.063
1996,2730040,27,601,51,0,11,#,1.2,#,2.8,6,6,#,2,#,0.019,#,0.19,10,12,#,0.14
1996,2730050,27,601,52,0,11,#,0.81,#,2.3,5,6,#,1.6,#,0.019,#,0.2,11,12,#,0.13
1996,2730060,27,601,53,0,11,#,0.65,#,1.7,3,6,#,1.1,#,0.016,#,0.13,6,12,#,0.089
1996,2730070,27,601,54,0,11,#,1.1,#,6.6,6,6,#,4,#,0.023,#,0.73,10,12,#,0.27
1996,2730080,27,601,55,0,11,#,1.1,#,3.8,6,6,#,2.2,#,0.016,#,0.58,10,12,#,0.21
1996,2730090,27,601,56,0,11,#,1.8,#,5.2,6,6,#,3.8,#,0.035,#,0.35,11,12,#,0.26
1996,2730250,27,601,71,0,11,#,0.59,#,1.5,1,4,#,0.9,#,0.045,#,0.1,1,4,#,0.07
1996,2730130,27,602,01,0,11,#,0.38,#,1.1,8,12,#,0.71,#,0.035,#,0.13,8,12,#,0.062
1996,2730140,27,602,02,0,11,#,0.37,#,0.92,4,12,#,0.59,#,0.035,#,0.077,4,12,#,0.049
1996,2730150,27,602,03,0,11,#,0.33,#,0.77,3,12,#,0.5,#,0.023,#,0.063,3,12,#,0.042
1996,2730160,27,603,01,0,11,#,0.3,#,0.88,4,12,#,0.56,#,0.018,#,0.09,3,12,#,0.045
1996,2730170,27,603,02,0,11,#,0.3,#,0.75,11,12,#,0.45,#,0.015,#,0.065,10,12,#,0.037
1996,2730180,27,604,01,0,11,#,0.21,#,0.72,10,12,#,0.44,#,0.018,#,0.062,8,12,#,0.035
1996,2730190,27,604,02,0,11,#,0.24,#,0.56,8,12,#,0.34,#,0.017,#,0.047,6,12,#,0.031
1996,2730200,27,605,01,0,11,#,0.23,#,0.55,6,12,#,0.31,#,0.019,#,0.048,5,12,#,0.03
1996,2730210,27,605,02,0,11,#,0.14,#,0.35,1,12,#,0.24,#,0.014,#,0.035,1,12,#,0.023
1996,2730220,27,606,01,0,11,#,0.31,#,0.51,4,4,#,0.45,#,0.017,#,0.074,3,4,#,0.057
1996,2730230,27,607,01,0,11,#,0.17,#,0.43,2,4,#,0.3,#,0.017,#,0.051,2,4,#,0.034
1996,2730240,27,608,01,0,11,#,0.26,#,0.4,2,4,#,0.32,#,0.04,#,0.059,4,4,#,0.048
1996,2830030,28,603,01,0,11,#,0.31,#,0.68,1,12,#,0.45,#,0.044,#,0.09,9,12,#,0.063
1996,2830040,28,604,01,0,11,#,0.24,#,0.46,0,12,#,0.34,#,0.03,#,0.056,2,12,#,0.04
1996,2830060,28,605,01,0,11,#,0.24,#,0.72,1,12,#,0.45,#,0.032,#,0.08,6,12,#,0.053
1996,2830070,28,606,01,0,11,#,0.26,#,0.49,0,12,#,0.33,#,0.024,#,0.046,0,12,#,0.037
1996,2830120,28,607,01,0,11,#,0.5,#,3.5,11,12,#,1.2,#,0.048,#,0.25,11,12,#,0.097
1996,2830130,28,607,51,0,15,#,0.56,#,1.3,4,6,#,0.84,#,0.024,#,0.055,1,6,#,0.041
1996,2830180,28,608,01,0,11,#,0.34,#,0.76,1,12,#,0.46,#,0.034,#,0.056,2,12,#,0.045
1996,2830200,28,609,01,0,11,#,0.5,#,1.2,8,12,#,0.76,#,0.072,#,0.27,12,12,#,0.13
1996,2830210,28,610,01,0,11,#,0.3,#,0.84,1,12,#,0.44,#,0.027,#,0.084,4,12,#,0.046
1996,2830220,28,611,01,0,11,#,0.24,#,0.48,0,12,#,0.37,#,0.025,#,0.045,0,12,#,0.036
1996,2830230,28,611,02,0,11,#,0.24,#,0.45,0,12,#,0.33,#,0.022,#,0.043,0,12,#,0.035
1996,2830240,28,611,03,0,11,#,0.25,#,0.52,0,12,#,0.33,#,0.024,#,0.049,0,12,#,0.036
1996,2830250,28,611,04,0,11,#,0.22,#,0.49,5,12,#,0.32,#,0.021,#,0.046,9,12,#,0.036
1996,2830260,28,611,05,0,11,#,0.29,#,0.77,1,12,#,0.44,#,0.028,#,0.055,2,12,#,0.041
1996,2830270,28,611,06,0,11,#,0.28,#,0.53,0,12,#,0.39,#,0.027,#,0.05,0,12,#,0.041
1996,2830280,28,611,52,0,15,#,0.28,#,0.58,0,6,#,0.38,#,0.023,#,0.047,0,6,#,0.038
1996,2830290,28,611,54,0,15,#,0.27,#,0.64,1,6,#,0.37,#,0.022,#,0.045,0,6,#,0.033
1996,2830300,28,611,56,0,15,#,0.24,#,0.71,1,6,#,0.37,#,0.027,#,0.044,0,6,#,0.036
1996,2830310,28,611,59,0,15,#,0.29,#,0.67,1,6,#,0.4,#,0.021,#,0.041,0,6,#,0.035
1996,2830320,28,611,63,0,15,#,0.31,#,0.74,1,6,#,0.48,#,0.023,#,0.046,0,6,#,0.039
1996,2830430,28,612,01,0,11,#,0.26,#,0.49,0,12,#,0.37,#,0.022,#,0.044,0,12,#,0.034
1996,2830450,28,613,01,0,11,#,0.22,#,0.43,9,12,#,0.33,#,0.025,#,0.051,8,12,#,0.035
1996,2830460,28,613,02,0,11,#,0.19,#,0.38,4,12,#,0.28,#,0.017,#,0.04,7,12,#,0.031
1996,2830470,28,613,03,0,11,#,0.21,#,0.4,6,12,#,0.3,#,0.021,#,0.041,7,12,#,0.032
1996,2830480,28,613,54,0,15,#,0.24,#,0.76,4,6,#,0.39,#,0.018,#,0.041,3,6,#,0.027
1996,2830490,28,613,55,0,11,#,0.22,#,0.65,7,12,#,0.35,#,0.021,#,0.063,7,12,#,0.037
1996,2832000,28,613,57,0,11,#,0.17,#,0.44,4,12,#,0.26,#,0.017,#,0.044,5,12,#,0.031
1996,2832370,28,613,58,0,11,#,0.16,#,0.35,4,12,#,0.26,#,0.018,#,0.046,4,12,#,0.03
1996,2830560,28,614,01,0,11,#,0.44,#,1.2,2,12,#,0.84,#,0.043,#,0.16,2,12,#,0.077
1996,2830570,28,614,02,0,11,#,0.66,#,1.3,2,12,#,0.93,#,0.053,#,0.16,4,12,#,0.082
1996,2830620,28,614,55,0,11,#,0.47,#,0.68,0,4,#,0.6,#,0.068,#,0.2,3,4,#,0.12
1996,2830630,28,614,56,0,11,#,1.8,#,2.3,2,2,#,2.1,#,0.16,#,0.56,2,2,#,0.36
1996,2830650,28,614,58,0,11,#,0.25,#,2.3,1,4,#,0.96,#,0.059,#,0.35,3,4,#,0.17
1996,2830730,28,614,66,0,15,#,0.55,#,1.7,5,12,#,1,#,0.048,#,0.28,4,12,#,0.092
1996,2830760,28,614,69,0,15,#,0.39,#,0.96,0,12,#,0.6,#,0.038,#,0.14,1,12,#,0.061
1996,2830770,28,614,70,0,15,#,0.29,#,0.98,0,12,#,0.56,#,0.032,#,0.15,1,12,#,0.059
1996,2832190,28,614,73,0,12,#,0.29,#,0.9,0,12,#,0.57,#,0.035,#,0.11,1,12,#,0.059
1996,2832190,28,614,73,0,13,#,0.28,#,0.67,0,12,#,0.43,#,0.034,#,0.21,1,12,#,0.067
1996,2832190,28,614,73,0,15,#,0.49,#,0.96,0,12,#,0.79,#,0.046,#,0.13,3,12,#,0.074
1996,2832060,28,614,80,0,11,#,1.3,#,3.4,2,2,#,2.4,#,0.085,#,0.23,1,2,#,0.16
1996,2832230,28,614,81,0,12,#,0.32,#,0.69,0,12,#,0.56,#,0.034,#,0.095,1,12,#,0.054
1996,2832230,28,614,81,0,13,#,0.25,#,0.58,0,12,#,0.43,#,0.035,#,0.15,2,12,#,0.064
1996,2832230,28,614,81,0,15,#,0.35,#,0.83,0,12,#,0.62,#,0.036,#,0.11,1,12,#,0.06
1996,2832240,28,614,82,0,12,#,0.3,#,0.68,0,12,#,0.46,#,0.032,#,0.08,0,12,#,0.048
1996,2832240,28,614,82,0,13,#,0.29,#,0.6,0,12,#,0.44,#,0.035,#,0.084,0,12,#,0.051
1996,2832240,28,614,82,0,15,#,0.33,#,0.82,0,12,#,0.53,#,0.037,#,0.086,0,12,#,0.049
1996,2832300,28,614,83,0,11,#,1.9,#,3,6,6,#,2.4,#,0.06,#,0.18,4,6,#,0.11
1996,2832310,28,614,84,0,11,#,1,#,2.4,5,6,#,1.7,#,0.06,#,0.13,2,6,#,0.083
1996,2832310,28,614,84,0,12,#,1.1,#,1.6,6,6,#,1.3,#,0.05,#,0.13,1,6,#,0.075
1996,2832320,28,614,85,0,11,#,1.3,#,2.4,6,6,#,1.7,#,0.06,#,0.17,4,6,#,0.12
1996,2832320,28,614,85,0,12,#,0.9,#,1.7,4,6,#,1.2,#,0.06,#,0.12,2,6,#,0.083
1996,2832330,28,614,86,0,11,#,0.71,#,1.2,2,2,#,0.96,#,0.092,#,0.11,2,2,#,0.1
1996,2832340,28,614,87,0,12,#,0.24,#,0.8,0,12,#,0.5,#,0.026,#,0.078,0,12,#,0.047
1996,2832340,28,614,87,0,13,#,0.24,#,0.58,0,12,#,0.38,#,0.022,#,0.08,0,12,#,0.048
1996,2832340,28,614,87,0,15,#,0.29,#,1.2,2,12,#,0.76,#,0.028,#,0.16,3,12,#,0.072
1996,2830930,28,615,01,0,11,#,0.5,#,1.1,8,12,#,0.76,#,0.046,#,0.17,8,12,#,0.069
1996,2830940,28,615,02,0,11,#,0.51,#,0.98,8,12,#,0.73,#,0.048,#,0.1,10,12,#,0.064
1996,2830960,28,615,52,0,15,#,0.28,#,0.66,1,12,#,0.46,#,0.03,#,0.065,2,12,#,0.043
1996,2832100,28,615,55,0,12,#,0.27,#,0.63,1,12,#,0.41,#,0.025,#,0.064,2,12,#,0.038
1996,2832100,28,615,55,0,13,#,0.17,#,0.46,0,12,#,0.33,#,0.023,#,0.056,1,12,#,0.036
1996,2832100,28,615,55,0,15,#,0.27,#,0.67,2,12,#,0.47,#,0.024,#,0.085,2,12,#,0.043
1996,2832110,28,615,56,0,12,#,0.28,#,0.52,0,12,#,0.38,#,0.027,#,0.059,1,12,#,0.036
1996,2832110,28,615,56,0,13,#,0.18,#,0.46,0,12,#,0.26,#,0.022,#,0.053,1,12,#,0.031
1996,2832110,28,615,56,0,15,#,0.23,#,0.78,2,12,#,0.42,#,0.026,#,0.088,4,12,#,0.045
1996,2832200,28,615,57,0,12,#,0.29,#,0.64,1,12,#,0.45,#,0.028,#,0.066,3,12,#,0.045
1996,2832200,28,615,57,0,13,#,0.19,#,0.51,0,12,#,0.32,#,0.023,#,0.092,5,12,#,0.047
1996,2832200,28,615,57,0,15,#,0.43,#,1.4,9,12,#,0.81,#,0.041,#,0.21,10,12,#,0.083
1996,2832210,28,615,58,0,12,#,0.31,#,0.65,2,12,#,0.46,#,0.03,#,0.064,4,12,#,0.044
1996,2832210,28,615,58,0,13,#,0.23,#,0.52,0,12,#,0.35,#,0.021,#,0.071,4,12,#,0.042
1996,2832210,28,615,58,0,15,#,0.37,#,0.88,7,12,#,0.61,#,0.038,#,0.094,7,12,#,0.059
1996,2832170,28,615,59,0,12,#,0.33,#,0.53,0,12,#,0.43,#,0.027,#,0.059,3,12,#,0.041
1996,2832170,28,615,59,0,13,#,0.18,#,0.51,0,12,#,0.35,#,0.026,#,0.068,4,12,#,0.044
1996,2832170,28,615,59,0,15,#,0.27,#,0.75,3,12,#,0.49,#,0.028,#,0.068,4,12,#,0.046
1996,2832250,28,615,60,0,12,#,0.26,#,0.65,1,12,#,0.43,#,0.027,#,0.061,2,12,#,0.043
1996,2832250,28,615,60,0,13,#,0.16,#,0.43,0,12,#,0.28,#,0.024,#,0.096,1,12,#,0.04
1996,2832250,28,615,60,0,15,#,0.38,#,0.84,4,12,#,0.56,#,0.033,#,0.13,5,12,#,0.055
1996,2830980,28,616,01,0,11,#,0.41,#,1,5,12,#,0.62,#,0.041,#,0.092,4,12,#,0.053
1996,2830990,28,617,01,0,11,#,0.34,#,0.83,12,12,#,0.49,#,0.029,#,0.065,11,12,#,0.044
1996,2831000,28,617,02,0,11,#,0.29,#,1.2,11,12,#,0.59,#,0.034,#,0.087,12,12,#,0.048
1996,2831010,28,617,51,0,15,#,0.25,#,0.68,9,12,#,0.43,#,0.025,#,0.065,11,12,#,0.04
1996,2831020,28,617,52,0,11,#,0.21,#,0.65,6,12,#,0.36,#,0.027,#,0.056,8,12,#,0.036
1996,2832120,28,617,53,0,15,#,0.18,#,0.52,6,12,#,0.34,#,0.027,#,0.051,7,12,#,0.036
1996,2832350,28,617,54,0,12,#,0.23,#,0.52,9,12,#,0.36,#,0.023,#,0.07,9,12,#,0.038
1996,2832350,28,617,54,0,13,#,0.2,#,0.57,5,12,#,0.32,#,0.018,#,0.05,8,12,#,0.035
1996,2832350,28,617,54,0,15,#,0.22,#,0.6,8,12,#,0.41,#,0.024,#,0.061,10,12,#,0.041
1996,2831030,28,618,01,0,11,#,0.25,#,0.43,9,12,#,0.34,#,0.026,#,0.041,6,12,#,0.033
1996,2831040,28,618,02,0,11,#,0.24,#,0.49,8,12,#,0.35,#,0.025,#,0.047,8,12,#,0.035
1996,2831060,28,618,52,0,15,#,0.22,#,0.58,7,12,#,0.36,#,0.022,#,0.054,8,12,#,0.035
1996,2832010,28,618,53,0,15,#,0.17,#,0.93,1,12,#,0.29,#,0.021,#,0.046,7,12,#,0.03
1996,2832270,28,618,54,0,12,#,0.15,#,0.35,2,12,#,0.25,#,0.02,#,0.039,7,12,#,0.031
1996,2832270,28,618,54,0,13,#,0.15,#,0.31,1,12,#,0.22,#,0.018,#,0.04,7,12,#,0.031
1996,2832270,28,618,54,0,15,#,0.17,#,0.7,4,12,#,0.3,#,0.02,#,0.058,8,12,#,0.033
1996,2832360,28,618,55,0,11,#,0.26,#,0.48,10,12,#,0.37,#,0.029,#,0.042,9,12,#,0.035
1996,2831070,28,619,01,0,11,#,0.27,#,0.56,10,12,#,0.36,#,0.027,#,0.043,11,12,#,0.037
1996,2831080,28,620,01,0,11,#,0.27,#,0.56,9,12,#,0.37,#,0.027,#,0.052,11,12,#,0.039
1996,2831090,28,621,01,0,11,#,0.27,#,0.52,10,12,#,0.37,#,0.029,#,0.045,11,12,#,0.04
1996,2831330,28,626,01,0,11,#,0.2,#,0.42,6,12,#,0.31,#,0.023,#,0.044,7,12,#,0.033
1996,2831340,28,626,02,0,11,#,0.19,#,0.38,6,12,#,0.3,#,0.023,#,0.045,7,12,#,0.033
1996,2831350,28,626,03,0,11,#,0.19,#,0.44,3,12,#,0.28,#,0.02,#,0.046,6,12,#,0.032
1996,2831360,28,626,04,0,11,#,0.19,#,0.39,3,12,#,0.25,#,0.023,#,0.038,6,12,#,0.03
1996,2831370,28,626,05,0,11,#,0.12,#,0.61,3,11,#,0.28,#,0.017,#,0.043,5,11,#,0.031
1996,3120040,31,501,01,0,11,#,0.41,#,0.84,12,12,#,0.61,#,0.029,#,0.079,11,12,#,0.052
1996,3120040,31,501,01,0,13,#,0.55,#,0.85,12,12,#,0.64,#,0.03,#,0.085,11,12,#,0.054
1996,3120050,31,501,02,0,11,#,0.37,#,0.92,11,12,#,0.61,#,0.025,#,0.077,10,12,#,0.047
1996,3120050,31,501,02,0,13,#,0.42,#,1,12,12,#,0.67,#,0.028,#,0.11,11,12,#,0.056
1996,3120060,31,501,03,0,11,#,0.39,#,0.91,11,12,#,0.6,#,0.028,#,0.075,9,12,#,0.051
1996,3120060,31,501,03,0,13,#,0.37,#,0.9,11,12,#,0.62,#,0.027,#,0.088,11,12,#,0.054
1996,3120070,31,501,04,0,11,#,0.48,#,0.82,12,12,#,0.65,#,0.031,#,0.1,12,12,#,0.059
1996,3120070,31,501,04,0,13,#,0.52,#,0.81,12,12,#,0.68,#,0.033,#,0.1,12,12,#,0.064
1996,3120120,31,503,01,0,11,#,0.23,#,0.54,8,24,#,0.36,#,0.017,#,0.065,14,24,#,0.036
1996,3120120,31,503,01,0,12,#,0.17,#,0.44,1,12,#,0.31,#,0.019,#,0.061,5,12,#,0.032
1996,3120120,31,503,01,0,13,#,0.13,#,0.37,0,24,#,0.21,#,0.015,#,0.039,4,24,#,0.022
1996,3120140,31,503,03,0,11,#,0.34,#,1.9,17,24,#,0.69,#,0.02,#,0.21,19,24,#,0.068
1996,3120140,31,503,03,0,13,#,0.2,#,0.63,12,24,#,0.39,#,0.014,#,0.22,14,24,#,0.068
1996,3120150,31,503,04,0,11,#,0.51,#,4.2,24,24,#,1,#,0.04,#,0.29,24,24,#,0.1
1996,3120150,31,503,04,0,13,#,0.36,#,0.85,23,24,#,0.6,#,0.03,#,0.12,23,24,#,0.065
1996,3120240,31,503,52,0,11,#,0.32,#,1.3,5,12,#,0.48,#,0.021,#,0.17,10,12,#,0.058
1996,3120240,31,503,52,0,13,#,0.21,#,0.44,2,12,#,0.32,#,0.012,#,0.18,6,12,#,0.058
1996,3120250,31,503,53,0,11,#,0.34,#,1.7,11,12,#,0.68,#,0.037,#,0.22,12,12,#,0.076
1996,3120250,31,503,53,0,13,#,0.18,#,0.57,4,12,#,0.38,#,0.012,#,0.22,8,12,#,0.076
1996,3120260,31,503,54,0,11,#,0.55,#,2.5,12,12,#,1.1,#,0.041,#,0.32,12,12,#,0.12
1996,3120280,31,503,56,0,11,#,0.25,#,1.5,6,12,#,0.56,#,0.022,#,0.2,9,12,#,0.065
1996,3120280,31,503,56,0,13,#,0.23,#,0.89,5,12,#,0.43,#,0.017,#,0.29,8,12,#,0.096
1996,3120290,31,503,57,0,11,#,0.14,#,0.42,1,12,#,0.28,#,0.014,#,0.052,5,12,#,0.031
1996,3120290,31,503,57,0,13,#,0.11,#,0.19,0,12,#,0.16,#,0.008,#,0.027,0,12,#,0.018
1996,3220010,32,501,01,0,11,#,0.3,#,0.67,20,24,#,0.51,#,0.023,#,0.1,20,23,#,0.053
1996,3220010,32,501,01,0,13,#,0.23,#,0.74,14,24,#,0.44,#,0.023,#,0.18,20,23,#,0.061
1996,3220020,32,501,02,0,11,#,0.3,#,0.86,18,24,#,0.5,#,0.023,#,0.093,19,23,#,0.048
1996,3220020,32,501,02,0,13,#,0.21,#,0.58,9,24,#,0.38,#,0.02,#,0.14,17,23,#,0.049
1996,3220030,32,501,03,0,11,#,0.28,#,0.83,17,24,#,0.52,#,0.016,#,0.11,16,23,#,0.054
1996,3220030,32,501,03,0,13,#,0.16,#,0.72,10,24,#,0.38,#,0.015,#,0.25,14,23,#,0.068
1996,3220040,32,501,04,0,11,#,0.27,#,2,19,24,#,0.66,#,0.019,#,0.21,19,23,#,0.078
1996,3220040,32,501,04,0,13,#,0.17,#,0.55,9,24,#,0.37,#,0.016,#,0.2,16,23,#,0.061
1996,3220050,32,501,05,0,11,#,0.24,#,3.7,17,24,#,0.72,#,0.022,#,0.28,18,23,#,0.074
1996,3220050,32,501,05,0,13,#,0.17,#,0.55,12,24,#,0.38,#,0.015,#,0.15,14,23,#,0.056
1996,3220060,32,501,06,0,11,#,0.33,#,1,18,24,#,0.54,#,0.021,#,0.14,17,23,#,0.056
1996,3220060,32,501,06,0,12,#,0.3,#,0.67,9,12,#,0.48,#,0.021,#,0.077,8,12,#,0.046
1996,3220060,32,501,06,0,13,#,0.17,#,0.57,9,24,#,0.36,#,0.014,#,0.22,12,23,#,0.059
1996,3220410,32,501,07,0,11,#,0.24,#,0.56,5,12,#,0.38,#,0.025,#,0.086,7,11,#,0.046
1996,3220410,32,501,07,0,13,#,0.16,#,0.31,0,12,#,0.22,#,0.019,#,0.072,5,11,#,0.035
1996,3220110,32,501,55,0,11,#,0.29,#,1.5,5,12,#,0.49,#,0.028,#,0.15,9,11,#,0.057
1996,3220110,32,501,55,0,13,#,0.15,#,0.47,2,12,#,0.28,#,0.01,#,0.13,7,11,#,0.052
1996,3220130,32,501,57,0,11,#,0.24,#,0.63,4,12,#,0.4,#,0.023,#,0.078,7,11,#,0.052
1996,3220130,32,501,57,0,13,#,0.15,#,0.25,0,12,#,0.19,#,0.02,#,0.053,4,11,#,0.029
1996,3220180,32,501,62,0,11,#,0.3,#,0.53,6,12,#,0.41,#,0.018,#,0.072,5,12,#,0.037
1996,3220180,32,501,62,0,13,#,0.2,#,0.36,0,12,#,0.27,#,0.014,#,0.061,4,12,#,0.031
1996,3220220,32,502,01,0,11,#,0.36,#,0.87,21,24,#,0.51,#,0.018,#,0.12,14,23,#,0.039
1996,3220220,32,502,01,0,13,#,0.34,#,0.86,20,24,#,0.5,#,0.015,#,0.11,13,23,#,0.038
1996,3220230,32,502,02,0,11,#,0.4,#,0.78,21,23,#,0.53,#,0.02,#,0.1,16,22,#,0.042
1996,3220230,32,502,02,0,13,#,0.39,#,0.76,22,23,#,0.52,#,0.019,#,0.11,16,22,#,0.044
1996,3220240,32,502,03,0,11,#,0.37,#,0.68,16,24,#,0.5,#,0.021,#,0.1,14,23,#,0.037
1996,3220240,32,502,03,0,12,#,0.38,#,0.69,10,12,#,0.52,#,0.02,#,0.1,6,12,#,0.035
1996,3220240,32,502,03,0,13,#,0.35,#,0.68,18,24,#,0.5,#,0.019,#,0.1,12,23,#,0.038
1996,3220250,32,502,04,0,11,#,0.28,#,0.79,17,23,#,0.5,#,0.018,#,0.1,11,22,#,0.036
1996,3220250,32,502,04,0,13,#,0.31,#,0.68,19,23,#,0.49,#,0.021,#,0.1,15,22,#,0.039
1996,3220260,32,502,05,0,11,#,0.31,#,0.77,20,24,#,0.56,#,0.019,#,0.13,20,23,#,0.053
1996,3220260,32,502,05,0,12,#,0.36,#,0.67,10,12,#,0.52,#,0.02,#,0.11,11,12,#,0.047
1996,3220260,32,502,05,0,13,#,0.23,#,0.73,19,24,#,0.53,#,0.025,#,0.1,20,23,#,0.049
1996,3220270,32,502,51,0,11,#,0.36,#,0.71,23,24,#,0.54,#,0.019,#,0.081,17,23,#,0.037
1996,3220270,32,502,51,0,12,#,0.4,#,0.72,11,12,#,0.55,#,0.021,#,0.085,8,12,#,0.039
1996,3220270,32,502,51,0,13,#,0.32,#,0.76,21,24,#,0.52,#,0.021,#,0.09,16,23,#,0.039
1996,3220330,32,502,53,0,11,#,0.4,#,0.62,10,11,#,0.51,#,0.024,#,0.099,8,10,#,0.05
1996,3220330,32,502,53,0,13,#,0.41,#,0.6,11,11,#,0.48,#,0.023,#,0.12,7,10,#,0.056
1996,3220340,32,502,54,0,11,#,0.38,#,0.6,10,11,#,0.49,#,0.024,#,0.089,8,10,#,0.047
1996,3220340,32,502,54,0,13,#,0.41,#,0.62,11,11,#,0.48,#,0.022,#,0.074,8,10,#,0.045
1996,3220290,32,503,01,0,11,#,0.58,#,1.7,11,12,#,0.93,#,0.059,#,0.22,12,12,#,0.12
1996,3220300,32,503,02,0,11,#,0.47,#,1.2,10,12,#,0.78,#,0.064,#,0.22,12,12,#,0.1
1996,3220300,32,503,02,0,13,#,0.35,#,1,9,12,#,0.76,#,0.072,#,0.29,12,12,#,0.13
1996,3220360,32,503,51,0,11,#,0.45,#,1.2,9,12,#,0.79,#,0.056,#,0.2,12,12,#,0.1
1996,3220360,32,503,51,0,13,#,0.55,#,1.1,9,12,#,0.75,#,0.075,#,0.2,12,12,#,0.12
1996,3320010,33,501,01,0,11,#,1.1,#,2.4,12,12,#,1.8,#,0.13,#,0.33,12,12,#,0.21
1996,3320020,33,501,02,0,11,#,0.95,#,2.2,11,12,#,1.7,#,0.15,#,0.32,12,12,#,0.2
1996,3320030,33,501,51,0,11,#,1.5,#,2.7,12,12,#,2.2,#,0.11,#,0.28,12,12,#,0.22
1996,3320040,33,501,52,0,11,#,1.6,#,3.8,12,12,#,2.4,#,0.18,#,0.38,12,12,#,0.29
1996,4020030,40,502,01,0,11,#,0.71,#,1.7,999,12,#,1,#,0.007,#,0.031,10,12,#,0.017
1996,4020030,40,502,01,0,12,#,0.85,#,1.6,999,12,#,1.2,#,0.01,#,0.035,11,12,#,0.016
1996,4020030,40,502,01,0,13,#,0.82,#,1.1,999,12,#,1,#,0.006,#,0.056,9,12,#,0.018
1996,4120120,41,501,01,0,11,#,0.28,#,0.62,9,12,#,0.47,#,0.014,#,0.042,3,12,#,0.024
1996,4120120,41,501,01,0,13,#,0.39,#,2.3,11,12,#,0.74,#,0.006,#,0.087,2,12,#,0.028
1996,4120010,41,501,51,0,11,#,0.38,#,0.73,9,12,#,0.51,#,0.018,#,0.06,4,12,#,0.029
1996,4620020,46,501,01,0,11,#,0.11,#,0.17,999,6,#,0.15,#,0.003,#,0.01,0,6,#,0.006
1996,4620020,46,501,01,0,12,#,0.1,#,0.22,999,6,#,0.16,<,0.003,#,0.005,0,6,#,0.004
1996,4620020,46,501,01,0,13,#,0.1,#,0.24,999,6,#,0.18,<,0.003,#,0.015,1,6,#,0.006
1996,4620030,46,501,02,0,11,#,0.11,#,0.2,999,6,#,0.16,#,0.003,#,0.009,0,6,#,0.006
1996,4620030,46,501,02,0,12,#,0.1,#,0.24,999,12,#,0.17,<,0.003,#,0.008,0,12,#,0.005
1996,4620030,46,501,02,0,13,#,0.13,#,0.42,999,12,#,0.24,#,0.004,#,0.057,6,12,#,0.026
1996,4620040,46,501,03,0,11,#,0.13,#,0.2,999,6,#,0.16,#,0.003,#,0.009,0,6,#,0.006
1996,4620040,46,501,03,0,12,#,0.1,#,0.23,999,6,#,0.17,<,0.003,#,0.004,0,6,#,0.003
1996,4620040,46,501,03,0,13,#,0.11,#,0.25,999,6,#,0.19,#,0.004,#,0.006,0,6,#,0.005
1996,4620050,46,501,51,0,11,#,0.12,#,0.18,999,6,#,0.16,#,0.003,#,0.009,0,6,#,0.006
1996,4620060,46,501,52,0,11,#,0.11,#,0.18,999,6,#,0.15,#,0.003,#,0.011,1,6,#,0.006
1996,4620100,46,501,53,0,11,#,0.11,#,0.22,999,6,#,0.17,#,0.004,#,0.013,1,6,#,0.007
1996,4620100,46,501,53,0,12,#,0.1,#,0.23,999,6,#,0.17,#,0.004,#,0.009,0,6,#,0.006
1996,4620100,46,501,53,0,13,#,0.12,#,0.23,999,6,#,0.17,<,0.003,#,0.006,0,6,#,0.004
1996,4620110,46,502,01,0,11,#,0.7,#,1.1,999,12,#,0.89,#,0.023,#,0.064,3,12,#,0.045
1996,4620110,46,502,01,0,12,#,0.81,#,1.1,999,12,#,0.97,#,0.036,#,0.069,4,12,#,0.048
1996,4620110,46,502,01,0,13,#,0.83,#,1.1,999,12,#,1,#,0.032,#,0.069,3,12,#,0.046
1996,4620120,46,502,02,0,11,#,0.7,#,1.3,999,12,#,0.89,#,0.031,#,0.059,4,12,#,0.044
1996,4620120,46,502,02,0,12,#,0.86,#,1.1,999,12,#,0.99,#,0.031,#,0.054,1,12,#,0.043
1996,4620120,46,502,02,0,13,#,0.87,#,1.2,999,12,#,1.1,#,0.029,#,0.063,4,12,#,0.045
1996,4620130,46,502,03,0,11,#,0.55,#,1.1,999,12,#,0.84,#,0.022,#,0.071,3,12,#,0.04
1996,4620130,46,502,03,0,12,#,0.79,#,1,999,12,#,0.96,#,0.027,#,0.059,2,12,#,0.044
1996,4620130,46,502,03,0,13,#,0.87,#,1.2,999,12,#,1.1,#,0.031,#,0.057,3,12,#,0.04
1996,4620140,46,502,51,0,11,#,0.37,#,1.1,999,6,#,0.84,#,0.044,#,0.074,4,6,#,0.056
1996,4620140,46,502,51,0,12,#,0.93,#,1.2,999,6,#,1.1,#,0.045,#,0.065,5,6,#,0.057
1996,4620140,46,502,51,0,13,#,0.79,#,1.4,999,6,#,1.1,#,0.052,#,0.088,6,6,#,0.062
1996,4620150,46,502,52,0,11,#,0.74,#,1,999,6,#,0.88,#,0.028,#,0.061,2,6,#,0.047
1996,4620150,46,502,52,0,12,#,0.84,#,1.1,999,6,#,0.97,#,0.042,#,0.061,3,6,#,0.052
1996,4620150,46,502,52,0,13,#,0.89,#,1.1,999,6,#,1,#,0.045,#,0.062,3,6,#,0.051
1996,4620010,46,503,01,0,11,#,0.12,#,0.2,999,6,#,0.15,#,0.004,#,0.011,1,6,#,0.007
1996,4620010,46,503,01,0,12,#,0.09,#,0.26,999,30,#,0.16,#,0.003,#,0.013,1,30,#,0.006
1996,4620160,46,503,51,0,11,#,0.12,#,0.17,999,6,#,0.14,#,0.004,#,0.012,1,6,#,0.007
1996,4620160,46,503,51,0,12,#,0.13,#,0.18,999,6,#,0.16,#,0.005,#,0.013,1,6,#,0.008
1996,4620160,46,503,51,0,13,#,0.1,#,0.15,999,6,#,0.13,#,0.004,#,0.009,0,6,#,0.007
1996,4620170,46,503,52,0,11,#,0.13,#,0.17,999,6,#,0.15,#,0.004,#,0.011,1,6,#,0.007
1996,4620170,46,503,52,0,12,#,0.09,#,0.18,999,6,#,0.13,#,0.004,#,0.008,0,6,#,0.006
1996,4620170,46,503,52,0,13,#,0.14,#,0.22,999,6,#,0.19,#,0.004,#,0.01,0,6,#,0.006
