西暦年度,絶対番号,県コード_地点統一番号,水域コード_地点統一番号,地点コード_地点統一番号,調査区分,採取位置,C_全窒素_最小値,全窒素_最小値,C_全窒素_最大値,全窒素_最大値,m_全窒素,n_全窒素,C_全窒素_日間平均値_平均値,全窒素_日間平均値_平均値,C_全燐_最小値,全燐_最小値,C_全燐_最大値,全燐_最大値,m_全燐,n_全燐,C_全燐_日間平均値_平均値,全燐_日間平均値_平均値
1993,0120010,01,501,01,0,11,#,0.32,#,3.1,3,8,#,0.93,#,0.036,#,0.073,1,8,#,0.044
1993,0120020,01,501,02,0,11,#,0.36,#,2.5,4,8,#,0.87,#,0.014,#,0.077,1,8,#,0.033
1993,0120030,01,501,51,0,11,#,0.39,#,2.3,5,8,#,0.91,#,0.025,#,0.062,2,8,#,0.045
1993,0120040,01,501,52,0,11,#,0.31,#,2.9,3,8,#,0.92,#,0.019,#,0.051,1,8,#,0.035
1993,0120050,01,502,01,0,11,#,0.05,#,0.11,999,6,#,0.08,<,0.003,<,0.003,0,6,<,0.003
1993,0120060,01,502,02,0,11,<,0.05,#,0.1,999,6,#,0.07,<,0.003,<,0.003,0,6,<,0.003
1993,0120110,01,503,01,0,11,#,0.2,#,0.3,999,6,#,0.25,<,0.003,<,0.003,0,6,<,0.003
1993,0120120,01,503,02,0,11,#,0.19,#,0.31,999,6,#,0.25,<,0.003,#,0.003,0,6,#,0.003
1993,0120130,01,503,03,0,11,#,0.16,#,0.29,999,6,#,0.23,<,0.003,#,0.009,1,6,#,0.004
1993,0120140,01,503,51,0,11,#,0.16,#,0.27,999,6,#,0.22,<,0.003,<,0.003,0,6,<,0.003
1993,0120150,01,503,52,0,11,#,0.16,#,0.33,999,6,#,0.24,<,0.003,#,0.006,1,6,#,0.004
1993,0120160,01,503,53,0,11,#,0.17,#,0.27,999,6,#,0.22,<,0.003,#,0.005,0,6,#,0.004
1993,0120170,01,503,54,0,11,#,0.18,#,0.27,999,6,#,0.23,<,0.003,#,0.006,1,6,#,0.004
1993,0120180,01,504,01,0,11,#,0.25,#,0.41,999,6,#,0.34,#,0.013,#,0.068,4,6,#,0.041
1993,0120190,01,504,02,0,11,#,0.22,#,0.59,999,6,#,0.37,#,0.019,#,0.057,4,6,#,0.039
1993,0120200,01,504,51,0,11,#,0.25,#,0.78,999,6,#,0.44,#,0.021,#,0.072,4,6,#,0.042
1993,0120210,01,504,52,0,11,#,0.22,#,0.63,999,6,#,0.38,#,0.016,#,0.06,3,6,#,0.038
1993,0120220,01,504,53,0,11,#,0.23,#,0.67,999,6,#,0.38,#,0.017,#,0.06,4,6,#,0.039
1993,0120230,01,504,54,0,11,#,0.23,#,0.61,999,6,#,0.39,#,0.024,#,0.063,5,6,#,0.041
1993,0120240,01,505,01,0,11,#,0.12,#,0.22,0,5,#,0.17,#,0.021,#,0.038,3,5,#,0.031
1993,0120240,01,505,01,0,12,#,0.1,#,0.24,0,5,#,0.16,#,0.022,#,0.042,2,5,#,0.032
1993,0120250,01,505,02,0,11,#,0.11,#,0.17,0,5,#,0.14,#,0.021,#,0.055,4,5,#,0.037
1993,0120250,01,505,02,0,12,#,0.09,#,0.26,0,5,#,0.16,#,0.021,#,0.054,3,5,#,0.035
1993,0120260,01,505,03,0,11,#,0.07,#,0.18,0,5,#,0.13,#,0.022,#,0.059,4,5,#,0.036
1993,0120260,01,505,03,0,12,#,0.12,#,0.2,0,5,#,0.16,#,0.021,#,0.043,1,5,#,0.029
1993,0120270,01,505,51,0,11,#,0.06,#,0.14,0,5,#,0.11,#,0.022,#,0.052,2,5,#,0.032
1993,0120280,01,505,52,0,11,#,0.09,#,0.21,0,5,#,0.16,#,0.024,#,0.062,3,5,#,0.036
1993,0120290,01,505,53,0,11,<,0.05,#,0.22,0,5,#,0.13,#,0.023,#,0.046,3,5,#,0.033
1993,0120300,01,505,54,0,11,#,0.1,#,0.24,0,5,#,0.17,#,0.02,#,0.037,2,5,#,0.029
1993,0120310,01,506,01,0,11,<,0.05,#,0.38,999,6,#,0.21,<,0.003,#,0.02,1,6,#,0.006
1993,0120320,01,506,02,0,11,<,0.05,#,0.19,999,6,#,0.12,<,0.003,#,0.018,2,6,#,0.007
1993,0120360,01,507,01,0,11,<,0.05,#,0.16,999,4,#,0.1,<,0.003,#,0.008,0,4,#,0.005
1993,0120360,01,507,01,0,12,<,0.05,#,0.16,999,4,#,0.1,#,0.003,#,0.008,0,4,#,0.005
1993,0120370,01,507,02,0,11,<,0.05,#,0.15,999,4,#,0.09,#,0.004,#,0.013,1,4,#,0.008
1993,0120370,01,507,02,0,12,<,0.05,#,0.12,999,4,#,0.07,#,0.004,#,0.013,1,4,#,0.007
1993,0120380,01,507,51,0,11,<,0.05,#,0.09,999,4,#,0.07,#,0.003,#,0.007,0,4,#,0.005
1993,0120390,01,507,52,0,11,#,0.06,#,0.16,999,4,#,0.1,#,0.003,#,0.012,1,4,#,0.006
1993,0120400,01,507,53,0,11,<,0.05,#,0.25,999,4,#,0.11,#,0.004,#,0.009,0,4,#,0.006
1993,0120410,01,508,01,0,11,#,0.07,#,0.14,999,4,#,0.12,#,0.005,#,0.011,2,4,#,0.008
1993,0120410,01,508,01,0,12,#,0.06,#,0.22,999,4,#,0.15,#,0.007,#,0.011,1,4,#,0.009
1993,0120420,01,508,02,0,11,#,0.09,#,0.21,999,4,#,0.14,#,0.004,#,0.01,0,4,#,0.006
1993,0120420,01,508,02,0,12,#,0.13,#,0.44,999,4,#,0.23,#,0.007,#,0.024,3,4,#,0.016
1993,0120430,01,508,51,0,11,#,0.08,#,0.18,999,4,#,0.13,#,0.006,#,0.013,1,4,#,0.009
1993,0120440,01,508,52,0,11,#,0.06,#,0.18,999,4,#,0.13,#,0.006,#,0.011,1,4,#,0.008
1993,0120450,01,508,53,0,11,#,0.05,#,0.2,999,4,#,0.14,#,0.006,#,0.011,1,4,#,0.008
1993,0120460,01,509,01,0,11,#,0.11,#,2.1,5,8,#,1.2,#,0.054,#,0.18,1,8,#,0.093
1993,0120470,01,509,02,0,11,#,0.36,#,1.7,6,8,#,1.2,#,0.067,#,0.17,5,8,#,0.12
1993,0120480,01,509,51,0,11,#,0.66,#,2.8,5,8,#,1.4,#,0.056,#,0.19,1,8,#,0.095
1993,0120490,01,509,52,0,11,#,0.68,#,1.9,5,8,#,1.3,#,0.074,#,0.18,3,8,#,0.12
1993,0120550,01,510,01,0,11,<,0.05,#,0.09,999,4,#,0.06,<,0.003,<,0.003,0,4,<,0.003
1993,0120550,01,510,01,0,12,<,0.05,#,0.13,999,4,#,0.07,<,0.003,<,0.003,0,4,<,0.003
1993,0120560,01,510,02,0,11,<,0.05,#,0.05,999,4,#,0.05,<,0.003,<,0.003,0,4,<,0.003
1993,0120560,01,510,02,0,12,<,0.05,#,0.21,999,4,#,0.09,<,0.003,<,0.003,0,4,<,0.003
1993,0120570,01,510,51,0,11,<,0.05,#,0.07,999,4,#,0.06,<,0.003,<,0.003,0,4,<,0.003
1993,0120570,01,510,51,0,12,<,0.05,<,0.05,999,4,<,0.05,<,0.003,<,0.003,0,4,<,0.003
1993,0120580,01,510,52,0,11,<,0.05,<,0.05,999,4,<,0.05,<,0.003,#,0.003,0,4,#,0.003
1993,0120580,01,510,52,0,12,<,0.05,<,0.05,999,4,<,0.05,<,0.003,<,0.003,0,4,<,0.003
1993,0320130,03,506,01,0,11,#,0.31,#,0.75,999,12,#,0.48,#,0.005,#,0.018,0,12,#,0.009
1993,0320130,03,506,01,0,12,#,0.3,#,0.65,999,12,#,0.5,#,0.003,#,0.016,0,12,#,0.007
1993,0320130,03,506,01,0,13,#,0.32,#,0.66,999,12,#,0.54,#,0.004,#,0.01,0,12,#,0.007
1993,0320120,03,506,51,0,11,#,0.34,#,0.84,999,6,#,0.55,#,0.011,#,0.02,0,6,#,0.014
1993,0320120,03,506,51,0,13,#,0.3,#,0.74,999,6,#,0.48,#,0.006,#,0.023,0,6,#,0.013
1993,0420140,04,505,01,0,11,#,0.42,#,0.64,999,12,#,0.53,#,0.006,#,0.033,8,12,#,0.016
1993,0420190,04,507,01,0,11,#,0.2,#,0.28,999,12,#,0.24,#,0.007,#,0.089,5,12,#,0.019
1993,0720020,07,501,01,0,11,#,0.23,#,0.27,999,8,#,0.25,<,0.003,#,0.004,0,8,#,0.003
1993,0720020,07,501,01,0,12,#,0.23,#,0.28,999,8,#,0.26,<,0.003,#,0.004,0,8,#,0.003
1993,0720020,07,501,01,0,13,#,0.23,#,0.31,999,16,#,0.25,<,0.003,#,0.004,0,16,#,0.003
1993,0720030,07,501,51,0,11,#,0.23,#,0.31,999,6,#,0.27,<,0.003,#,0.004,0,6,#,0.004
1993,0720040,07,501,52,0,11,#,0.22,#,0.3,999,6,#,0.27,<,0.003,#,0.018,1,6,#,0.007
1993,0720050,07,501,53,0,11,#,0.24,#,0.3,999,6,#,0.27,<,0.003,#,0.006,0,6,#,0.004
1993,0720060,07,501,54,0,11,#,0.18,#,0.36,999,8,#,0.29,<,0.003,#,0.007,0,8,#,0.004
1993,0720070,07,501,55,0,11,#,0.23,#,0.45,999,8,#,0.3,<,0.003,<,0.003,0,8,<,0.003
1993,0720080,07,501,56,0,11,#,0.2,#,0.34,999,8,#,0.27,<,0.003,<,0.003,0,8,<,0.003
1993,0720260,07,501,57,0,11,#,0.24,#,0.5,999,8,#,0.32,<,0.003,#,0.041,2,8,#,0.011
1993,0720120,07,502,01,0,11,#,0.1,#,0.23,999,7,#,0.14,#,0.003,#,0.008,0,7,#,0.006
1993,0720120,07,502,01,0,13,#,0.12,#,0.26,999,7,#,0.19,#,0.005,#,0.009,0,7,#,0.006
1993,0720270,07,502,51,0,11,#,0.12,#,0.2,999,7,#,0.15,#,0.004,#,0.008,0,7,#,0.007
1993,0720280,07,502,52,0,11,#,0.11,#,0.21,999,7,#,0.15,#,0.004,#,0.012,2,7,#,0.008
1993,0720130,07,503,01,0,11,#,0.05,#,0.2,999,7,#,0.13,#,0.004,#,0.012,1,7,#,0.006
1993,0720290,07,503,51,0,11,#,0.07,#,0.23,999,7,#,0.14,#,0.004,#,0.012,1,7,#,0.007
1993,0720300,07,503,52,0,11,#,0.07,#,0.23,999,7,#,0.16,#,0.005,#,0.013,3,7,#,0.009
1993,0720140,07,504,01,0,11,#,0.12,#,0.22,999,7,#,0.17,#,0.004,#,0.057,3,7,#,0.015
1993,0720140,07,504,01,0,13,#,0.13,#,0.25,999,7,#,0.17,#,0.004,#,0.073,3,7,#,0.018
1993,0720310,07,504,51,0,11,#,0.13,#,0.24,999,7,#,0.17,#,0.003,#,0.054,2,7,#,0.014
1993,0720320,07,504,52,0,11,#,0.12,#,0.22,999,7,#,0.15,#,0.005,#,0.036,2,7,#,0.012
1993,0820010,08,501,01,0,11,#,0.94,#,1.8,12,12,#,1.3,#,0.064,#,0.13,12,12,#,0.1
1993,0820020,08,501,02,0,11,#,1,#,1.6,12,12,#,1.3,#,0.058,#,0.16,12,12,#,0.11
1993,0820030,08,501,03,0,11,#,0.87,#,1.2,24,24,#,1,#,0.066,#,0.1,24,24,#,0.088
1993,0820040,08,501,04,0,11,#,0.84,#,1.5,12,12,#,1.1,#,0.072,#,0.11,12,12,#,0.09
1993,0820050,08,501,51,0,11,#,1.2,#,2.2,12,12,#,1.6,#,0.053,#,0.17,12,12,#,0.12
1993,0820060,08,501,52,0,11,#,0.91,#,1.4,12,12,#,1.1,#,0.064,#,0.11,12,12,#,0.091
1993,0820070,08,501,53,0,11,#,0.85,#,1.3,12,12,#,1,#,0.065,#,0.11,12,12,#,0.091
1993,0820080,08,501,54,0,11,#,0.89,#,1.2,12,12,#,1,#,0.071,#,0.11,12,12,#,0.087
1993,0820090,08,501,55,0,11,#,1.8,#,4,12,12,#,2.7,#,0.054,#,0.21,12,12,#,0.12
1993,0820100,08,501,56,0,11,#,1.4,#,3,12,12,#,2.3,#,0.036,#,0.18,12,12,#,0.11
1993,0820110,08,501,57,0,11,#,0.42,#,2.6,12,12,#,1.8,#,0.042,#,0.19,12,12,#,0.1
1993,0820120,08,501,58,0,11,#,0.54,#,5.5,12,12,#,2.8,#,0.038,#,0.16,12,12,#,0.084
1993,0820140,08,502,01,0,11,#,0.74,#,1.3,12,12,#,0.95,#,0.05,#,0.089,12,12,#,0.074
1993,0820150,08,502,02,0,11,#,0.78,#,1,12,12,#,0.89,#,0.046,#,0.11,12,12,#,0.084
1993,0820160,08,502,51,0,11,#,0.77,#,1.5,12,12,#,1.2,#,0.053,#,0.1,12,12,#,0.079
1993,0820170,08,502,52,0,11,#,1.1,#,6.8,13,13,#,4.5,#,0.044,#,0.39,13,13,#,0.081
1993,0820180,08,502,53,0,11,#,0.63,#,2.4,11,11,#,1.3,#,0.046,#,0.1,11,11,#,0.077
1993,0820190,08,503,01,0,11,#,0.84,#,1.2,12,12,#,0.95,#,0.055,#,0.12,12,12,#,0.084
1993,0820200,08,503,02,0,11,#,0.82,#,1.1,12,12,#,0.94,#,0.051,#,0.12,12,12,#,0.082
1993,0820210,08,503,51,0,11,#,0.93,#,1.3,12,12,#,1,#,0.041,#,0.12,12,12,#,0.089
1993,0820220,08,503,52,0,11,#,0.82,#,1.2,12,12,#,0.94,#,0.055,#,0.11,12,12,#,0.079
1993,0920030,09,511,01,0,11,#,0.38,#,0.7,7,8,#,0.52,#,0.017,#,0.033,1,8,#,0.022
1993,0920030,09,511,01,0,12,#,0.26,#,0.67,14,16,#,0.5,#,0.016,#,0.038,3,16,#,0.024
1993,0920030,09,511,01,0,13,#,0.31,#,0.83,7,8,#,0.53,#,0.015,#,0.03,0,8,#,0.022
1993,0920040,09,511,51,0,11,#,0.27,#,0.55,4,8,#,0.43,#,0.017,#,0.033,1,8,#,0.025
1993,0920050,09,511,52,0,11,#,0.3,#,0.7,7,8,#,0.48,#,0.018,#,0.039,1,8,#,0.025
1993,0920060,09,511,53,0,11,#,0.3,#,0.86,7,8,#,0.57,#,0.02,#,0.043,4,8,#,0.032
1993,0920070,09,511,54,0,11,#,0.28,#,0.98,7,8,#,0.57,#,0.017,#,0.042,3,8,#,0.026
1993,0920080,09,511,55,0,11,#,0.28,#,0.62,6,8,#,0.48,#,0.015,#,0.035,2,8,#,0.023
1993,0920090,09,511,56,0,11,#,0.31,#,0.92,6,8,#,0.49,#,0.011,#,0.032,1,8,#,0.02
1993,0920100,09,512,01,0,11,#,0.09,#,0.67,999,8,#,0.31,#,0.004,#,0.01,5,8,#,0.006
1993,0920110,09,512,51,0,11,#,0.08,#,0.34,999,8,#,0.22,#,0.003,#,0.007,4,8,#,0.006
1993,0920140,09,512,54,0,11,#,0.1,#,0.37,999,8,#,0.23,<,0.003,#,0.008,5,8,#,0.006
1993,0920160,09,512,56,0,11,#,0.08,#,0.39,999,8,#,0.22,#,0.004,#,0.008,3,8,#,0.005
1993,1020080,10,501,01,0,11,#,0.18,#,0.26,999,6,#,0.21,#,0.006,#,0.01,0,6,#,0.008
1993,1020080,10,501,01,0,12,#,0.14,#,0.3,999,18,#,0.21,#,0.009,#,0.013,9,18,#,0.011
1993,1020080,10,501,01,0,13,#,0.16,#,0.51,999,6,#,0.29,#,0.009,#,0.017,4,6,#,0.012
1993,1020140,10,502,01,0,11,#,0.23,#,0.33,999,6,#,0.28,#,0.009,#,0.021,5,6,#,0.014
1993,1020140,10,502,01,0,12,#,0.26,#,0.5,999,18,#,0.36,#,0.014,#,0.031,18,18,#,0.019
1993,1020140,10,502,01,0,13,#,0.38,#,3.7,999,6,#,1.4,#,0.017,#,0.23,6,6,#,0.063
1993,1220010,12,501,01,0,11,#,1.1,#,3.9,24,24,#,2.7,#,0.045,#,0.22,24,24,#,0.099
1993,1220020,12,501,51,0,11,#,1.9,#,6.1,24,24,#,3.8,#,0.06,#,0.16,24,24,#,0.11
1993,1220030,12,501,52,0,11,#,1.2,#,3.8,24,24,#,2.4,#,0.052,#,0.19,24,24,#,0.1
1993,1220040,12,501,53,0,11,#,0.86,#,4,24,24,#,1.8,#,0.058,#,0.17,24,24,#,0.086
1993,1220050,12,502,01,0,11,#,3.2,#,8.1,24,24,#,4.9,#,0.19,#,0.62,24,24,#,0.34
1993,1220060,12,502,51,0,11,#,3.9,#,11,24,24,#,7.5,#,0.19,#,0.84,24,24,#,0.47
1993,1220070,12,502,52,0,11,#,1.6,#,5.9,23,23,#,3.4,#,0.15,#,0.51,23,23,#,0.24
1993,1220080,12,502,53,0,11,#,1.8,#,6.6,24,24,#,4.3,#,0.15,#,0.55,24,24,#,0.29
1993,1620010,16,501,01,0,11,#,0.1,#,0.16,999,6,#,0.13,#,0.004,#,0.011,1,6,#,0.008
1993,1620020,16,501,51,0,11,#,0.13,#,0.15,999,4,#,0.14,#,0.004,#,0.01,0,4,#,0.008
1993,1620030,16,502,01,0,11,#,0.08,#,0.16,999,6,#,0.13,#,0.006,#,0.018,2,6,#,0.01
1993,1620040,16,502,51,0,11,#,0.12,#,0.19,999,4,#,0.15,#,0.006,#,0.016,2,4,#,0.011
1993,1720010,17,501,01,0,11,#,0.76,#,1.9,12,12,#,1.2,<,0.003,#,0.62,10,12,#,0.39
1993,1720030,17,502,01,0,11,#,0.76,#,1.4,12,12,#,1,#,0.01,#,0.53,11,12,#,0.4
1993,1720040,17,502,51,0,11,#,0.62,#,1.3,12,12,#,1,<,0.003,#,0.7,11,12,#,0.43
1993,1720050,17,502,52,0,11,#,0.63,#,1.9,12,12,#,1.2,#,0.01,#,0.98,11,12,#,0.48
1993,1720080,17,503,51,0,11,#,0.5,#,1.9,11,12,#,0.89,<,0.003,#,0.51,7,12,#,0.24
1993,1720090,17,504,01,0,11,#,0.79,#,1.9,12,12,#,1.2,#,0.12,#,0.93,12,12,#,0.52
1993,1720100,17,504,51,0,11,#,1.2,#,3,12,12,#,2,#,0.12,#,1.5,12,12,#,0.71
1993,1720110,17,504,52,0,11,#,0.89,#,2.2,12,12,#,1.2,#,0.06,#,0.71,12,12,#,0.44
1993,1820030,18,501,01,0,11,#,0.57,#,1.1,5,6,#,0.88,#,0.027,#,0.1,4,6,#,0.063
1993,1820030,18,501,01,0,13,#,0.6,#,2.3,5,6,#,1.2,#,0.03,#,0.11,3,6,#,0.065
1993,1820040,18,501,51,0,11,#,0.62,#,1.2,6,6,#,0.93,#,0.024,#,0.095,4,6,#,0.064
1993,1820050,18,502,01,0,11,#,0.69,#,1,6,6,#,0.9,#,0.02,#,0.12,2,6,#,0.062
1993,1820060,18,502,02,0,11,#,0.79,#,1.2,6,6,#,0.96,#,0.019,#,0.12,3,6,#,0.064
1993,1820060,18,502,02,0,13,#,0.76,#,1.2,6,6,#,0.98,#,0.023,#,0.12,4,6,#,0.067
1993,1820070,18,502,03,0,11,#,1,#,2,6,6,#,1.6,#,0.025,#,0.18,4,6,#,0.078
1993,1820070,18,502,03,0,13,#,1.1,#,2,6,6,#,1.6,#,0.023,#,0.19,4,6,#,0.083
1993,1820080,18,502,04,0,11,#,1.1,#,2.5,6,6,#,1.9,#,0.06,#,0.17,6,6,#,0.11
1993,1820090,18,502,51,0,11,#,0.79,#,1.2,6,6,#,0.92,#,0.021,#,0.13,4,6,#,0.071
1993,1820100,18,502,52,0,11,#,0.57,#,1.5,5,6,#,1.2,#,0.032,#,0.15,4,6,#,0.079
1993,1820150,18,504,01,0,11,#,0.37,#,1.1,4,6,#,0.72,#,0.02,#,0.05,0,6,#,0.034
1993,1820160,18,504,02,0,11,#,0.4,#,0.91,4,6,#,0.69,#,0.016,#,0.044,0,6,#,0.033
1993,1820160,18,504,02,0,13,#,0.43,#,1,4,6,#,0.7,#,0.028,#,0.054,2,6,#,0.04
1993,1820170,18,504,03,0,11,#,0.37,#,3.8,3,6,#,1.2,#,0.017,#,0.19,2,6,#,0.058
1993,1820180,18,504,04,0,11,#,0.43,#,5.7,4,6,#,1.5,#,0.021,#,0.22,1,6,#,0.064
1993,1820180,18,504,04,0,13,#,0.53,#,0.82,5,6,#,0.69,#,0.022,#,0.28,1,6,#,0.073
1993,1820190,18,504,05,0,11,#,0.34,#,1.6,3,6,#,0.78,#,0.02,#,0.065,1,6,#,0.037
1993,1820200,18,504,06,0,11,#,0.57,#,4.1,5,6,#,1.5,#,0.028,#,0.34,4,6,#,0.11
1993,1820210,18,504,07,0,11,#,0.53,#,3.2,5,6,#,1.4,#,0.029,#,0.28,4,6,#,0.1
1993,1820210,18,504,07,0,13,#,0.5,#,1.8,5,6,#,1.1,#,0.032,#,0.19,4,6,#,0.091
1993,2020010,20,501,01,0,11,#,0.53,#,1.5,10,11,#,0.97,#,0.024,#,0.11,8,11,#,0.059
1993,2020010,20,501,01,0,13,#,0.66,#,1.4,11,11,#,1,#,0.032,#,0.19,8,11,#,0.077
1993,2020020,20,501,02,0,11,#,0.72,#,1.4,11,11,#,0.98,#,0.042,#,0.089,7,11,#,0.061
1993,2020020,20,501,02,0,13,#,0.75,#,1.2,5,5,#,0.94,#,0.049,#,0.11,4,5,#,0.071
1993,2020030,20,501,03,0,11,#,0.74,#,1.5,12,12,#,1.1,#,0.018,#,0.17,5,12,#,0.057
1993,2020030,20,501,03,0,13,#,0.88,#,1.5,12,12,#,1.1,#,0.018,#,0.15,8,12,#,0.065
1993,2020160,20,511,01,0,11,#,0.2,#,0.86,999,12,#,0.39,<,0.003,#,0.014,6,12,#,0.007
1993,2020170,20,512,01,0,11,#,0.26,#,1.1,999,12,#,0.45,#,0.006,#,0.023,7,12,#,0.012
1993,2020180,20,513,01,0,11,#,0.26,#,1.2,999,12,#,0.52,#,0.005,#,0.038,9,12,#,0.017
1993,2020210,20,513,51,0,11,#,0.17,#,1.1,999,8,#,0.6,#,0.006,#,0.044,5,8,#,0.018
1993,2020210,20,513,51,0,13,#,0.24,#,1.4,999,8,#,0.78,#,0.007,#,0.081,4,8,#,0.02
1993,2020190,20,514,01,0,11,<,0.05,#,0.43,999,12,#,0.2,<,0.003,#,0.009,5,12,#,0.005
1993,2020230,20,514,02,0,11,<,0.05,#,0.43,999,12,#,0.22,<,0.003,#,0.008,5,12,#,0.005
1993,2020230,20,514,02,0,13,#,0.14,#,0.65,999,12,#,0.27,<,0.003,#,0.009,4,12,#,0.005
1993,2020200,20,514,51,0,11,#,0.11,#,0.37,999,12,#,0.22,<,0.005,#,0.01,11,12,#,0.008
1993,2520010,25,501,01,0,11,#,0.24,#,0.47,12,12,#,0.31,#,0.006,#,0.024,3,12,#,0.01
1993,2520020,25,501,02,0,11,#,0.27,#,0.47,12,12,#,0.34,#,0.006,#,0.02,7,12,#,0.012
1993,2520030,25,501,03,0,11,#,0.24,#,0.4,12,12,#,0.32,#,0.005,#,0.018,3,12,#,0.008
1993,2520040,25,501,04,0,11,#,0.28,#,0.42,12,12,#,0.33,#,0.006,#,0.015,5,12,#,0.01
1993,2520050,25,501,51,0,11,#,0.24,#,0.36,12,12,#,0.3,#,0.004,#,0.011,1,12,#,0.007
1993,2520060,25,501,52,0,11,#,0.23,#,0.36,12,12,#,0.3,#,0.004,#,0.01,0,12,#,0.007
1993,2520070,25,501,53,0,11,#,0.24,#,0.35,12,12,#,0.3,#,0.005,#,0.012,1,12,#,0.007
1993,2520080,25,501,54,0,11,#,0.25,#,0.35,12,12,#,0.29,#,0.004,#,0.014,1,12,#,0.007
1993,2520090,25,501,55,0,11,#,0.23,#,0.37,12,12,#,0.31,#,0.005,#,0.012,1,12,#,0.007
1993,2520100,25,501,56,0,11,#,0.24,#,0.34,12,12,#,0.31,#,0.005,#,0.012,4,12,#,0.008
1993,2520110,25,501,57,0,11,#,0.23,#,0.35,12,12,#,0.3,#,0.004,#,0.009,0,12,#,0.006
1993,2520120,25,501,58,0,11,#,0.23,#,0.4,12,12,#,0.32,#,0.005,#,0.018,2,12,#,0.009
1993,2520130,25,501,59,0,11,#,0.23,#,0.35,12,12,#,0.3,#,0.004,#,0.011,1,12,#,0.008
1993,2520140,25,501,60,0,11,#,0.25,#,0.43,12,12,#,0.3,#,0.004,#,0.012,2,12,#,0.007
1993,2520150,25,501,61,0,11,#,0.23,#,0.53,12,12,#,0.35,#,0.005,#,0.02,6,12,#,0.011
1993,2520160,25,501,62,0,11,#,0.25,#,0.37,12,12,#,0.3,#,0.005,#,0.01,0,12,#,0.007
1993,2520170,25,501,63,0,11,#,0.26,#,0.39,12,12,#,0.31,#,0.005,#,0.01,0,12,#,0.008
1993,2520180,25,501,64,0,11,#,0.26,#,0.42,12,12,#,0.33,#,0.006,#,0.013,5,12,#,0.01
1993,2520190,25,501,65,0,11,#,0.26,#,0.36,12,12,#,0.32,#,0.005,#,0.012,1,12,#,0.008
1993,2520200,25,501,66,0,11,#,0.22,#,0.41,12,12,#,0.31,#,0.004,#,0.01,0,12,#,0.008
1993,2520210,25,501,67,0,11,#,0.26,#,0.4,12,12,#,0.31,#,0.004,#,0.018,3,12,#,0.008
1993,2520220,25,501,68,0,11,#,0.24,#,0.48,12,12,#,0.35,#,0.004,#,0.02,3,12,#,0.01
1993,2520230,25,501,69,0,11,#,0.22,#,0.39,12,12,#,0.32,#,0.004,#,0.012,2,12,#,0.008
1993,2520240,25,501,70,0,11,#,0.23,#,0.41,12,12,#,0.33,#,0.004,#,0.012,4,12,#,0.009
1993,2520250,25,501,71,0,11,#,0.23,#,0.49,12,12,#,0.36,#,0.006,#,0.018,6,12,#,0.012
1993,2520260,25,501,72,0,11,#,0.23,#,0.42,12,12,#,0.32,#,0.005,#,0.014,2,12,#,0.009
1993,2520270,25,501,73,0,11,#,0.25,#,0.46,12,12,#,0.33,#,0.004,#,0.018,3,12,#,0.01
1993,2520280,25,501,74,0,11,#,0.24,#,0.57,12,12,#,0.39,#,0.004,#,0.026,8,12,#,0.014
1993,2520350,25,502,01,0,11,#,0.25,#,0.45,12,12,#,0.36,#,0.006,#,0.032,6,12,#,0.012
1993,2520360,25,502,02,0,11,#,0.25,#,0.68,12,12,#,0.41,#,0.009,#,0.035,10,12,#,0.019
1993,2520370,25,502,03,0,11,#,0.26,#,0.45,12,12,#,0.37,#,0.016,#,0.032,12,12,#,0.02
1993,2520580,25,502,05,0,11,#,0.22,#,0.55,12,12,#,0.38,#,0.009,#,0.055,11,12,#,0.023
1993,2520390,25,502,51,0,11,#,0.25,#,0.48,12,12,#,0.36,#,0.008,#,0.021,10,12,#,0.015
1993,2520400,25,502,52,0,11,#,0.26,#,0.46,12,12,#,0.38,#,0.008,#,0.045,10,12,#,0.017
1993,2520410,25,502,53,0,11,#,0.27,#,0.43,12,12,#,0.36,#,0.01,#,0.024,9,12,#,0.017
1993,2520420,25,502,54,0,11,#,0.24,#,0.49,12,12,#,0.36,#,0.01,#,0.029,11,12,#,0.016
1993,2520430,25,502,55,0,11,#,0.29,#,0.6,12,12,#,0.39,#,0.011,#,0.027,12,12,#,0.02
1993,2520440,25,502,56,0,11,#,0.22,#,0.45,12,12,#,0.34,#,0.01,#,0.022,10,12,#,0.016
1993,2520450,25,502,57,0,11,#,0.22,#,0.53,12,12,#,0.38,#,0.012,#,0.03,12,12,#,0.022
1993,2520460,25,502,58,0,11,#,0.28,#,0.56,12,12,#,0.4,#,0.014,#,0.034,12,12,#,0.023
1993,2520470,25,502,59,0,11,#,0.31,#,0.78,12,12,#,0.5,#,0.015,#,0.07,12,12,#,0.033
1993,2520480,25,502,60,0,11,#,0.26,#,0.55,12,12,#,0.4,#,0.012,#,0.036,12,12,#,0.024
1993,2520490,25,502,61,0,11,#,0.2,#,0.58,11,12,#,0.4,#,0.009,#,0.034,11,12,#,0.02
1993,2520500,25,502,62,0,11,#,0.29,#,0.57,12,12,#,0.43,#,0.009,#,0.047,11,12,#,0.028
1993,2520510,25,502,63,0,11,#,0.28,#,0.52,12,12,#,0.4,#,0.011,#,0.032,12,12,#,0.021
1993,2520520,25,502,64,0,11,#,0.35,#,0.58,12,12,#,0.46,#,0.011,#,0.029,12,12,#,0.022
1993,2520530,25,502,65,0,11,#,0.23,#,0.6,12,12,#,0.41,#,0.009,#,0.032,11,12,#,0.019
1993,3120120,31,503,01,0,11,#,0.29,#,0.92,16,24,#,0.47,#,0.021,#,0.082,20,24,#,0.045
1993,3120120,31,503,01,0,12,#,0.19,#,0.58,2,12,#,0.33,#,0.024,#,0.27,6,12,#,0.054
1993,3120120,31,503,01,0,13,#,0.1,#,0.65,1,24,#,0.26,#,0.019,#,0.086,7,24,#,0.029
1993,3120140,31,503,03,0,11,#,0.33,#,2.1,19,23,#,0.66,#,0.026,#,0.17,22,23,#,0.061
1993,3120140,31,503,03,0,13,#,0.27,#,0.69,10,23,#,0.41,#,0.021,#,0.23,17,23,#,0.083
1993,3120150,31,503,04,0,11,#,0.4,#,1.5,23,24,#,0.73,#,0.035,#,0.17,24,24,#,0.074
1993,3120150,31,503,04,0,13,#,0.32,#,1.1,22,24,#,0.61,#,0.028,#,0.12,23,24,#,0.069
1993,3120160,31,503,51,0,11,E,99999,E,99999,999,999,E,99999,#,0.027,#,0.12,10,12,#,0.048
1993,3120160,31,503,51,0,13,E,99999,E,99999,999,999,E,99999,#,0.019,#,0.18,4,12,#,0.045
1993,3120240,31,503,52,0,11,#,0.47,#,1.5,12,12,#,0.74,#,0.031,#,0.15,12,12,#,0.057
1993,3120240,31,503,52,0,13,#,0.19,#,0.51,4,12,#,0.37,#,0.024,#,0.2,8,12,#,0.071
1993,3120250,31,503,53,0,11,#,0.44,#,2.1,12,12,#,0.97,#,0.03,#,0.23,11,12,#,0.08
1993,3120250,31,503,53,0,13,#,0.28,#,2.3,7,12,#,0.59,#,0.024,#,0.19,11,12,#,0.088
1993,3120260,31,503,54,0,11,#,0.53,#,1.3,12,12,#,0.84,#,0.036,#,0.11,12,12,#,0.074
1993,3120280,31,503,56,0,11,#,0.37,#,1.8,10,12,#,0.66,#,0.024,#,0.17,11,12,#,0.062
1993,3120280,31,503,56,0,13,#,0.3,#,3.4,8,12,#,0.81,#,0.034,#,0.21,12,12,#,0.1
1993,3120290,31,503,57,0,11,#,0.28,#,0.72,6,12,#,0.41,#,0.025,#,0.073,10,12,#,0.047
1993,3120290,31,503,57,0,13,#,0.15,#,0.37,0,12,#,0.24,#,0.012,#,0.028,0,12,#,0.02
1993,3220010,32,501,01,0,11,#,0.36,#,0.82,18,24,#,0.48,#,0.024,#,0.081,22,24,#,0.048
1993,3220010,32,501,01,0,13,#,0.23,#,0.89,15,24,#,0.5,#,0.03,#,0.27,23,24,#,0.073
1993,3220020,32,501,02,0,11,#,0.29,#,1,20,24,#,0.5,#,0.025,#,0.12,21,24,#,0.047
1993,3220020,32,501,02,0,13,#,0.21,#,0.85,11,24,#,0.46,#,0.027,#,0.26,21,24,#,0.076
1993,3220030,32,501,03,0,11,#,0.29,#,0.83,18,23,#,0.52,#,0.022,#,0.15,19,23,#,0.054
1993,3220030,32,501,03,0,13,#,0.19,#,0.7,10,23,#,0.42,#,0.026,#,0.33,18,23,#,0.094
1993,3220040,32,501,04,0,11,#,0.3,#,1.7,21,23,#,0.66,#,0.026,#,0.28,21,23,#,0.075
1993,3220040,32,501,04,0,13,#,0.27,#,0.71,14,23,#,0.46,#,0.024,#,0.32,21,23,#,0.11
1993,3220050,32,501,05,0,11,#,0.27,#,0.92,18,23,#,0.52,#,0.026,#,0.15,20,23,#,0.055
1993,3220050,32,501,05,0,13,#,0.26,#,0.8,12,23,#,0.44,#,0.018,#,0.3,17,23,#,0.087
1993,3220060,32,501,06,0,11,#,0.25,#,0.87,16,23,#,0.49,#,0.024,#,0.13,20,23,#,0.05
1993,3220060,32,501,06,0,12,#,0.3,#,0.66,6,12,#,0.43,#,0.029,#,0.11,10,12,#,0.049
1993,3220060,32,501,06,0,13,#,0.2,#,0.67,8,23,#,0.37,#,0.018,#,0.26,17,23,#,0.075
1993,3220410,32,501,07,0,11,#,0.3,#,0.65,7,11,#,0.46,#,0.024,#,0.1,9,11,#,0.054
1993,3220410,32,501,07,0,13,#,0.16,#,0.51,1,11,#,0.24,#,0.026,#,0.16,9,11,#,0.055
1993,3220110,32,501,55,0,11,#,0.25,#,0.92,6,11,#,0.46,#,0.025,#,0.16,9,11,#,0.053
1993,3220110,32,501,55,0,13,#,0.16,#,0.36,0,11,#,0.28,#,0.024,#,0.15,8,11,#,0.063
1993,3220130,32,501,57,0,11,#,0.25,#,0.59,4,10,#,0.39,#,0.023,#,0.062,7,10,#,0.043
1993,3220130,32,501,57,0,12,#,0.24,#,0.24,0,1,#,0.24,#,0.081,#,0.081,1,1,#,0.081
1993,3220130,32,501,57,0,13,#,0.14,#,0.3,0,10,#,0.19,#,0.022,#,0.1,7,10,#,0.042
1993,3220220,32,502,01,0,11,#,0.34,#,0.7,18,24,#,0.48,#,0.017,#,0.067,14,24,#,0.035
1993,3220220,32,502,01,0,13,#,0.34,#,0.67,17,24,#,0.48,#,0.018,#,0.063,15,24,#,0.036
1993,3220230,32,502,02,0,11,#,0.29,#,0.74,17,24,#,0.47,#,0.02,#,0.063,16,24,#,0.034
1993,3220230,32,502,02,0,13,#,0.28,#,0.74,16,24,#,0.48,#,0.016,#,0.06,14,24,#,0.036
1993,3220240,32,502,03,0,11,#,0.3,#,0.72,18,24,#,0.48,#,0.021,#,0.052,14,24,#,0.033
1993,3220240,32,502,03,0,12,#,0.4,#,0.72,11,12,#,0.51,#,0.021,#,0.052,7,12,#,0.035
1993,3220240,32,502,03,0,13,#,0.29,#,0.73,18,24,#,0.48,#,0.021,#,0.058,17,24,#,0.036
1993,3220250,32,502,04,0,11,#,0.24,#,0.74,17,24,#,0.47,#,0.021,#,0.068,16,24,#,0.034
1993,3220250,32,502,04,0,13,#,0.27,#,0.8,18,24,#,0.5,#,0.021,#,0.066,18,24,#,0.039
1993,3220260,32,502,05,0,11,#,0.33,#,0.79,16,24,#,0.48,#,0.018,#,0.078,22,24,#,0.044
1993,3220260,32,502,05,0,12,#,0.38,#,0.8,11,12,#,0.51,#,0.021,#,0.059,11,12,#,0.043
1993,3220260,32,502,05,0,13,#,0.28,#,0.79,17,24,#,0.47,#,0.024,#,0.063,22,24,#,0.045
1993,3220270,32,502,51,0,11,#,0.29,#,0.75,18,23,#,0.49,#,0.021,#,0.058,17,23,#,0.037
1993,3220270,32,502,51,0,12,#,0.38,#,0.74,9,10,#,0.53,#,0.018,#,0.066,7,10,#,0.037
1993,3220270,32,502,51,0,13,#,0.34,#,0.78,17,22,#,0.49,#,0.02,#,0.054,18,22,#,0.04
1993,3320010,33,501,01,0,11,#,1.1,#,2.5,12,12,#,1.7,#,0.12,#,0.24,12,12,#,0.17
1993,3320020,33,501,02,0,11,#,1.1,#,2.2,12,12,#,1.7,#,0.11,#,0.24,12,12,#,0.17
1993,3320030,33,501,51,0,11,#,1.2,#,3,12,12,#,2,#,0.16,#,0.25,12,12,#,0.2
1993,3320040,33,501,52,0,11,#,1.1,#,4.1,12,12,#,2.5,#,0.14,#,0.38,12,12,#,0.25
1993,4120120,41,501,01,0,11,#,0.2,#,1.2,8,12,#,0.52,#,0.007,#,0.05,3,12,#,0.025
1993,4120120,41,501,01,0,13,#,0.33,#,2.7,11,12,#,0.91,<,0.003,#,0.096,6,12,#,0.036
1993,4120010,41,501,51,0,11,#,0.28,#,1.5,8,12,#,0.59,#,0.014,#,0.046,5,12,#,0.027
1993,4620020,46,501,01,0,11,#,0.13,#,0.44,999,6,#,0.23,#,0.003,#,0.018,2,6,#,0.009
1993,4620020,46,501,01,0,12,#,0.15,#,0.2,999,6,#,0.17,#,0.003,#,0.006,0,6,#,0.004
1993,4620020,46,501,01,0,13,#,0.17,#,0.22,999,6,#,0.19,<,0.003,#,0.005,0,6,#,0.004
1993,4620030,46,501,02,0,11,#,0.17,#,0.38,999,6,#,0.23,#,0.004,#,0.015,2,6,#,0.009
1993,4620030,46,501,02,0,12,#,0.12,#,0.27,999,12,#,0.18,#,0.003,#,0.008,0,12,#,0.006
1993,4620030,46,501,02,0,13,#,0.16,#,0.28,999,12,#,0.22,<,0.003,#,0.033,6,12,#,0.017
1993,4620040,46,501,03,0,11,#,0.14,#,0.34,999,6,#,0.25,#,0.004,#,0.02,2,6,#,0.01
1993,4620040,46,501,03,0,12,#,0.13,#,0.19,999,6,#,0.17,#,0.003,#,0.005,0,6,#,0.004
1993,4620040,46,501,03,0,13,#,0.17,#,0.24,999,6,#,0.2,<,0.003,#,0.004,0,6,#,0.003
1993,4620050,46,501,51,0,11,#,0.14,#,0.51,999,6,#,0.24,#,0.004,#,0.024,2,6,#,0.01
1993,4620060,46,501,52,0,11,#,0.14,#,0.27,999,6,#,0.2,#,0.004,#,0.014,2,6,#,0.008
1993,4620100,46,501,53,0,11,#,0.14,#,0.34,999,6,#,0.22,#,0.003,#,0.014,2,6,#,0.009
1993,4620100,46,501,53,0,12,#,0.15,#,0.29,999,6,#,0.2,#,0.005,#,0.01,0,6,#,0.007
1993,4620100,46,501,53,0,13,#,0.15,#,0.18,999,6,#,0.16,#,0.004,#,0.008,0,6,#,0.005
1993,4620110,46,502,01,0,11,#,0.63,#,1.1,999,12,#,0.91,#,0.02,#,0.11,4,12,#,0.048
1993,4620110,46,502,01,0,12,#,0.88,#,1.1,999,12,#,0.98,#,0.03,#,0.1,2,12,#,0.046
1993,4620110,46,502,01,0,13,#,0.89,#,1.3,999,12,#,1,#,0.032,#,0.075,3,12,#,0.046
1993,4620120,46,502,02,0,11,#,0.42,#,1.2,999,12,#,0.91,#,0.026,#,0.11,3,12,#,0.046
1993,4620120,46,502,02,0,12,#,0.79,#,1.9,999,12,#,1,#,0.03,#,0.056,2,12,#,0.041
1993,4620120,46,502,02,0,13,#,0.86,#,1.4,999,12,#,1.1,#,0.033,#,0.059,2,12,#,0.044
1993,4620130,46,502,03,0,11,#,0.61,#,1,999,12,#,0.84,#,0.021,#,0.077,2,12,#,0.041
1993,4620130,46,502,03,0,12,#,0.86,#,1.2,999,12,#,1,#,0.032,#,0.052,1,12,#,0.04
1993,4620130,46,502,03,0,13,#,0.9,#,1.6,999,12,#,1.1,#,0.033,#,0.071,7,12,#,0.052
1993,4620140,46,502,51,0,11,#,0.77,#,1.1,999,6,#,0.99,#,0.04,#,0.075,3,6,#,0.054
1993,4620140,46,502,51,0,12,#,0.92,#,1,999,6,#,0.98,#,0.033,#,0.063,3,6,#,0.048
1993,4620140,46,502,51,0,13,#,0.89,#,1.4,999,6,#,1,#,0.035,#,0.056,3,6,#,0.047
1993,4620150,46,502,52,0,11,#,0.5,#,1,999,6,#,0.91,#,0.022,#,0.06,3,6,#,0.045
1993,4620150,46,502,52,0,12,#,0.95,#,1.1,999,6,#,1,#,0.031,#,0.066,1,6,#,0.045
1993,4620150,46,502,52,0,13,#,0.89,#,1.1,999,6,#,1,#,0.037,#,0.06,2,6,#,0.045
1993,4620010,46,503,01,0,11,#,0.12,#,0.18,999,6,#,0.15,#,0.007,#,0.011,2,6,#,0.009
1993,4620010,46,503,01,0,12,#,0.1,#,0.27,999,30,#,0.16,#,0.003,#,0.02,5,30,#,0.008
1993,4620160,46,503,51,0,11,#,0.12,#,0.18,999,6,#,0.16,#,0.006,#,0.011,2,6,#,0.009
1993,4620160,46,503,51,0,12,#,0.12,#,0.24,999,6,#,0.17,#,0.007,#,0.012,2,6,#,0.009
1993,4620160,46,503,51,0,13,#,0.13,#,0.18,999,6,#,0.16,#,0.006,#,0.016,1,6,#,0.009
1993,4620170,46,503,52,0,11,#,0.11,#,0.17,999,6,#,0.15,#,0.007,#,0.012,2,6,#,0.009
1993,4620170,46,503,52,0,12,#,0.11,#,0.19,999,6,#,0.15,#,0.005,#,0.012,2,6,#,0.008
1993,4620170,46,503,52,0,13,#,0.1,#,0.19,999,6,#,0.15,#,0.004,#,0.012,1,6,#,0.007
