西暦年度,絶対番号,県コード_地点統一番号,水域コード_地点統一番号,地点コード_地点統一番号,調査区分,採取位置,C_全窒素_最小値,全窒素_最小値,C_全窒素_最大値,全窒素_最大値,m_全窒素,n_全窒素,C_全窒素_日間平均値_平均値,全窒素_日間平均値_平均値,C_全燐_最小値,全燐_最小値,C_全燐_最大値,全燐_最大値,m_全燐,n_全燐,C_全燐_日間平均値_平均値,全燐_日間平均値_平均値
1991,0120010,01,501,01,0,11,#,0.4,#,1.1,5,8,#,0.68,#,0.018,#,0.12,3,8,#,0.05
1991,0120020,01,501,02,0,11,#,0.43,#,1.1,5,8,#,0.69,#,0.015,#,0.11,4,8,#,0.052
1991,0120030,01,501,51,0,11,#,0.36,#,0.94,5,8,#,0.68,#,0.025,#,0.15,6,8,#,0.073
1991,0120040,01,501,52,0,11,#,0.39,#,1.2,5,8,#,0.7,#,0.005,#,0.17,3,8,#,0.049
1991,0120050,01,502,01,0,11,<,0.05,#,0.83,999,6,#,0.2,<,0.003,<,0.003,0,6,<,0.003
1991,0120060,01,502,02,0,11,#,0.05,#,0.81,999,6,#,0.21,<,0.003,<,0.003,0,6,<,0.003
1991,0120110,01,503,01,0,11,#,0.19,#,0.25,999,6,#,0.21,<,0.003,#,0.003,0,6,#,0.003
1991,0120120,01,503,02,0,11,#,0.18,#,0.35,999,6,#,0.23,<,0.003,#,0.003,0,6,#,0.003
1991,0120130,01,503,03,0,11,#,0.17,#,0.29,999,6,#,0.22,<,0.003,#,0.004,0,6,#,0.003
1991,0120140,01,503,51,0,11,#,0.19,#,0.25,999,6,#,0.21,<,0.003,#,0.003,0,6,#,0.003
1991,0120150,01,503,52,0,11,#,0.19,#,0.26,999,6,#,0.22,<,0.003,#,0.004,0,6,#,0.003
1991,0120160,01,503,53,0,11,#,0.21,#,0.37,999,6,#,0.26,<,0.003,#,0.003,0,6,#,0.003
1991,0120170,01,503,54,0,11,#,0.15,#,0.37,999,6,#,0.22,<,0.003,#,0.003,0,6,#,0.003
1991,0120190,01,504,02,0,11,#,0.47,#,0.78,999,5,#,0.62,#,0.014,#,0.059,2,5,#,0.032
1991,0120240,01,505,01,0,11,#,0.2,#,0.28,0,6,#,0.23,#,0.016,#,0.025,0,6,#,0.021
1991,0120240,01,505,01,0,12,#,0.13,#,0.35,0,6,#,0.24,#,0.014,#,0.03,0,6,#,0.021
1991,0120250,01,505,02,0,11,#,0.16,#,0.38,0,6,#,0.24,#,0.012,#,0.028,0,6,#,0.02
1991,0120250,01,505,02,0,12,#,0.2,#,0.37,0,6,#,0.29,#,0.014,#,0.03,0,6,#,0.023
1991,0120260,01,505,03,0,11,#,0.15,#,0.74,2,6,#,0.38,#,0.014,#,0.033,1,6,#,0.023
1991,0120260,01,505,03,0,12,#,0.17,#,0.75,2,6,#,0.37,#,0.014,#,0.051,1,6,#,0.026
1991,0120270,01,505,51,0,11,#,0.1,#,0.49,1,5,#,0.3,#,0.011,#,0.045,1,5,#,0.022
1991,0120280,01,505,52,0,11,#,0.11,#,0.58,2,6,#,0.32,#,0.012,#,0.034,1,6,#,0.021
1991,0120290,01,505,53,0,11,#,0.13,#,0.64,1,6,#,0.27,#,0.011,#,0.03,0,6,#,0.019
1991,0120300,01,505,54,0,11,#,0.08,#,0.28,0,5,#,0.22,#,0.01,#,0.03,0,5,#,0.018
1991,0120310,01,506,01,0,11,<,0.05,#,0.25,999,6,#,0.15,<,0.003,#,0.003,0,6,#,0.003
1991,0120320,01,506,02,0,11,#,0.08,#,0.28,999,6,#,0.16,<,0.003,#,0.035,1,6,#,0.008
1991,0120360,01,507,01,0,11,#,0.07,#,0.27,999,4,#,0.15,#,0.003,#,0.022,2,4,#,0.011
1991,0120360,01,507,01,0,12,#,0.09,#,0.23,999,4,#,0.16,#,0.004,#,0.018,2,4,#,0.011
1991,0120370,01,507,02,0,11,#,0.07,#,0.3,999,4,#,0.17,#,0.006,#,0.041,3,4,#,0.02
1991,0120370,01,507,02,0,12,#,0.11,#,0.33,999,4,#,0.22,#,0.006,#,0.042,3,4,#,0.02
1991,0120380,01,507,51,0,11,#,0.07,#,0.31,999,4,#,0.17,#,0.004,#,0.019,2,4,#,0.011
1991,0120390,01,507,52,0,11,#,0.08,#,0.46,999,4,#,0.21,#,0.003,#,0.017,2,4,#,0.009
1991,0120400,01,507,53,0,11,#,0.09,#,0.54,999,4,#,0.28,<,0.003,#,0.02,2,4,#,0.01
1991,0120410,01,508,01,0,11,#,0.11,#,0.29,999,4,#,0.19,#,0.006,#,0.019,3,4,#,0.015
1991,0120410,01,508,01,0,12,#,0.17,#,0.29,999,4,#,0.23,#,0.007,#,0.021,2,4,#,0.014
1991,0120420,01,508,02,0,11,#,0.15,#,0.42,999,4,#,0.28,#,0.006,#,0.022,3,4,#,0.014
1991,0120420,01,508,02,0,12,#,0.22,#,0.43,999,4,#,0.3,#,0.007,#,0.019,3,4,#,0.014
1991,0120430,01,508,51,0,11,#,0.11,#,0.46,999,4,#,0.29,#,0.006,#,0.022,2,4,#,0.013
1991,0120440,01,508,52,0,11,#,0.11,#,0.29,999,4,#,0.2,#,0.005,#,0.025,3,4,#,0.017
1991,0120450,01,508,53,0,11,#,0.12,#,0.76,999,4,#,0.39,#,0.004,#,0.029,2,4,#,0.016
1991,0120460,01,509,01,0,11,#,1.4,#,3.3,6,6,#,2.2,#,0.025,#,0.38,5,6,#,0.19
1991,0120470,01,509,02,0,11,#,1.5,#,2.7,6,6,#,2,#,0.097,#,0.35,5,6,#,0.21
1991,0120480,01,509,51,0,11,#,1.8,#,2.9,6,6,#,2.2,#,0.11,#,0.3,6,6,#,0.21
1991,0120490,01,509,52,0,11,#,1.5,#,2.7,6,6,#,2.1,#,0.12,#,0.32,6,6,#,0.21
1991,0120550,01,510,01,0,11,<,0.05,#,0.08,0,4,#,0.06,<,0.003,#,0.004,0,4,#,0.003
1991,0120550,01,510,01,0,12,<,0.05,#,0.06,0,4,#,0.05,<,0.003,<,0.003,0,4,<,0.003
1991,0120560,01,510,02,0,11,<,0.05,#,0.07,0,4,#,0.06,<,0.003,<,0.003,0,4,<,0.003
1991,0120560,01,510,02,0,12,<,0.05,#,0.08,0,4,#,0.06,<,0.003,<,0.003,0,4,<,0.003
1991,0120570,01,510,51,0,11,<,0.05,<,0.05,999,4,<,0.05,<,0.003,<,0.003,0,4,<,0.003
1991,0120570,01,510,51,0,12,<,0.05,#,0.08,999,4,#,0.06,<,0.003,<,0.003,0,4,<,0.003
1991,0120580,01,510,52,0,11,<,0.05,#,0.08,999,4,#,0.06,<,0.003,<,0.003,0,4,<,0.003
1991,0120580,01,510,52,0,12,<,0.05,<,0.05,999,4,<,0.05,<,0.003,<,0.003,0,4,<,0.003
1991,0320130,03,506,01,0,11,#,0.33,#,0.97,10,12,#,0.53,#,0.004,#,0.025,0,12,#,0.011
1991,0320130,03,506,01,0,12,#,0.31,#,1.1,9,12,#,0.56,#,0.006,#,0.035,1,12,#,0.011
1991,0320130,03,506,01,0,13,#,0.31,#,1,9,12,#,0.52,#,0.004,#,0.012,0,12,#,0.008
1991,0320120,03,506,51,0,11,#,0.4,#,0.9,5,6,#,0.62,#,0.012,#,0.044,3,6,#,0.027
1991,0320120,03,506,51,0,13,#,0.41,#,1.1,6,6,#,0.81,#,0.01,#,0.031,1,6,#,0.017
1991,0420140,04,505,01,0,11,#,0.31,#,0.81,999,12,#,0.55,#,0.006,#,0.033,6,12,#,0.014
1991,0420140,04,505,01,0,12,#,0.35,#,0.73,999,12,#,0.56,#,0.004,#,0.023,5,12,#,0.011
1991,0420140,04,505,01,0,13,#,0.35,#,0.81,999,12,#,0.58,#,0.004,#,0.043,6,12,#,0.015
1991,0420190,04,507,01,0,11,#,0.15,#,0.33,999,12,#,0.24,#,0.003,#,0.021,6,12,#,0.013
1991,0720020,07,501,01,0,11,#,0.21,#,0.27,999,8,#,0.23,<,0.003,<,0.003,0,8,<,0.003
1991,0720020,07,501,01,0,12,#,0.22,#,0.34,999,7,#,0.25,<,0.003,#,0.003,0,7,#,0.003
1991,0720020,07,501,01,0,13,#,0.22,#,0.31,999,17,#,0.25,<,0.003,#,0.005,0,17,#,0.003
1991,0720030,07,501,51,0,11,#,0.2,#,0.26,999,6,#,0.23,<,0.003,#,0.004,0,6,#,0.003
1991,0720040,07,501,52,0,11,#,0.21,#,0.31,999,6,#,0.25,<,0.003,#,0.009,0,6,#,0.005
1991,0720050,07,501,53,0,11,#,0.2,#,0.26,999,6,#,0.24,<,0.003,#,0.004,0,6,#,0.003
1991,0720060,07,501,54,0,11,#,0.13,#,0.27,999,7,#,0.22,<,0.003,#,0.006,0,7,#,0.003
1991,0720070,07,501,55,0,11,#,0.13,#,0.29,999,7,#,0.22,<,0.003,#,0.006,0,7,#,0.003
1991,0720080,07,501,56,0,11,#,0.15,#,0.27,999,7,#,0.21,<,0.003,#,0.004,0,7,#,0.003
1991,0720260,07,501,57,0,11,#,0.22,#,0.42,999,8,#,0.27,<,0.003,#,0.012,1,8,#,0.005
1991,0720120,07,502,01,0,11,#,0.09,#,0.21,999,7,#,0.13,#,0.003,#,0.008,0,7,#,0.006
1991,0720120,07,502,01,0,13,#,0.07,#,0.2,999,7,#,0.14,#,0.004,#,0.006,0,7,#,0.005
1991,0720270,07,502,51,0,11,#,0.09,#,0.18,999,7,#,0.13,<,0.003,#,0.011,1,7,#,0.006
1991,0720280,07,502,52,0,11,#,0.08,#,0.14,999,7,#,0.11,#,0.003,#,0.022,1,7,#,0.007
1991,0720130,07,503,01,0,11,#,0.1,#,0.17,999,7,#,0.14,#,0.003,#,0.009,0,7,#,0.006
1991,0720290,07,503,51,0,11,#,0.11,#,0.17,999,7,#,0.13,<,0.003,#,0.007,0,7,#,0.005
1991,0720300,07,503,52,0,11,#,0.08,#,0.19,999,7,#,0.13,#,0.004,#,0.011,1,7,#,0.007
1991,0720140,07,504,01,0,11,#,0.09,#,0.23,999,7,#,0.15,#,0.005,#,0.02,1,7,#,0.009
1991,0720140,07,504,01,0,13,#,0.09,#,0.18,999,7,#,0.14,#,0.003,#,0.013,2,7,#,0.007
1991,0720310,07,504,51,0,11,#,0.11,#,0.18,999,7,#,0.15,#,0.003,#,0.012,1,7,#,0.007
1991,0720320,07,504,52,0,11,#,0.08,#,0.17,999,7,#,0.12,#,0.003,#,0.009,0,7,#,0.006
1991,0820010,08,501,01,0,11,#,0.82,#,2.9,12,12,#,1.6,#,0.04,#,0.14,12,12,#,0.083
1991,0820020,08,501,02,0,11,#,0.85,#,2.8,12,12,#,1.5,#,0.021,#,0.18,11,12,#,0.09
1991,0820030,08,501,03,0,11,#,0.71,#,1.8,24,24,#,1.2,#,0.024,#,0.12,23,24,#,0.068
1991,0820040,08,501,04,0,11,#,0.57,#,2.1,12,12,#,1.3,#,0.023,#,0.1,11,12,#,0.064
1991,0820050,08,501,51,0,11,#,0.88,#,3.4,12,12,#,2,#,0.04,#,0.26,12,12,#,0.11
1991,0820060,08,501,52,0,11,#,0.72,#,2.6,12,12,#,1.4,#,0.032,#,0.12,12,12,#,0.074
1991,0820070,08,501,53,0,11,#,0.76,#,2.2,12,12,#,1.2,#,0.021,#,0.12,11,12,#,0.075
1991,0820080,08,501,54,0,11,#,0.62,#,1.8,12,12,#,1.2,#,0.027,#,0.13,11,12,#,0.071
1991,0820090,08,501,55,0,11,#,1.6,#,4.7,12,12,#,3.4,#,0.06,#,0.65,12,12,#,0.19
1991,0820100,08,501,56,0,11,#,1.8,#,3.9,12,12,#,2.9,#,0.04,#,0.22,12,12,#,0.12
1991,0820110,08,501,57,0,11,#,0.94,#,3.4,12,12,#,2.2,#,0.02,#,0.2,11,12,#,0.095
1991,0820120,08,501,58,0,11,#,0.54,#,5,12,12,#,3.1,#,0.04,#,0.12,12,12,#,0.088
1991,0820140,08,502,01,0,11,#,0.55,#,2.3,12,12,#,1.2,#,0.029,#,0.092,11,12,#,0.058
1991,0820150,08,502,02,0,11,#,0.73,#,1.9,12,12,#,1.1,#,0.027,#,0.098,10,12,#,0.064
1991,0820160,08,502,51,0,11,#,0.64,#,2.6,12,12,#,1.6,#,0.027,#,0.15,11,12,#,0.072
1991,0820170,08,502,52,0,11,#,0.82,#,6.3,12,12,#,4.2,<,0.003,#,0.2,9,12,#,0.074
1991,0820180,08,502,53,0,11,#,0.32,#,4.3,10,12,#,1.5,#,0.02,#,0.12,9,12,#,0.058
1991,0820190,08,503,01,0,11,#,0.7,#,1.9,12,12,#,1.1,#,0.03,#,0.14,11,12,#,0.071
1991,0820200,08,503,02,0,11,#,0.65,#,2.1,12,12,#,1.1,#,0.028,#,0.12,11,12,#,0.067
1991,0820210,08,503,51,0,11,#,0.76,#,2,12,12,#,1.2,#,0.031,#,0.12,12,12,#,0.073
1991,0820220,08,503,52,0,11,#,0.61,#,1.9,12,12,#,1.2,#,0.026,#,0.13,11,12,#,0.065
1991,0920030,09,511,01,0,11,#,0.31,#,0.62,4,8,#,0.42,#,0.013,#,0.028,0,8,#,0.018
1991,0920030,09,511,01,0,12,#,0.14,#,0.61,8,16,#,0.43,#,0.015,#,0.048,3,16,#,0.025
1991,0920030,09,511,01,0,13,#,0.06,#,0.59,6,8,#,0.43,#,0.013,#,0.066,2,8,#,0.028
1991,0920040,09,511,51,0,11,#,0.31,#,0.58,2,8,#,0.39,#,0.016,#,0.032,1,8,#,0.022
1991,0920050,09,511,52,0,11,#,0.29,#,0.53,3,7,#,0.39,#,0.014,#,0.034,1,7,#,0.02
1991,0920060,09,511,53,0,11,#,0.3,#,0.59,3,7,#,0.41,#,0.017,#,0.028,0,7,#,0.02
1991,0920070,09,511,54,0,11,#,0.3,#,0.54,3,7,#,0.39,#,0.014,#,0.03,0,7,#,0.021
1991,0920080,09,511,55,0,11,#,0.11,#,0.58,3,7,#,0.36,#,0.011,#,0.024,0,7,#,0.016
1991,0920090,09,511,56,0,11,#,0.17,#,0.58,3,8,#,0.39,#,0.007,#,0.022,0,8,#,0.017
1991,0920100,09,512,01,0,11,#,0.11,#,0.31,999,8,#,0.23,<,0.003,#,0.01,2,8,#,0.006
1991,0920110,09,512,51,0,11,#,0.12,#,0.38,999,8,#,0.25,#,0.003,#,0.015,4,8,#,0.007
1991,0920140,09,512,54,0,11,#,0.09,#,0.28,999,8,#,0.2,<,0.003,#,0.009,4,8,#,0.006
1991,0920160,09,512,56,0,11,#,0.1,#,0.32,999,8,#,0.23,<,0.003,#,0.013,3,8,#,0.006
1991,1020080,10,501,01,0,11,#,0.19,#,0.54,999,6,#,0.29,#,0.006,#,0.011,2,6,#,0.009
1991,1020080,10,501,01,0,12,#,0.17,#,0.48,999,18,#,0.28,#,0.009,#,0.013,9,18,#,0.011
1991,1020080,10,501,01,0,13,#,0.18,#,0.4,999,6,#,0.31,#,0.009,#,0.019,5,6,#,0.013
1991,1020090,10,501,51,0,11,#,0.16,#,0.3,999,6,#,0.25,#,0.008,#,0.011,2,6,#,0.009
1991,1020100,10,501,52,0,11,#,0.13,#,0.27,999,6,#,0.2,#,0.006,#,0.01,0,6,#,0.009
1991,1020110,10,501,53,0,11,#,0.15,#,0.29,999,6,#,0.23,#,0.006,#,0.011,2,6,#,0.009
1991,1020120,10,501,54,0,11,#,0.13,#,0.27,999,6,#,0.22,#,0.006,#,0.011,2,6,#,0.009
1991,1020130,10,501,55,0,11,#,0.14,#,0.25,999,6,#,0.21,#,0.007,#,0.012,1,5,#,0.009
1991,1020140,10,502,01,0,11,#,0.12,#,0.32,999,6,#,0.19,#,0.009,#,0.015,2,6,#,0.011
1991,1020140,10,502,01,0,12,#,0.12,#,0.38,999,18,#,0.24,#,0.012,#,0.026,18,18,#,0.017
1991,1020140,10,502,01,0,13,#,0.27,#,1.4,999,6,#,0.87,#,0.014,#,0.048,6,6,#,0.029
1991,1020150,10,502,51,0,11,#,0.15,#,0.27,999,6,#,0.21,#,0.009,#,0.013,4,6,#,0.011
1991,1020160,10,502,52,0,11,#,0.12,#,0.28,999,6,#,0.21,#,0.009,#,0.015,2,6,#,0.011
1991,1020170,10,502,53,0,11,#,0.11,#,0.33,999,6,#,0.2,#,0.008,#,0.014,2,6,#,0.011
1991,1020180,10,502,54,0,11,#,0.11,#,0.25,999,6,#,0.18,#,0.009,#,0.017,2,6,#,0.012
1991,1220010,12,501,01,0,11,#,1,#,5.3,24,24,#,3,#,0.05,#,0.16,24,24,#,0.088
1991,1220020,12,501,51,0,11,#,1.9,#,6,24,24,#,4,#,0.077,#,0.18,24,24,#,0.12
1991,1220030,12,501,52,0,11,#,0.95,#,4.6,24,24,#,2.6,#,0.043,#,0.14,24,24,#,0.076
1991,1220040,12,501,53,0,11,#,0.61,#,3.7,24,24,#,1.9,#,0.04,#,0.13,24,24,#,0.069
1991,1220050,12,502,01,0,11,#,1.5,#,7,24,24,#,4.4,#,0.1,#,0.56,23,24,#,0.33
1991,1220060,12,502,51,0,11,#,4.9,#,9.6,24,24,#,7.2,#,0.16,#,0.95,24,24,#,0.47
1991,1220070,12,502,52,0,11,#,1.7,#,5.4,24,24,#,3.6,#,0.088,#,0.62,23,24,#,0.24
1991,1220080,12,502,53,0,11,#,1.6,#,7,24,24,#,4.2,#,0.12,#,0.52,24,24,#,0.27
1991,1620010,16,501,01,0,11,#,0.11,#,0.15,999,6,#,0.13,#,0.009,#,0.011,1,6,#,0.01
1991,1620020,16,501,51,0,11,#,0.11,#,0.24,999,4,#,0.15,#,0.009,#,0.017,2,4,#,0.012
1991,1620030,16,502,01,0,11,#,0.09,#,0.14,999,6,#,0.11,#,0.007,#,0.016,3,6,#,0.011
1991,1620040,16,502,51,0,11,#,0.09,#,0.11,999,4,#,0.1,#,0.007,#,0.014,1,4,#,0.01
1991,1720010,17,501,01,0,11,#,1.1,#,2.2,12,12,#,1.7,#,0.1,#,0.25,12,12,#,0.15
1991,1720030,17,502,01,0,11,#,0.16,#,1.9,11,12,#,1.1,#,0.047,#,0.16,11,12,#,0.1
1991,1720040,17,502,51,0,11,#,0.89,#,2.8,12,12,#,1.5,#,0.081,#,0.16,12,12,#,0.12
1991,1720050,17,502,52,0,11,#,0.81,#,3,12,12,#,1.5,#,0.06,#,0.15,12,12,#,0.11
1991,1720080,17,503,51,0,11,#,0.7,#,2.4,12,12,#,1.2,#,0.056,#,0.13,12,12,#,0.097
1991,1720090,17,504,01,0,11,#,0.96,#,3,12,12,#,1.5,#,0.077,#,0.17,12,12,#,0.12
1991,1720100,17,504,51,0,11,#,0.91,#,4.3,12,12,#,2.4,#,0.075,#,0.71,12,12,#,0.26
1991,1720110,17,504,52,0,11,#,0.51,#,3.1,11,12,#,1.4,#,0.062,#,0.28,12,12,#,0.13
1991,1820030,18,501,01,0,11,#,0.48,#,0.94,8,10,#,0.75,#,0.049,#,0.15,9,10,#,0.082
1991,1820030,18,501,01,0,13,#,0.59,#,1,8,10,#,0.8,#,0.05,#,0.15,9,10,#,0.086
1991,1820040,18,501,51,0,11,#,0.6,#,0.94,9,10,#,0.77,#,0.05,#,0.12,9,10,#,0.079
1991,1820050,18,502,01,0,11,#,0.65,#,0.97,10,10,#,0.82,#,0.052,#,0.11,10,10,#,0.081
1991,1820060,18,502,02,0,11,#,0.67,#,1,10,10,#,0.88,#,0.047,#,0.12,9,10,#,0.087
1991,1820060,18,502,02,0,13,#,0.67,#,1,10,10,#,0.9,#,0.048,#,0.13,9,10,#,0.089
1991,1820070,18,502,03,0,11,#,1.1,#,2.1,10,10,#,1.6,#,0.051,#,0.12,10,10,#,0.087
1991,1820070,18,502,03,0,13,#,1.1,#,2.3,10,10,#,1.6,#,0.056,#,0.13,10,10,#,0.093
1991,1820080,18,502,04,0,11,#,1.2,#,2.5,10,10,#,1.8,#,0.061,#,0.19,10,10,#,0.11
1991,1820090,18,502,51,0,11,#,0.67,#,1,10,10,#,0.91,#,0.054,#,0.12,10,10,#,0.091
1991,1820100,18,502,52,0,11,#,0.71,#,1.4,10,10,#,1.2,#,0.057,#,0.14,10,10,#,0.092
1991,1820150,18,504,01,0,11,#,0.24,#,0.58,0,10,#,0.38,#,0.02,#,0.035,0,10,#,0.029
1991,1820160,18,504,02,0,11,#,0.22,#,0.61,1,10,#,0.35,#,0.023,#,0.043,0,10,#,0.029
1991,1820160,18,504,02,0,13,#,0.19,#,0.77,2,10,#,0.46,#,0.027,#,0.068,2,10,#,0.044
1991,1820170,18,504,03,0,11,#,0.18,#,0.58,0,10,#,0.33,#,0.019,#,0.027,0,10,#,0.024
1991,1820180,18,504,04,0,11,#,0.22,#,0.53,0,10,#,0.35,#,0.016,#,0.028,0,10,#,0.023
1991,1820180,18,504,04,0,12,#,0.21,#,0.61,1,10,#,0.37,#,0.02,#,0.033,0,10,#,0.027
1991,1820190,18,504,05,0,11,#,0.23,#,0.52,0,10,#,0.31,#,0.019,#,0.028,0,10,#,0.023
1991,1820200,18,504,06,0,11,#,0.39,#,1,6,10,#,0.69,#,0.033,#,0.091,7,10,#,0.064
1991,1820210,18,504,07,0,11,#,0.43,#,0.94,7,10,#,0.7,#,0.03,#,0.092,8,10,#,0.065
1991,1820210,18,504,07,0,13,#,0.43,#,1.1,8,10,#,0.76,#,0.031,#,0.089,9,10,#,0.07
1991,2020010,20,501,01,0,11,#,0.59,#,2.5,11,12,#,1.1,#,0.038,#,0.22,9,12,#,0.098
1991,2020010,20,501,01,0,13,#,0.91,#,1.3,4,4,#,1.1,#,0.055,#,0.16,4,4,#,0.088
1991,2020020,20,501,02,0,11,#,0.64,#,3,12,12,#,1.2,#,0.044,#,0.34,10,12,#,0.14
1991,2020020,20,501,02,0,13,#,0.91,#,1.3,4,4,#,1.1,#,0.067,#,0.22,4,4,#,0.11
1991,2020030,20,501,03,0,11,#,0.79,#,2,12,12,#,1.3,#,0.043,#,0.16,9,11,#,0.084
1991,2020030,20,501,03,0,13,#,0.68,#,2.1,12,12,#,1.3,#,0.054,#,0.76,12,12,#,0.15
1991,2020160,20,511,01,0,11,#,0.11,#,0.51,999,12,#,0.29,#,0.003,#,0.012,6,11,#,0.007
1991,2020170,20,512,01,0,11,#,0.15,#,0.63,999,12,#,0.34,#,0.009,#,0.021,8,12,#,0.013
1991,2020180,20,513,01,0,11,#,0.14,#,0.52,999,12,#,0.28,#,0.008,#,0.024,9,11,#,0.016
1991,2020210,20,513,51,0,11,#,0.11,#,0.47,999,10,#,0.27,#,0.005,#,0.023,8,10,#,0.013
1991,2020210,20,513,51,0,13,#,0.32,#,1.1,999,10,#,0.76,#,0.005,#,0.062,7,10,#,0.022
1991,2020190,20,514,01,0,11,#,0.06,#,0.32,999,12,#,0.17,#,0.004,#,0.032,7,12,#,0.009
1991,2020230,20,514,02,0,11,#,0.13,#,0.68,999,12,#,0.25,#,0.004,#,0.011,6,12,#,0.006
1991,2020230,20,514,02,0,13,#,0.05,#,0.42,999,12,#,0.26,#,0.003,#,0.008,6,12,#,0.006
1991,2020200,20,514,51,0,11,#,0.11,#,0.55,999,12,#,0.28,#,0.004,#,0.019,10,12,#,0.009
1991,2520010,25,501,01,0,11,#,0.25,#,0.46,12,12,#,0.32,#,0.006,#,0.023,5,12,#,0.011
1991,2520020,25,501,02,0,11,#,0.24,#,0.42,12,12,#,0.32,#,0.006,#,0.023,9,12,#,0.012
1991,2520030,25,501,03,0,11,#,0.21,#,0.36,12,12,#,0.3,#,0.005,#,0.014,2,12,#,0.009
1991,2520040,25,501,04,0,11,#,0.27,#,0.5,12,12,#,0.35,#,0.007,#,0.018,7,12,#,0.012
1991,2520050,25,501,51,0,11,#,0.22,#,0.34,12,12,#,0.28,#,0.004,#,0.014,1,12,#,0.007
1991,2520060,25,501,52,0,11,#,0.21,#,0.33,12,12,#,0.28,#,0.004,#,0.013,1,12,#,0.007
1991,2520070,25,501,53,0,11,#,0.2,#,0.33,11,12,#,0.28,#,0.004,#,0.013,1,12,#,0.007
1991,2520080,25,501,54,0,11,#,0.23,#,0.38,12,12,#,0.29,#,0.005,#,0.014,1,12,#,0.008
1991,2520090,25,501,55,0,11,#,0.22,#,0.35,12,12,#,0.29,#,0.004,#,0.017,3,12,#,0.008
1991,2520100,25,501,56,0,11,#,0.21,#,0.34,12,12,#,0.29,#,0.005,#,0.015,2,12,#,0.008
1991,2520110,25,501,57,0,11,#,0.22,#,0.33,12,12,#,0.27,#,0.004,#,0.011,1,12,#,0.007
1991,2520120,25,501,58,0,11,#,0.22,#,0.64,12,12,#,0.32,#,0.005,#,0.056,4,12,#,0.013
1991,2520130,25,501,59,0,11,#,0.23,#,0.34,12,12,#,0.28,#,0.005,#,0.014,3,12,#,0.009
1991,2520140,25,501,60,0,11,#,0.23,#,0.37,12,12,#,0.3,#,0.005,#,0.01,0,12,#,0.007
1991,2520150,25,501,61,0,11,#,0.24,#,0.64,12,12,#,0.36,#,0.008,#,0.046,9,12,#,0.017
1991,2520160,25,501,62,0,11,#,0.24,#,0.33,12,12,#,0.29,#,0.005,#,0.015,3,12,#,0.009
1991,2520170,25,501,63,0,11,#,0.23,#,0.36,12,12,#,0.29,#,0.006,#,0.014,2,12,#,0.008
1991,2520180,25,501,64,0,11,#,0.22,#,0.42,12,12,#,0.31,#,0.007,#,0.017,6,12,#,0.011
1991,2520190,25,501,65,0,11,#,0.22,#,0.35,12,12,#,0.29,#,0.005,#,0.017,2,12,#,0.008
1991,2520200,25,501,66,0,11,#,0.24,#,0.41,12,12,#,0.31,#,0.005,#,0.018,4,12,#,0.01
1991,2520210,25,501,67,0,11,#,0.21,#,0.37,12,12,#,0.31,#,0.005,#,0.012,3,12,#,0.009
1991,2520220,25,501,68,0,11,#,0.23,#,0.49,12,12,#,0.32,#,0.007,#,0.024,2,12,#,0.011
1991,2520230,25,501,69,0,11,#,0.25,#,0.43,12,12,#,0.31,#,0.007,#,0.017,6,12,#,0.011
1991,2520240,25,501,70,0,11,#,0.22,#,0.37,12,12,#,0.29,#,0.006,#,0.015,1,12,#,0.008
1991,2520250,25,501,71,0,11,#,0.25,#,0.72,12,12,#,0.36,#,0.007,#,0.05,6,12,#,0.015
1991,2520260,25,501,72,0,11,#,0.25,#,0.48,12,12,#,0.33,#,0.008,#,0.028,6,12,#,0.013
1991,2520270,25,501,73,0,11,#,0.25,#,0.63,12,12,#,0.34,#,0.007,#,0.036,5,12,#,0.013
1991,2520280,25,501,74,0,11,#,0.27,#,0.87,12,12,#,0.38,#,0.007,#,0.048,9,12,#,0.015
1991,2520350,25,502,01,0,11,#,0.25,#,0.55,12,12,#,0.37,#,0.008,#,0.026,7,12,#,0.013
1991,2520360,25,502,02,0,11,#,0.28,#,0.55,12,12,#,0.4,#,0.014,#,0.029,12,12,#,0.02
1991,2520370,25,502,03,0,11,#,0.25,#,0.54,12,12,#,0.37,#,0.012,#,0.036,12,12,#,0.021
1991,2520580,25,502,05,0,11,#,0.2,#,0.74,11,12,#,0.44,#,0.009,#,0.098,11,12,#,0.034
1991,2520390,25,502,51,0,11,#,0.23,#,0.66,12,12,#,0.37,#,0.009,#,0.046,11,12,#,0.02
1991,2520400,25,502,52,0,11,#,0.21,#,0.46,12,12,#,0.34,#,0.007,#,0.032,7,12,#,0.015
1991,2520410,25,502,53,0,11,#,0.23,#,0.47,12,12,#,0.35,#,0.009,#,0.031,11,12,#,0.018
1991,2520420,25,502,54,0,11,#,0.2,#,0.48,11,12,#,0.35,#,0.007,#,0.035,9,12,#,0.017
1991,2520430,25,502,55,0,11,#,0.24,#,0.58,12,12,#,0.4,#,0.012,#,0.04,12,12,#,0.022
1991,2520440,25,502,56,0,11,#,0.21,#,0.5,12,12,#,0.37,#,0.008,#,0.037,11,12,#,0.024
1991,2520450,25,502,57,0,11,#,0.24,#,0.52,12,12,#,0.4,#,0.016,#,0.041,12,12,#,0.026
1991,2520460,25,502,58,0,11,#,0.26,#,0.52,12,12,#,0.41,#,0.012,#,0.043,12,12,#,0.028
1991,2520470,25,502,59,0,11,#,0.28,#,0.83,12,12,#,0.5,#,0.014,#,0.11,12,12,#,0.039
1991,2520480,25,502,60,0,11,#,0.27,#,0.5,12,12,#,0.39,#,0.009,#,0.045,10,12,#,0.026
1991,2520490,25,502,61,0,11,#,0.24,#,0.47,12,12,#,0.38,#,0.012,#,0.038,12,12,#,0.022
1991,2520500,25,502,62,0,11,#,0.27,#,0.54,12,12,#,0.42,#,0.012,#,0.054,12,12,#,0.025
1991,2520510,25,502,63,0,11,#,0.27,#,0.49,12,12,#,0.38,#,0.008,#,0.039,10,12,#,0.021
1991,2520520,25,502,64,0,11,#,0.32,#,0.69,12,12,#,0.47,#,0.014,#,0.052,12,12,#,0.024
1991,2520530,25,502,65,0,11,#,0.27,#,0.52,12,12,#,0.37,#,0.011,#,0.033,12,12,#,0.019
1991,3120120,31,503,01,0,11,#,0.28,#,0.64,10,12,#,0.49,#,0.024,#,0.071,19,24,#,0.042
1991,3120120,31,503,01,0,13,#,0.16,#,0.63,3,12,#,0.33,#,0.02,#,0.06,9,24,#,0.032
1991,3120130,31,503,02,0,11,#,0.32,#,0.81,10,12,#,0.53,#,0.023,#,0.057,7,12,#,0.038
1991,3120130,31,503,02,0,13,#,0.18,#,0.74,3,12,#,0.34,#,0.022,#,0.083,9,12,#,0.04
1991,3120140,31,503,03,0,11,#,0.32,#,1,10,12,#,0.58,#,0.019,#,0.079,20,24,#,0.043
1991,3120140,31,503,03,0,13,#,0.39,#,1.3,11,12,#,0.54,#,0.018,#,0.15,18,24,#,0.073
1991,3120150,31,503,04,0,11,#,0.43,#,1.1,12,12,#,0.75,#,0.033,#,0.1,24,24,#,0.064
1991,3120150,31,503,04,0,13,#,0.51,#,0.93,12,12,#,0.72,#,0.038,#,0.15,24,24,#,0.068
1991,3120240,31,503,52,0,11,#,0.36,#,0.68,10,12,#,0.5,#,0.026,#,0.068,6,12,#,0.04
1991,3120240,31,503,52,0,13,#,0.35,#,0.75,10,12,#,0.5,#,0.02,#,0.14,8,12,#,0.073
1991,3120250,31,503,53,0,11,#,0.41,#,1.1,12,12,#,0.63,#,0.031,#,0.075,12,12,#,0.057
1991,3120250,31,503,53,0,13,#,0.39,#,0.86,11,12,#,0.56,#,0.026,#,0.22,10,12,#,0.12
1991,3120260,31,503,54,0,11,#,0.6,#,1.5,12,12,#,0.91,#,0.065,#,0.15,12,12,#,0.087
1991,3120280,31,503,56,0,11,#,0.42,#,0.65,12,12,#,0.54,#,0.027,#,0.098,11,12,#,0.049
1991,3120280,31,503,56,0,13,#,0.24,#,0.56,10,12,#,0.46,#,0.025,#,0.1,10,12,#,0.064
1991,3120290,31,503,57,0,11,#,0.28,#,0.66,7,12,#,0.44,#,0.03,#,0.069,11,12,#,0.043
1991,3120290,31,503,57,0,13,#,0.12,#,0.39,0,12,#,0.26,#,0.017,#,0.048,2,12,#,0.025
1991,3220010,32,501,01,0,11,#,0.35,#,1.1,11,12,#,0.58,#,0.03,#,0.078,11,12,#,0.046
1991,3220010,32,501,01,0,13,#,0.35,#,0.81,11,12,#,0.57,#,0.034,#,0.27,12,12,#,0.11
1991,3220020,32,501,02,0,11,#,0.3,#,0.91,7,12,#,0.49,#,0.022,#,0.07,10,12,#,0.045
1991,3220020,32,501,02,0,13,#,0.36,#,0.87,10,12,#,0.51,#,0.027,#,0.32,10,12,#,0.11
1991,3220030,32,501,03,0,11,#,0.38,#,0.91,8,10,#,0.56,#,0.02,#,0.068,9,10,#,0.047
1991,3220030,32,501,03,0,13,#,0.3,#,0.64,7,10,#,0.46,#,0.024,#,0.14,6,10,#,0.071
1991,3220040,32,501,04,0,11,#,0.39,#,1.2,7,9,#,0.64,#,0.033,#,0.09,9,9,#,0.058
1991,3220040,32,501,04,0,13,#,0.33,#,0.72,7,9,#,0.52,#,0.024,#,0.27,8,9,#,0.11
1991,3220050,32,501,05,0,11,#,0.47,#,1.2,10,10,#,0.6,#,0.023,#,0.087,8,10,#,0.049
1991,3220050,32,501,05,0,13,#,0.31,#,0.66,9,10,#,0.48,#,0.021,#,0.18,7,10,#,0.079
1991,3220060,32,501,06,0,11,#,0.25,#,0.85,10,12,#,0.51,#,0.02,#,0.075,19,24,#,0.045
1991,3220060,32,501,06,0,13,#,0.2,#,0.59,6,12,#,0.4,#,0.018,#,0.14,16,24,#,0.061
1991,3220090,32,501,53,0,11,E,99999,E,99999,999,999,E,99999,#,0.033,#,0.1,12,12,#,0.063
1991,3220090,32,501,53,0,13,E,99999,E,99999,999,999,E,99999,#,0.038,#,0.1,12,12,#,0.065
1991,3220100,32,501,54,0,11,E,99999,E,99999,999,999,E,99999,#,0.03,#,0.067,10,12,#,0.041
1991,3220100,32,501,54,0,13,E,99999,E,99999,999,999,E,99999,#,0.018,#,0.13,8,12,#,0.066
1991,3220110,32,501,55,0,11,#,0.3,#,0.7,7,12,#,0.47,#,0.022,#,0.068,10,12,#,0.042
1991,3220110,32,501,55,0,13,#,0.19,#,0.59,1,12,#,0.31,#,0.022,#,0.14,8,12,#,0.047
1991,3220130,32,501,57,0,11,#,0.28,#,0.56,8,12,#,0.43,#,0.025,#,0.064,10,12,#,0.041
1991,3220130,32,501,57,0,13,#,0.2,#,0.33,0,12,#,0.24,#,0.024,#,0.073,8,12,#,0.036
1991,3220160,32,501,60,0,11,E,99999,E,99999,999,999,E,99999,#,0.024,#,0.071,10,12,#,0.044
1991,3220160,32,501,60,0,13,E,99999,E,99999,999,999,E,99999,#,0.02,#,0.058,5,12,#,0.032
1991,3220220,32,502,01,0,11,#,0.3,#,0.56,11,12,#,0.47,#,0.019,#,0.046,12,24,#,0.031
1991,3220220,32,502,01,0,13,#,0.35,#,0.61,11,12,#,0.47,#,0.02,#,0.049,14,24,#,0.033
1991,3220230,32,502,02,0,11,#,0.29,#,0.61,10,12,#,0.46,#,0.021,#,0.06,7,12,#,0.035
1991,3220230,32,502,02,0,13,#,0.42,#,0.65,12,12,#,0.52,#,0.022,#,0.058,9,12,#,0.039
1991,3220240,32,502,03,0,11,#,0.3,#,0.63,11,12,#,0.5,#,0.019,#,0.057,12,24,#,0.034
1991,3220240,32,502,03,0,13,#,0.41,#,0.94,12,12,#,0.57,#,0.023,#,0.073,13,24,#,0.036
1991,3220250,32,502,04,0,11,#,0.27,#,0.65,10,12,#,0.48,#,0.021,#,0.057,5,12,#,0.032
1991,3220250,32,502,04,0,13,#,0.45,#,0.82,12,12,#,0.59,#,0.023,#,0.13,9,12,#,0.048
1991,3220260,32,502,05,0,11,#,0.34,#,0.71,11,12,#,0.54,#,0.024,#,0.083,22,24,#,0.045
1991,3220260,32,502,05,0,13,#,0.35,#,0.72,10,12,#,0.51,#,0.024,#,0.13,22,24,#,0.056
1991,3220270,32,502,51,0,11,#,0.35,#,0.76,8,12,#,0.5,#,0.024,#,0.068,19,24,#,0.038
1991,3220270,32,502,51,0,13,#,0.28,#,0.94,10,12,#,0.54,#,0.025,#,0.087,19,24,#,0.041
1991,3320010,33,501,01,0,11,#,1.3,#,2.7,12,12,#,1.9,#,0.11,#,0.28,12,12,#,0.2
1991,3320020,33,501,02,0,11,#,1.3,#,2.4,12,12,#,1.9,#,0.1,#,0.3,11,12,#,0.18
1991,3320030,33,501,51,0,11,#,1,#,3,11,12,#,2.1,#,0.16,#,0.28,12,12,#,0.21
1991,3320040,33,501,52,0,11,#,1.1,#,4.4,12,12,#,2.9,#,0.2,#,0.42,12,12,#,0.3
1991,4120120,41,501,01,0,11,#,0.19,#,0.74,7,12,#,0.46,#,0.008,#,0.054,5,12,#,0.025
1991,4120120,41,501,01,0,13,#,0.22,#,1.1,9,12,#,0.64,#,0.008,#,0.078,3,12,#,0.028
1991,4120010,41,501,51,0,11,#,0.24,#,0.73,9,12,#,0.48,#,0.017,#,0.065,5,12,#,0.034
1991,4620020,46,501,01,0,11,#,0.17,#,0.28,2,6,#,0.21,#,0.005,#,0.019,3,6,#,0.01
1991,4620020,46,501,01,0,12,#,0.18,#,0.29,5,6,#,0.25,<,0.003,#,0.006,0,6,#,0.004
1991,4620020,46,501,01,0,13,#,0.23,#,0.27,6,6,#,0.25,#,0.003,#,0.006,0,6,#,0.004
1991,4620030,46,501,02,0,11,#,0.17,#,0.33,3,6,#,0.22,#,0.006,#,0.02,1,6,#,0.01
1991,4620030,46,501,02,0,12,#,0.17,#,0.35,6,12,#,0.23,<,0.003,#,0.01,0,12,#,0.007
1991,4620030,46,501,02,0,13,#,0.14,#,0.3,7,12,#,0.23,#,0.003,#,0.01,0,12,#,0.006
1991,4620040,46,501,03,0,11,#,0.16,#,0.25,2,6,#,0.2,#,0.006,#,0.015,2,6,#,0.009
1991,4620040,46,501,03,0,12,#,0.2,#,0.26,5,6,#,0.24,<,0.003,#,0.007,0,6,#,0.005
1991,4620040,46,501,03,0,13,#,0.26,#,0.31,6,6,#,0.28,<,0.003,#,0.005,0,6,#,0.004
1991,4620050,46,501,51,0,11,#,0.16,#,0.26,2,6,#,0.2,#,0.005,#,0.018,1,6,#,0.009
1991,4620060,46,501,52,0,11,#,0.16,#,0.22,1,6,#,0.18,#,0.005,#,0.01,0,6,#,0.007
1991,4620100,46,501,53,0,11,#,0.16,#,0.23,1,6,#,0.18,#,0.005,#,0.011,1,6,#,0.009
1991,4620100,46,501,53,0,12,#,0.17,#,0.25,1,6,#,0.2,#,0.007,#,0.01,0,6,#,0.009
1991,4620100,46,501,53,0,13,#,0.2,#,0.27,5,6,#,0.25,#,0.004,#,0.008,0,6,#,0.006
1991,4620110,46,502,01,0,11,#,0.75,#,1,12,12,#,0.92,#,0.02,#,0.07,3,12,#,0.044
1991,4620110,46,502,01,0,12,#,0.77,#,1,12,12,#,0.92,#,0.031,#,0.049,0,12,#,0.043
1991,4620110,46,502,01,0,13,#,0.63,#,1.1,12,12,#,0.93,#,0.033,#,0.071,5,12,#,0.049
1991,4620120,46,502,02,0,11,#,0.72,#,1.1,12,12,#,0.92,#,0.024,#,0.063,3,12,#,0.042
1991,4620120,46,502,02,0,12,#,0.74,#,1.1,12,12,#,0.91,#,0.032,#,0.054,2,12,#,0.042
1991,4620120,46,502,02,0,13,#,0.6,#,1.1,11,12,#,0.94,#,0.029,#,0.065,5,12,#,0.045
1991,4620130,46,502,03,0,11,#,0.79,#,1.1,12,12,#,0.93,#,0.031,#,0.072,2,12,#,0.043
1991,4620130,46,502,03,0,12,#,0.76,#,1,12,12,#,0.9,#,0.025,#,0.048,0,12,#,0.038
1991,4620130,46,502,03,0,13,#,0.76,#,1.7,12,12,#,1.1,#,0.025,#,0.058,2,12,#,0.038
1991,4620140,46,502,51,0,11,#,0.9,#,1.2,6,6,#,1,#,0.036,#,0.058,3,6,#,0.049
1991,4620140,46,502,51,0,12,#,0.83,#,1.2,6,6,#,0.99,#,0.039,#,0.066,4,6,#,0.053
1991,4620140,46,502,51,0,13,#,0.73,#,1.1,6,6,#,0.95,#,0.037,#,0.075,3,6,#,0.055
1991,4620150,46,502,52,0,11,#,0.79,#,1.1,6,6,#,0.98,#,0.025,#,0.051,1,6,#,0.041
1991,4620150,46,502,52,0,12,#,0.89,#,1.1,6,6,#,0.97,#,0.031,#,0.05,0,6,#,0.044
1991,4620150,46,502,52,0,13,#,0.64,#,1.1,6,6,#,0.95,#,0.041,#,0.06,3,6,#,0.05
1991,4620010,46,503,01,0,11,#,0.14,#,0.24,2,6,#,0.17,#,0.004,#,0.014,1,6,#,0.008
1991,4620010,46,503,01,0,12,#,0.12,#,0.4,11,30,#,0.19,#,0.003,#,0.01,0,30,#,0.007
1991,4620160,46,503,51,0,11,#,0.13,#,0.24,2,6,#,0.18,#,0.005,#,0.014,2,6,#,0.008
1991,4620160,46,503,51,0,12,#,0.15,#,0.22,2,6,#,0.18,#,0.006,#,0.01,0,6,#,0.008
1991,4620160,46,503,51,0,13,#,0.14,#,0.17,0,6,#,0.15,#,0.005,#,0.009,0,6,#,0.008
1991,4620170,46,503,52,0,11,#,0.12,#,0.25,2,6,#,0.18,#,0.005,#,0.016,1,6,#,0.008
1991,4620170,46,503,52,0,12,#,0.13,#,0.18,0,6,#,0.15,#,0.005,#,0.007,0,6,#,0.006
1991,4620170,46,503,52,0,13,#,0.15,#,0.28,4,6,#,0.22,#,0.005,#,0.01,0,6,#,0.007
