西暦年度,絶対番号,県コード_地点統一番号,水域コード_地点統一番号,地点コード_地点統一番号,調査区分,採取位置,C_全窒素_最小値,全窒素_最小値,C_全窒素_最大値,全窒素_最大値,m_全窒素,n_全窒素,C_全窒素_日間平均値_平均値,全窒素_日間平均値_平均値,C_全燐_最小値,全燐_最小値,C_全燐_最大値,全燐_最大値,m_全燐,n_全燐,C_全燐_日間平均値_平均値,全燐_日間平均値_平均値
1988,0120010,01,501,01,0,11,#,0.6,#,1.2,7,8,#,0.92,#,0.036,#,0.19,7,8,#,0.085
1988,0120020,01,501,02,0,11,#,0.5,#,2.6,7,8,#,1.1,#,0.039,#,0.17,6,8,#,0.079
1988,0120030,01,501,51,0,11,#,0.55,#,1.8,7,8,#,0.91,#,0.062,#,0.22,8,8,#,0.1
1988,0120040,01,501,52,0,11,#,0.52,#,2.8,6,8,#,1.2,#,0.037,#,0.44,7,8,#,0.16
1988,0120050,01,502,01,0,11,<,0.05,#,0.15,999,6,#,0.09,<,0.003,#,0.023,3,6,#,0.008
1988,0120050,01,502,01,0,12,#,0.15,#,0.16,999,2,#,0.16,<,0.003,#,0.006,1,2,#,0.005
1988,0120060,01,502,02,0,11,<,0.05,#,0.22,999,6,#,0.09,<,0.003,#,0.029,3,6,#,0.009
1988,0120060,01,502,02,0,12,<,0.05,#,0.14,999,2,#,0.1,<,0.003,#,0.009,1,2,#,0.006
1988,0120070,01,502,51,0,11,#,0.07,#,0.21,999,2,#,0.14,<,0.003,#,0.008,1,2,#,0.006
1988,0120080,01,502,52,0,11,#,0.06,#,0.17,999,2,#,0.12,<,0.003,#,0.015,1,2,#,0.009
1988,0120090,01,502,53,0,11,#,0.05,#,0.18,999,2,#,0.12,<,0.003,#,0.004,0,2,#,0.004
1988,0120100,01,502,54,0,11,#,0.06,#,0.2,999,2,#,0.13,<,0.003,#,0.012,1,2,#,0.008
1988,0120110,01,503,01,0,11,#,0.21,#,0.24,999,6,#,0.22,<,0.003,#,0.012,2,6,#,0.005
1988,0120110,01,503,01,0,12,#,0.27,#,0.43,999,2,#,0.35,#,0.008,#,0.014,2,2,#,0.011
1988,0120120,01,503,02,0,11,#,0.2,#,0.32,999,6,#,0.23,<,0.003,#,0.014,2,6,#,0.006
1988,0120120,01,503,02,0,12,#,0.23,#,0.25,999,2,#,0.24,#,0.014,#,0.03,2,2,#,0.022
1988,0120130,01,503,03,0,11,#,0.2,#,0.28,999,6,#,0.23,<,0.003,#,0.006,1,6,#,0.004
1988,0120130,01,503,03,0,12,#,0.37,#,0.41,999,2,#,0.39,#,0.007,#,0.01,2,2,#,0.009
1988,0120140,01,503,51,0,11,#,0.2,#,0.33,999,6,#,0.25,<,0.003,#,0.009,2,6,#,0.005
1988,0120150,01,503,52,0,11,#,0.2,#,0.29,999,6,#,0.25,<,0.003,#,0.008,2,6,#,0.005
1988,0120160,01,503,53,0,11,#,0.18,#,0.32,999,6,#,0.24,<,0.003,#,0.005,0,6,#,0.003
1988,0120170,01,503,54,0,11,#,0.16,#,0.38,999,6,#,0.25,<,0.003,#,0.005,0,6,#,0.003
1988,0120190,01,504,02,0,11,#,0.24,#,0.6,999,6,#,0.44,#,0.009,#,0.035,1,6,#,0.023
1988,0120240,01,505,01,0,11,#,0.14,#,0.46,1,6,#,0.25,#,0.028,#,0.042,3,6,#,0.034
1988,0120240,01,505,01,0,12,#,0.19,#,0.37,0,6,#,0.28,#,0.022,#,0.044,4,6,#,0.035
1988,0120250,01,505,02,0,11,#,0.18,#,0.38,0,6,#,0.24,#,0.018,#,0.04,4,6,#,0.031
1988,0120250,01,505,02,0,12,#,0.16,#,0.49,1,6,#,0.27,#,0.018,#,0.038,3,6,#,0.03
1988,0120260,01,505,03,0,11,#,0.13,#,0.47,1,6,#,0.28,#,0.018,#,0.053,3,6,#,0.034
1988,0120260,01,505,03,0,12,#,0.12,#,0.37,0,6,#,0.26,#,0.016,#,0.08,5,6,#,0.038
1988,0120270,01,505,51,0,11,#,0.17,#,0.5,1,6,#,0.28,#,0.017,#,0.043,4,6,#,0.032
1988,0120280,01,505,52,0,11,#,0.13,#,0.58,1,6,#,0.27,#,0.02,#,0.16,4,6,#,0.053
1988,0120290,01,505,53,0,11,#,0.17,#,0.38,0,6,#,0.28,#,0.021,#,0.082,5,6,#,0.043
1988,0120300,01,505,54,0,11,#,0.13,#,0.44,1,6,#,0.25,#,0.027,#,0.048,4,6,#,0.037
1988,0120310,01,506,01,0,11,<,0.05,#,0.19,999,4,#,0.09,<,0.003,<,0.003,0,6,<,0.003
1988,0120320,01,506,02,0,11,<,0.05,#,0.38,999,5,#,0.14,<,0.003,<,0.003,0,6,<,0.003
1988,0120360,01,507,01,0,11,#,0.13,#,0.22,999,4,#,0.17,<,0.003,#,0.011,1,4,#,0.007
1988,0120360,01,507,01,0,12,#,0.06,#,0.22,999,4,#,0.15,<,0.003,#,0.007,0,4,#,0.005
1988,0120370,01,507,02,0,11,#,0.13,#,0.2,999,4,#,0.16,<,0.003,#,0.008,0,4,#,0.005
1988,0120370,01,507,02,0,12,#,0.07,#,0.33,999,4,#,0.19,<,0.003,#,0.013,1,4,#,0.006
1988,0120380,01,507,51,0,11,#,0.12,#,0.24,999,4,#,0.17,<,0.003,#,0.009,0,4,#,0.006
1988,0120390,01,507,52,0,11,#,0.12,#,0.18,999,4,#,0.16,<,0.003,#,0.006,0,4,#,0.004
1988,0120400,01,507,53,0,11,#,0.12,#,0.29,999,4,#,0.18,<,0.003,#,0.006,0,4,#,0.004
1988,0120410,01,508,01,0,11,#,0.09,#,0.27,999,4,#,0.2,<,0.003,#,0.008,0,4,#,0.006
1988,0120410,01,508,01,0,12,#,0.08,#,0.3,999,4,#,0.22,<,0.003,#,0.015,2,4,#,0.009
1988,0120420,01,508,02,0,11,#,0.09,#,0.3,999,4,#,0.22,<,0.003,#,0.012,1,4,#,0.006
1988,0120420,01,508,02,0,12,#,0.1,#,0.31,999,4,#,0.22,<,0.003,#,0.01,0,4,#,0.005
1988,0120430,01,508,51,0,11,#,0.1,#,0.28,999,4,#,0.21,<,0.003,#,0.008,0,4,#,0.005
1988,0120440,01,508,52,0,11,#,0.1,#,0.34,999,4,#,0.22,<,0.003,#,0.005,0,4,#,0.004
1988,0120450,01,508,53,0,11,#,0.09,#,0.36,999,4,#,0.22,<,0.003,#,0.008,0,4,#,0.006
1988,0120460,01,509,01,0,11,#,1.6,#,3.1,6,6,#,2.1,#,0.12,#,0.22,6,6,#,0.17
1988,0120470,01,509,02,0,11,#,1.3,#,3.7,6,6,#,2.4,#,0.15,#,0.28,6,6,#,0.21
1988,0120480,01,509,51,0,11,#,1.7,#,3,6,6,#,2.2,#,0.13,#,0.28,6,6,#,0.19
1988,0120490,01,509,52,0,11,#,1.4,#,2.9,6,6,#,2.1,#,0.16,#,0.28,6,6,#,0.19
1988,0420140,04,505,01,0,11,#,0.4,#,1,999,12,#,0.62,<,0.003,#,0.029,6,12,#,0.014
1988,0420140,04,505,01,0,12,#,0.38,#,1.1,999,12,#,0.64,<,0.003,#,0.025,4,12,#,0.01
1988,0420140,04,505,01,0,13,#,0.4,#,1.1,999,12,#,0.63,<,0.003,#,0.035,4,12,#,0.012
1988,0420190,04,507,01,0,11,#,0.11,#,0.34,999,24,#,0.22,#,0.005,#,0.025,11,24,#,0.012
1988,0720020,07,501,01,0,11,#,0.23,#,0.28,999,8,#,0.25,<,0.003,<,0.003,0,8,<,0.003
1988,0720020,07,501,01,0,12,#,0.22,#,0.3,999,8,#,0.25,<,0.003,#,0.003,0,8,#,0.003
1988,0720020,07,501,01,0,13,#,0.23,#,0.29,999,16,#,0.26,<,0.003,<,0.003,0,16,<,0.003
1988,0720030,07,501,51,0,11,#,0.23,#,0.26,999,6,#,0.24,<,0.003,#,0.005,0,6,#,0.003
1988,0720040,07,501,52,0,11,#,0.23,#,0.35,999,6,#,0.3,<,0.003,#,0.011,1,6,#,0.005
1988,0720050,07,501,53,0,11,#,0.23,#,0.3,999,6,#,0.26,<,0.003,#,0.004,0,6,#,0.003
1988,0720060,07,501,54,0,11,#,0.13,#,0.34,999,8,#,0.24,<,0.003,#,0.003,0,8,#,0.003
1988,0720070,07,501,55,0,11,#,0.17,#,0.32,999,8,#,0.25,<,0.003,#,0.005,0,8,#,0.003
1988,0720080,07,501,56,0,11,#,0.18,#,0.45,999,8,#,0.28,<,0.003,#,0.008,0,8,#,0.004
1988,0720120,07,502,01,0,11,#,0.06,#,0.16,999,7,#,0.11,<,0.003,#,0.005,0,7,#,0.004
1988,0720120,07,502,01,0,13,#,0.08,#,0.15,999,7,#,0.11,#,0.003,#,0.006,0,7,#,0.004
1988,0720130,07,503,01,0,11,#,0.05,#,0.19,999,7,#,0.11,#,0.004,#,0.007,0,7,#,0.005
1988,0720140,07,504,01,0,11,#,0.06,#,0.15,999,7,#,0.12,#,0.003,#,0.007,0,7,#,0.005
1988,0720140,07,504,01,0,13,#,0.07,#,0.29,999,7,#,0.14,#,0.004,#,0.006,0,7,#,0.005
1988,0820010,08,501,01,0,11,#,0.75,#,1.7,12,12,#,1.3,#,0.02,#,0.15,10,12,#,0.062
1988,0820020,08,501,02,0,11,#,0.89,#,2.4,12,12,#,1.5,#,0.03,#,0.15,9,12,#,0.067
1988,0820030,08,501,03,0,11,#,0.7,#,1.4,24,24,#,0.99,#,0.02,#,0.09,18,24,#,0.05
1988,0820040,08,501,04,0,11,#,0.74,#,1.2,12,12,#,0.93,#,0.02,#,0.11,8,12,#,0.051
1988,0820050,08,501,51,0,11,#,1.2,#,3.4,12,12,#,2.3,#,0.03,#,0.31,11,12,#,0.11
1988,0820060,08,501,52,0,11,#,0.7,#,1.5,12,12,#,1.1,#,0.02,#,0.08,8,12,#,0.048
1988,0820070,08,501,53,0,11,#,0.71,#,1.6,12,12,#,1.1,#,0.02,#,0.09,8,12,#,0.05
1988,0820080,08,501,54,0,11,#,0.71,#,1.3,12,12,#,0.96,#,0.02,#,0.09,8,12,#,0.049
1988,0820090,08,501,55,0,11,#,1.6,#,4.5,12,12,#,3,#,0.06,#,0.2,12,12,#,0.12
1988,0820100,08,501,56,0,11,#,1.5,#,4.9,12,12,#,2.7,#,0.06,#,0.26,12,12,#,0.11
1988,0820110,08,501,57,0,11,#,0.67,#,3.1,12,12,#,1.8,#,0.04,#,0.12,12,12,#,0.082
1988,0820120,08,501,58,0,11,#,0.86,#,5.6,12,12,#,2.8,#,0.04,#,0.1,12,12,#,0.077
1988,0820140,08,502,01,0,11,#,0.7,#,1.2,12,12,#,0.93,#,0.03,#,0.1,8,12,#,0.048
1988,0820150,08,502,02,0,11,#,0.59,#,1.2,12,12,#,0.82,#,0.02,#,0.13,9,12,#,0.057
1988,0820160,08,502,51,0,11,#,0.71,#,2.3,12,12,#,1.2,#,0.02,#,0.09,10,12,#,0.055
1988,0820170,08,502,52,0,11,#,2.4,#,6.5,12,12,#,3.9,#,0.02,#,0.12,11,12,#,0.063
1988,0820180,08,502,53,0,11,#,0.5,#,5.2,12,12,#,1.3,#,0.02,#,0.1,11,12,#,0.05
1988,0820190,08,503,01,0,11,#,0.63,#,1.3,12,12,#,0.88,#,0.02,#,0.13,11,12,#,0.056
1988,0820200,08,503,02,0,11,#,0.64,#,1.4,12,12,#,0.91,#,0.03,#,0.1,11,12,#,0.057
1988,0820210,08,503,51,0,11,#,0.7,#,1.3,12,12,#,0.91,#,0.03,#,0.11,10,12,#,0.062
1988,0820220,08,503,52,0,11,#,0.68,#,1.4,12,12,#,0.94,#,0.03,#,0.1,10,12,#,0.054
1988,0920030,09,511,01,0,11,#,0.27,#,0.63,3,8,#,0.41,#,0.014,#,0.045,1,8,#,0.023
1988,0920030,09,511,01,0,12,#,0.18,#,0.57,8,16,#,0.4,#,0.015,#,0.037,3,16,#,0.025
1988,0920030,09,511,01,0,13,#,0.37,#,0.84,7,8,#,0.51,#,0.016,#,0.1,3,8,#,0.039
1988,0920040,09,511,51,0,11,#,0.24,#,0.68,2,8,#,0.38,#,0.018,#,0.058,1,8,#,0.026
1988,0920050,09,511,52,0,11,#,0.23,#,0.52,4,8,#,0.4,#,0.015,#,0.042,2,8,#,0.025
1988,0920060,09,511,53,0,11,#,0.24,#,0.54,4,8,#,0.4,#,0.018,#,0.036,1,8,#,0.024
1988,0920070,09,511,54,0,11,#,0.26,#,0.54,4,8,#,0.4,#,0.014,#,0.036,1,8,#,0.023
1988,0920080,09,511,55,0,11,#,0.27,#,0.47,2,8,#,0.35,#,0.014,#,0.028,0,8,#,0.02
1988,0920090,09,511,56,0,11,#,0.24,#,0.47,3,8,#,0.37,#,0.013,#,0.035,1,8,#,0.021
1988,0920100,09,512,01,0,11,#,0.11,#,0.32,999,8,#,0.18,#,0.003,#,0.006,1,8,#,0.004
1988,0920110,09,512,51,0,11,#,0.1,#,0.19,999,8,#,0.15,<,0.003,#,0.006,2,8,#,0.004
1988,0920120,09,512,52,0,11,#,0.08,#,0.29,999,8,#,0.15,#,0.003,#,0.007,2,8,#,0.005
1988,0920130,09,512,53,0,11,#,0.09,#,0.26,999,8,#,0.16,<,0.003,#,0.01,2,8,#,0.005
1988,0920140,09,512,54,0,11,#,0.07,#,0.27,999,8,#,0.17,<,0.003,#,0.007,1,8,#,0.004
1988,0920150,09,512,55,0,11,#,0.1,#,0.24,999,8,#,0.17,<,0.003,#,0.006,1,8,#,0.004
1988,0920160,09,512,56,0,11,#,0.08,#,0.23,999,8,#,0.15,<,0.003,#,0.007,1,8,#,0.004
1988,1020080,10,501,01,0,11,#,0.22,#,0.76,999,6,#,0.43,#,0.008,#,0.014,4,6,#,0.012
1988,1020140,10,502,01,0,11,#,0.05,#,0.32,999,6,#,0.18,#,0.012,#,0.022,6,6,#,0.017
1988,1220010,12,501,01,0,11,#,0.81,#,3.9,24,24,#,2.5,#,0.04,#,0.12,24,24,#,0.07
1988,1220020,12,501,51,0,11,#,2,#,5.6,24,24,#,3.8,#,0.027,#,0.29,23,24,#,0.15
1988,1220030,12,501,52,0,11,#,0.6,#,11,24,24,#,2.5,#,0.038,#,0.58,24,24,#,0.091
1988,1220040,12,501,53,0,11,#,0.37,#,3,23,24,#,1.4,#,0.021,#,0.11,19,24,#,0.047
1988,1220050,12,502,01,0,11,#,2.7,#,7.7,24,24,#,4.5,#,0.19,#,0.75,24,24,#,0.42
1988,1220060,12,502,51,0,11,#,3,#,9.4,24,24,#,6.1,#,0.16,#,1.5,24,24,#,0.68
1988,1220070,12,502,52,0,11,#,1.9,#,6.1,24,24,#,3.8,#,0.13,#,0.61,24,24,#,0.28
1988,1220080,12,502,53,0,11,#,1.5,#,6,24,24,#,3.7,#,0.13,#,0.35,24,24,#,0.23
1988,1720030,17,502,01,0,11,#,0.59,#,1.3,11,12,#,0.94,#,0.032,#,0.15,9,12,#,0.076
1988,1720040,17,502,51,0,11,#,0.77,#,1.5,12,12,#,1.1,#,0.047,#,0.16,11,12,#,0.085
1988,1720050,17,502,52,0,11,#,0.81,#,1.5,12,12,#,1.1,#,0.05,#,0.12,11,12,#,0.08
1988,1720080,17,503,51,0,11,#,0.58,#,0.95,9,12,#,0.79,#,0.025,#,0.12,6,12,#,0.061
1988,1720090,17,504,01,0,11,#,0.81,#,1.4,12,12,#,1.1,#,0.051,#,0.12,12,12,#,0.077
1988,1720100,17,504,51,0,11,#,0.83,#,2.1,12,12,#,1.6,#,0.066,#,0.25,12,12,#,0.14
1988,1720110,17,504,52,0,11,#,0.72,#,1.5,12,12,#,1,#,0.042,#,0.14,11,12,#,0.081
1988,1820030,18,501,01,0,11,#,0.65,#,0.9,6,6,#,0.73,#,0.045,#,0.11,5,6,#,0.075
1988,1820040,18,501,51,0,11,#,0.65,#,0.73,6,6,#,0.69,#,0.048,#,0.1,5,6,#,0.072
1988,1820050,18,502,01,0,11,#,0.64,#,0.98,6,6,#,0.75,#,0.044,#,0.15,5,6,#,0.086
1988,1820060,18,502,02,0,11,#,0.65,#,1,6,6,#,0.77,#,0.044,#,0.16,4,6,#,0.087
1988,1820070,18,502,03,0,11,#,0.99,#,1.6,6,6,#,1.2,#,0.032,#,0.1,5,6,#,0.078
1988,1820080,18,502,04,0,11,#,1,#,2.3,6,6,#,1.6,#,0.055,#,0.21,6,6,#,0.12
1988,1820090,18,502,51,0,11,#,0.67,#,0.99,6,6,#,0.8,#,0.041,#,0.15,5,6,#,0.095
1988,1820100,18,502,52,0,11,#,0.76,#,1.4,6,6,#,0.99,#,0.048,#,0.11,5,6,#,0.082
1988,1820150,18,504,01,0,11,#,0.27,#,0.66,2,6,#,0.5,#,0.018,#,0.039,0,6,#,0.029
1988,1820160,18,504,02,0,11,#,0.22,#,0.61,1,6,#,0.45,#,0.017,#,0.042,0,6,#,0.029
1988,1820170,18,504,03,0,11,#,0.27,#,0.57,0,6,#,0.42,#,0.016,#,0.027,0,6,#,0.023
1988,1820180,18,504,04,0,11,#,0.31,#,0.63,1,6,#,0.45,#,0.016,#,0.031,0,6,#,0.027
1988,1820190,18,504,05,0,11,#,0.33,#,1,1,6,#,0.49,#,0.016,#,0.036,0,6,#,0.025
1988,1820200,18,504,06,0,11,#,0.37,#,2.2,2,6,#,0.78,#,0.02,#,0.1,3,6,#,0.057
1988,1820210,18,504,07,0,11,#,0.38,#,2,2,6,#,0.77,#,0.023,#,0.089,2,6,#,0.053
1988,2020010,20,501,01,0,11,#,0.45,#,1.9,11,12,#,1.1,#,0.034,#,0.18,7,11,#,0.077
1988,2020010,20,501,01,0,13,#,0.53,#,1.9,10,12,#,1,#,0.038,#,0.11,8,11,#,0.073
1988,2020020,20,501,02,0,11,#,0.57,#,2.9,11,12,#,1.3,#,0.036,#,0.27,8,11,#,0.095
1988,2020020,20,501,02,0,13,#,0.55,#,2.3,11,12,#,1.2,#,0.039,#,0.23,10,11,#,0.1
1988,2020030,20,501,03,0,11,#,0.49,#,2.4,35,36,#,1.2,#,0.042,#,0.24,32,36,#,0.098
1988,2020160,20,511,01,0,11,<,0.05,#,0.49,999,12,#,0.22,<,0.003,#,0.008,6,12,#,0.005
1988,2020170,20,512,01,0,11,<,0.05,#,0.44,999,12,#,0.2,<,0.003,#,0.023,4,12,#,0.01
1988,2020180,20,513,01,0,11,<,0.05,#,0.5,999,11,#,0.22,#,0.005,#,0.034,5,11,#,0.012
1988,2020210,20,513,51,0,11,#,0.06,#,0.37,999,8,#,0.22,#,0.005,#,0.027,4,8,#,0.013
1988,2020210,20,513,51,0,13,#,0.24,#,1.8,999,8,#,0.69,#,0.007,#,0.11,7,8,#,0.043
1988,2520010,25,501,01,0,11,#,0.19,#,0.64,11,12,#,0.31,#,0.005,#,0.012,2,12,#,0.007
1988,2520020,25,501,02,0,11,#,0.23,#,0.42,12,12,#,0.31,#,0.007,#,0.027,6,12,#,0.012
1988,2520030,25,501,03,0,11,#,0.2,#,0.46,11,12,#,0.29,#,0.004,#,0.012,2,12,#,0.008
1988,2520040,25,501,04,0,11,#,0.2,#,0.43,11,12,#,0.29,#,0.005,#,0.009,0,12,#,0.007
1988,2520050,25,501,51,0,11,#,0.19,#,0.35,11,12,#,0.27,#,0.006,#,0.01,0,12,#,0.009
1988,2520060,25,501,52,0,11,#,0.21,#,0.33,12,12,#,0.27,#,0.007,#,0.011,1,12,#,0.009
1988,2520070,25,501,53,0,11,#,0.19,#,0.33,11,12,#,0.27,#,0.007,#,0.011,1,12,#,0.009
1988,2520080,25,501,54,0,11,#,0.19,#,0.36,9,12,#,0.27,#,0.004,#,0.014,1,12,#,0.007
1988,2520090,25,501,55,0,11,#,0.19,#,0.36,11,12,#,0.28,#,0.007,#,0.019,4,12,#,0.01
1988,2520100,25,501,56,0,11,#,0.19,#,0.32,11,12,#,0.26,#,0.007,#,0.013,3,12,#,0.009
1988,2520110,25,501,57,0,11,#,0.17,#,0.34,11,12,#,0.27,#,0.006,#,0.014,2,12,#,0.009
1988,2520120,25,501,58,0,11,#,0.18,#,0.41,11,12,#,0.29,#,0.008,#,0.02,6,12,#,0.012
1988,2520130,25,501,59,0,11,#,0.19,#,0.34,11,12,#,0.27,#,0.006,#,0.014,3,12,#,0.009
1988,2520140,25,501,60,0,11,#,0.2,#,0.35,11,12,#,0.27,#,0.004,#,0.007,0,12,#,0.006
1988,2520150,25,501,61,0,11,#,0.19,#,0.53,11,12,#,0.33,#,0.008,#,0.04,9,12,#,0.016
1988,2520160,25,501,62,0,11,#,0.19,#,0.31,11,12,#,0.27,#,0.007,#,0.01,0,12,#,0.009
1988,2520170,25,501,63,0,11,#,0.18,#,0.33,11,12,#,0.27,#,0.005,#,0.012,3,12,#,0.009
1988,2520180,25,501,64,0,11,#,0.2,#,0.5,11,12,#,0.3,#,0.008,#,0.035,4,12,#,0.013
1988,2520190,25,501,65,0,11,#,0.21,#,0.32,12,12,#,0.27,#,0.007,#,0.011,1,12,#,0.009
1988,2520200,25,501,66,0,11,#,0.18,#,0.37,11,12,#,0.27,#,0.005,#,0.016,1,12,#,0.009
1988,2520210,25,501,67,0,11,#,0.19,#,0.41,11,12,#,0.3,#,0.005,#,0.021,3,12,#,0.009
1988,2520220,25,501,68,0,11,#,0.18,#,0.41,11,12,#,0.29,#,0.006,#,0.037,6,12,#,0.013
1988,2520230,25,501,69,0,11,#,0.19,#,0.35,11,12,#,0.28,#,0.005,#,0.016,4,12,#,0.01
1988,2520240,25,501,70,0,11,#,0.17,#,0.37,11,12,#,0.27,#,0.006,#,0.012,2,12,#,0.009
1988,2520250,25,501,71,0,11,#,0.21,#,0.48,12,12,#,0.35,#,0.009,#,0.024,10,12,#,0.015
1988,2520260,25,501,72,0,11,#,0.19,#,0.4,11,12,#,0.28,#,0.006,#,0.021,6,12,#,0.011
1988,2520270,25,501,73,0,11,#,0.18,#,0.55,11,12,#,0.32,#,0.009,#,0.024,9,12,#,0.014
1988,2520280,25,501,74,0,11,#,0.21,#,0.59,12,12,#,0.37,#,0.009,#,0.025,9,12,#,0.015
1988,2520350,25,502,01,0,11,#,0.17,#,0.65,10,12,#,0.34,#,0.005,#,0.039,8,12,#,0.014
1988,2520360,25,502,02,0,11,#,0.27,#,0.71,12,12,#,0.42,#,0.008,#,0.035,11,12,#,0.021
1988,2520370,25,502,03,0,11,#,0.22,#,0.54,12,12,#,0.38,#,0.009,#,0.032,10,12,#,0.017
1988,2520380,25,502,04,0,11,#,0.34,#,0.8,12,12,#,0.61,#,0.028,#,0.081,12,12,#,0.046
1988,2520390,25,502,51,0,11,#,0.21,#,0.56,12,12,#,0.36,#,0.014,#,0.035,12,12,#,0.02
1988,2520400,25,502,52,0,11,#,0.2,#,0.57,11,12,#,0.36,#,0.009,#,0.026,11,12,#,0.018
1988,2520410,25,502,53,0,11,#,0.23,#,0.52,12,12,#,0.37,#,0.013,#,0.029,12,12,#,0.021
1988,2520420,25,502,54,0,11,#,0.19,#,0.49,11,12,#,0.34,#,0.011,#,0.028,12,12,#,0.019
1988,2520430,25,502,55,0,11,#,0.22,#,0.53,12,12,#,0.36,#,0.012,#,0.031,12,12,#,0.021
1988,2520440,25,502,56,0,11,#,0.18,#,0.52,11,12,#,0.35,#,0.011,#,0.028,12,12,#,0.019
1988,2520450,25,502,57,0,11,#,0.3,#,0.61,12,12,#,0.41,#,0.014,#,0.041,12,12,#,0.028
1988,2520460,25,502,58,0,11,#,0.23,#,0.56,12,12,#,0.39,#,0.013,#,0.038,12,12,#,0.025
1988,2520470,25,502,59,0,11,#,0.34,#,1.1,12,12,#,0.59,#,0.02,#,0.073,12,12,#,0.042
1988,2520480,25,502,60,0,11,#,0.22,#,0.5,12,12,#,0.37,#,0.016,#,0.033,12,12,#,0.023
1988,2520490,25,502,61,0,11,#,0.22,#,0.68,12,12,#,0.39,#,0.015,#,0.04,12,12,#,0.022
1988,2520500,25,502,62,0,11,#,0.27,#,1.1,12,12,#,0.49,#,0.014,#,0.056,12,12,#,0.032
1988,2520510,25,502,63,0,11,#,0.23,#,0.53,12,12,#,0.39,#,0.013,#,0.034,12,12,#,0.023
1988,2520520,25,502,64,0,11,#,0.29,#,0.69,12,12,#,0.47,#,0.017,#,0.043,12,12,#,0.026
1988,2520530,25,502,65,0,11,#,0.26,#,0.51,12,12,#,0.39,#,0.013,#,0.036,12,12,#,0.02
1988,3120120,31,503,01,0,11,#,0.37,#,0.99,9,12,#,0.59,#,0.022,#,0.11,19,24,#,0.05
1988,3120120,31,503,01,0,13,#,0.14,#,0.6,3,12,#,0.32,#,0.013,#,0.039,6,24,#,0.024
1988,3120130,31,503,02,0,11,#,0.27,#,0.86,11,12,#,0.61,#,0.024,#,0.12,9,12,#,0.053
1988,3120130,31,503,02,0,13,#,0.26,#,0.73,6,12,#,0.45,#,0.022,#,0.1,10,12,#,0.046
1988,3120140,31,503,03,0,11,#,0.43,#,1.1,12,12,#,0.63,#,0.024,#,0.095,21,24,#,0.052
1988,3120140,31,503,03,0,13,#,0.3,#,0.84,11,12,#,0.63,#,0.019,#,0.31,22,24,#,0.093
1988,3120150,31,503,04,0,11,#,0.47,#,2.5,12,12,#,1,#,0.035,#,0.33,24,24,#,0.093
1988,3120150,31,503,04,0,13,#,0.57,#,1.3,12,12,#,0.83,#,0.035,#,0.12,24,24,#,0.075
1988,3120240,31,503,52,0,11,#,0.29,#,0.73,11,12,#,0.54,#,0.024,#,0.076,8,12,#,0.051
1988,3120240,31,503,52,0,13,#,0.23,#,0.79,9,12,#,0.47,#,0.018,#,0.19,8,12,#,0.073
1988,3120250,31,503,53,0,11,#,0.46,#,0.98,12,12,#,0.64,#,0.025,#,0.13,9,12,#,0.065
1988,3120250,31,503,53,0,13,#,0.35,#,0.92,10,12,#,0.6,#,0.03,#,0.67,11,12,#,0.14
1988,3120260,31,503,54,0,11,#,0.62,#,1.4,12,12,#,0.93,#,0.046,#,0.2,12,12,#,0.099
1988,3120270,31,503,55,0,11,#,0.57,#,1.8,12,12,#,0.95,#,0.041,#,0.26,12,12,#,0.098
1988,3220010,32,501,01,0,11,#,0.36,#,0.63,9,10,#,0.5,#,0.028,#,0.073,10,11,#,0.051
1988,3220010,32,501,01,0,13,#,0.4,#,1,9,10,#,0.64,#,0.036,#,0.26,11,11,#,0.14
1988,3220020,32,501,02,0,11,#,0.28,#,0.59,7,10,#,0.45,#,0.029,#,0.071,10,11,#,0.048
1988,3220020,32,501,02,0,13,#,0.39,#,0.73,10,11,#,0.55,#,0.029,#,0.19,10,11,#,0.095
1988,3220030,32,501,03,0,11,#,0.3,#,0.93,6,11,#,0.48,#,0.032,#,0.097,11,11,#,0.052
1988,3220030,32,501,03,0,13,#,0.33,#,0.66,9,11,#,0.51,#,0.04,#,0.26,11,11,#,0.099
1988,3220040,32,501,04,0,11,#,0.4,#,1,10,11,#,0.63,#,0.034,#,0.13,11,11,#,0.067
1988,3220040,32,501,04,0,13,#,0.32,#,0.76,10,11,#,0.57,#,0.035,#,0.27,11,11,#,0.12
1988,3220050,32,501,05,0,11,#,0.31,#,1,7,11,#,0.5,#,0.028,#,0.094,9,11,#,0.054
1988,3220050,32,501,05,0,13,#,0.41,#,0.68,11,11,#,0.51,#,0.041,#,0.22,11,11,#,0.1
1988,3220060,32,501,06,0,11,#,0.27,#,0.67,7,11,#,0.43,#,0.024,#,0.097,18,23,#,0.049
1988,3220060,32,501,06,0,13,#,0.29,#,0.59,6,11,#,0.41,#,0.019,#,0.2,17,23,#,0.071
1988,3220090,32,501,53,0,11,E,99999,E,99999,999,999,E,99999,#,0.042,#,0.11,12,12,#,0.082
1988,3220090,32,501,53,0,13,E,99999,E,99999,999,999,E,99999,#,0.035,#,0.11,12,12,#,0.072
1988,3220100,32,501,54,0,11,E,99999,E,99999,999,999,E,99999,#,0.026,#,0.086,11,12,#,0.053
1988,3220100,32,501,54,0,13,E,99999,E,99999,999,999,E,99999,#,0.019,#,0.25,11,12,#,0.1
1988,3220110,32,501,55,0,11,#,0.3,#,0.62,6,11,#,0.43,#,0.033,#,0.078,11,11,#,0.045
1988,3220110,32,501,55,0,13,#,0.28,#,0.51,3,11,#,0.35,#,0.027,#,0.1,9,11,#,0.059
1988,3220130,32,501,57,0,11,#,0.2,#,0.57,6,11,#,0.42,#,0.03,#,0.082,10,11,#,0.047
1988,3220130,32,501,57,0,13,#,0.12,#,0.36,0,11,#,0.26,#,0.022,#,0.082,9,11,#,0.043
1988,3220160,32,501,60,0,11,E,99999,E,99999,999,999,E,99999,#,0.024,#,0.077,10,12,#,0.049
1988,3220160,32,501,60,0,13,E,99999,E,99999,999,999,E,99999,#,0.015,#,0.039,4,12,#,0.025
1988,3220220,32,502,01,0,11,#,0.32,#,0.62,6,11,#,0.44,#,0.018,#,0.1,19,23,#,0.043
1988,3220220,32,502,01,0,13,#,0.4,#,0.8,10,11,#,0.53,#,0.019,#,0.1,19,23,#,0.048
1988,3220230,32,502,02,0,11,#,0.32,#,0.59,8,11,#,0.47,#,0.017,#,0.069,9,11,#,0.042
1988,3220230,32,502,02,0,13,#,0.37,#,0.8,9,11,#,0.52,#,0.02,#,0.14,9,11,#,0.058
1988,3220240,32,502,03,0,11,#,0.36,#,0.87,8,9,#,0.52,#,0.017,#,0.074,17,23,#,0.041
1988,3220240,32,502,03,0,13,#,0.4,#,0.83,9,10,#,0.61,#,0.021,#,0.15,18,23,#,0.051
1988,3220250,32,502,04,0,11,#,0.38,#,0.67,8,10,#,0.52,#,0.016,#,0.074,9,11,#,0.043
1988,3220250,32,502,04,0,13,#,0.33,#,1,9,10,#,0.57,#,0.017,#,0.16,9,11,#,0.064
1988,3220260,32,502,05,0,11,#,0.37,#,0.71,8,10,#,0.51,#,0.027,#,0.13,19,23,#,0.057
1988,3220260,32,502,05,0,13,#,0.39,#,0.76,8,10,#,0.53,#,0.026,#,0.17,20,23,#,0.065
1988,3220270,32,502,51,0,11,#,0.33,#,1,8,10,#,0.56,#,0.024,#,0.1,19,23,#,0.046
1988,3220270,32,502,51,0,13,#,0.38,#,0.74,9,10,#,0.59,#,0.024,#,0.13,21,23,#,0.052
1988,3320010,33,501,01,0,11,#,0.84,#,2.6,11,12,#,1.8,#,0.11,#,0.27,12,12,#,0.18
1988,3320020,33,501,02,0,11,#,0.81,#,2.7,10,12,#,1.8,#,0.084,#,0.27,11,12,#,0.18
1988,3320030,33,501,51,0,11,#,1.5,#,3.3,12,12,#,2.1,#,0.13,#,0.32,12,12,#,0.21
1988,3320040,33,501,52,0,11,#,1.1,#,3.4,12,12,#,2.4,#,0.19,#,0.41,12,12,#,0.29
1988,4120120,41,501,01,0,11,#,0.3,#,1.2,9,12,#,0.65,#,0.014,#,0.043,4,12,#,0.027
1988,4120120,41,501,01,0,13,#,0.37,#,0.94,11,12,#,0.76,#,0.007,#,0.064,4,12,#,0.029
1988,4120010,41,501,51,0,11,#,0.33,#,1.2,10,12,#,0.63,#,0.014,#,0.083,5,12,#,0.032
1988,4620020,46,501,01,0,11,#,0.32,#,0.39,6,6,#,0.35,#,0.004,#,0.01,0,6,#,0.007
1988,4620020,46,501,01,0,12,#,0.33,#,0.41,6,6,#,0.36,#,0.003,#,0.006,0,6,#,0.004
1988,4620020,46,501,01,0,13,#,0.29,#,0.34,6,6,#,0.32,<,0.003,#,0.004,0,6,#,0.003
1988,4620030,46,501,02,0,11,#,0.32,#,0.4,6,6,#,0.36,#,0.004,#,0.014,1,6,#,0.007
1988,4620030,46,501,02,0,12,#,0.34,#,0.52,12,12,#,0.38,<,0.003,#,0.011,1,12,#,0.006
1988,4620030,46,501,02,0,13,#,0.27,#,0.34,12,12,#,0.31,<,0.003,#,0.005,0,12,#,0.004
1988,4620040,46,501,03,0,11,#,0.33,#,0.37,6,6,#,0.36,#,0.004,#,0.012,1,6,#,0.007
1988,4620040,46,501,03,0,12,#,0.32,#,0.37,6,6,#,0.35,<,0.003,#,0.006,0,6,#,0.004
1988,4620040,46,501,03,0,13,#,0.27,#,0.32,6,6,#,0.3,<,0.003,#,0.003,0,6,#,0.003
1988,4620050,46,501,51,0,11,#,0.29,#,0.38,6,6,#,0.35,#,0.004,#,0.012,1,6,#,0.007
1988,4620060,46,501,52,0,11,#,0.28,#,0.38,6,6,#,0.33,#,0.004,#,0.009,0,6,#,0.006
1988,4620100,46,501,53,0,11,#,0.29,#,0.39,6,6,#,0.35,#,0.004,#,0.009,0,6,#,0.007
1988,4620100,46,501,53,0,12,#,0.36,#,0.61,6,6,#,0.44,#,0.006,#,0.014,2,6,#,0.01
1988,4620100,46,501,53,0,13,#,0.34,#,0.42,6,6,#,0.37,#,0.004,#,0.007,0,6,#,0.005
1988,4620110,46,502,01,0,11,#,0.79,#,1.1,6,6,#,1,#,0.029,#,0.074,4,6,#,0.052
1988,4620110,46,502,01,0,12,#,0.89,#,1.1,6,6,#,0.98,#,0.042,#,0.069,4,6,#,0.052
1988,4620110,46,502,01,0,13,#,0.89,#,1.1,6,6,#,0.98,#,0.038,#,0.071,4,6,#,0.052
1988,4620120,46,502,02,0,11,#,0.86,#,1.1,6,6,#,1,#,0.03,#,0.061,2,6,#,0.045
1988,4620120,46,502,02,0,12,#,0.85,#,1,6,6,#,0.92,#,0.039,#,0.058,4,6,#,0.05
1988,4620120,46,502,02,0,13,#,1,#,1.3,6,6,#,1.1,#,0.029,#,0.1,1,6,#,0.048
1988,4620130,46,502,03,0,11,#,0.83,#,1.4,6,6,#,1.1,#,0.025,#,0.15,1,6,#,0.056
1988,4620130,46,502,03,0,12,#,0.83,#,1.1,6,6,#,0.96,#,0.039,#,0.054,2,6,#,0.046
1988,4620130,46,502,03,0,13,#,1,#,1.2,6,6,#,1.1,#,0.024,#,0.069,1,6,#,0.04
1988,4620140,46,502,51,0,11,#,0.77,#,1.2,6,6,#,1,#,0.036,#,0.079,4,6,#,0.055
1988,4620140,46,502,51,0,12,#,0.77,#,1.2,6,6,#,1,#,0.049,#,0.085,5,6,#,0.062
1988,4620140,46,502,51,0,13,#,0.95,#,1.1,6,6,#,1,#,0.051,#,0.083,6,6,#,0.065
1988,4620150,46,502,52,0,11,#,0.79,#,1.1,6,6,#,0.98,#,0.029,#,0.077,3,6,#,0.051
1988,4620150,46,502,52,0,12,#,0.81,#,1.2,6,6,#,0.98,#,0.032,#,0.079,3,6,#,0.054
1988,4620150,46,502,52,0,13,#,0.93,#,1.1,6,6,#,1,#,0.048,#,0.071,4,6,#,0.058
1988,4620010,46,503,01,0,11,#,0.15,#,0.19,0,6,#,0.18,#,0.005,#,0.007,0,6,#,0.006
1988,4620010,46,503,01,0,12,#,0.13,#,0.46,9,30,#,0.21,#,0.003,#,0.039,7,30,#,0.009
1988,4620160,46,503,51,0,11,#,0.14,#,0.18,0,6,#,0.16,#,0.005,#,0.006,0,6,#,0.006
1988,4620160,46,503,51,0,12,#,0.16,#,0.46,2,6,#,0.22,#,0.006,#,0.027,1,6,#,0.011
1988,4620160,46,503,51,0,13,#,0.15,#,0.21,1,6,#,0.17,#,0.005,#,0.009,0,6,#,0.007
1988,4620170,46,503,52,0,11,#,0.14,#,0.2,0,6,#,0.16,#,0.005,#,0.007,0,6,#,0.006
1988,4620170,46,503,52,0,12,#,0.14,#,0.26,1,6,#,0.18,#,0.006,#,0.008,0,6,#,0.007
1988,4620170,46,503,52,0,13,#,0.16,#,0.27,4,6,#,0.21,#,0.005,#,0.022,2,6,#,0.011
