西暦年度,絶対番号,県コード_地点統一番号,水域コード_地点統一番号,地点コード_地点統一番号,調査区分,採取位置,C_全窒素_最小値,全窒素_最小値,C_全窒素_最大値,全窒素_最大値,m_全窒素,n_全窒素,C_全窒素_日間平均値_平均値,全窒素_日間平均値_平均値,C_全燐_最小値,全燐_最小値,C_全燐_最大値,全燐_最大値,m_全燐,n_全燐,C_全燐_日間平均値_平均値,全燐_日間平均値_平均値
1997,0120010,01,501,01,0,11,#,0.46,#,2,6,8,#,1.1,#,0.055,#,0.22,8,8,#,0.11
1997,0120020,01,501,02,0,11,#,0.36,#,1.4,4,8,#,0.78,#,0.041,#,0.2,7,8,#,0.093
1997,0120030,01,501,51,0,11,#,0.75,#,1.2,8,8,#,0.97,#,0.044,#,0.11,5,8,#,0.073
1997,0120040,01,501,52,0,11,#,0.29,#,1.4,3,8,#,0.75,#,0.039,#,0.2,6,8,#,0.094
1997,0120050,01,502,01,0,11,<,0.05,#,0.12,999,6,#,0.07,<,0.003,#,0.003,0,6,#,0.003
1997,0120060,01,502,02,0,11,<,0.05,#,0.09,999,6,#,0.07,<,0.003,<,0.003,0,6,<,0.003
1997,0120110,01,503,01,0,11,#,0.22,#,0.3,999,6,#,0.25,<,0.003,<,0.003,0,6,<,0.003
1997,0120120,01,503,02,0,11,#,0.19,#,0.32,999,6,#,0.24,<,0.003,<,0.003,0,6,<,0.003
1997,0120130,01,503,03,0,11,#,0.19,#,0.31,999,5,#,0.22,<,0.003,<,0.003,0,6,<,0.003
1997,0120140,01,503,51,0,11,#,0.17,#,0.29,999,6,#,0.22,<,0.003,<,0.003,0,6,<,0.003
1997,0120150,01,503,52,0,11,#,0.19,#,0.34,999,6,#,0.26,<,0.003,<,0.003,0,6,<,0.003
1997,0120160,01,503,53,0,11,#,0.19,#,0.32,999,6,#,0.25,<,0.003,<,0.003,0,6,<,0.003
1997,0120170,01,503,54,0,11,#,0.17,#,0.31,999,6,#,0.24,<,0.003,<,0.003,0,6,<,0.003
1997,0120180,01,504,01,0,11,#,0.35,#,0.79,999,6,#,0.58,#,0.014,#,0.029,0,6,#,0.021
1997,0120190,01,504,02,0,11,#,0.32,#,0.67,999,6,#,0.55,#,0.017,#,0.036,2,6,#,0.027
1997,0120200,01,504,51,0,11,#,0.35,#,0.91,999,6,#,0.59,#,0.015,#,0.024,0,6,#,0.02
1997,0120210,01,504,52,0,11,#,0.39,#,0.9,999,6,#,0.63,#,0.015,#,0.044,1,6,#,0.024
1997,0120220,01,504,53,0,11,#,0.37,#,0.92,999,6,#,0.59,#,0.018,#,0.032,1,6,#,0.023
1997,0120230,01,504,54,0,11,#,0.28,#,0.96,999,6,#,0.57,#,0.018,#,0.038,1,6,#,0.026
1997,0120240,01,505,01,0,11,#,0.1,#,0.47,1,6,#,0.24,#,0.021,#,0.059,4,6,#,0.04
1997,0120240,01,505,01,0,12,#,0.09,#,0.42,1,6,#,0.21,#,0.015,#,0.058,3,6,#,0.037
1997,0120250,01,505,02,0,11,#,0.13,#,0.37,0,6,#,0.21,#,0.015,#,0.069,3,6,#,0.036
1997,0120250,01,505,02,0,12,#,0.12,#,0.44,1,6,#,0.22,#,0.015,#,0.069,3,6,#,0.038
1997,0120260,01,505,03,0,11,#,0.06,#,0.3,0,6,#,0.18,#,0.018,#,0.069,3,6,#,0.037
1997,0120260,01,505,03,0,12,#,0.08,#,0.28,0,6,#,0.17,#,0.018,#,0.067,3,6,#,0.039
1997,0120270,01,505,51,0,11,#,0.1,#,0.28,0,6,#,0.17,#,0.017,#,0.049,3,6,#,0.031
1997,0120280,01,505,52,0,11,#,0.1,#,0.25,0,6,#,0.16,#,0.015,#,0.059,3,6,#,0.033
1997,0120290,01,505,53,0,11,#,0.11,#,0.32,0,6,#,0.17,#,0.018,#,0.057,3,6,#,0.036
1997,0120300,01,505,54,0,11,#,0.08,#,0.3,0,5,#,0.17,#,0.016,#,0.06,2,5,#,0.033
1997,0120310,01,506,01,0,11,<,0.05,#,0.1,999,6,#,0.07,<,0.003,#,0.004,0,6,#,0.003
1997,0120320,01,506,02,0,11,<,0.05,#,0.12,999,6,#,0.07,<,0.003,#,0.008,1,6,#,0.004
1997,0120360,01,507,01,0,11,#,0.11,#,0.16,999,4,#,0.13,<,0.003,#,0.007,0,4,#,0.005
1997,0120360,01,507,01,0,12,#,0.12,#,0.18,999,4,#,0.15,<,0.003,#,0.007,0,4,#,0.005
1997,0120370,01,507,02,0,11,#,0.11,#,0.32,999,4,#,0.17,<,0.003,#,0.006,0,4,#,0.005
1997,0120370,01,507,02,0,12,#,0.11,#,0.3,999,4,#,0.19,<,0.003,#,0.007,0,4,#,0.005
1997,0120380,01,507,51,0,11,#,0.07,#,0.19,999,4,#,0.13,<,0.003,#,0.007,0,4,#,0.004
1997,0120390,01,507,52,0,11,#,0.07,#,0.17,999,4,#,0.11,<,0.003,#,0.006,0,4,#,0.004
1997,0120400,01,507,53,0,11,<,0.05,#,0.11,999,4,#,0.09,<,0.003,#,0.006,0,4,#,0.004
1997,0120410,01,508,01,0,11,#,0.09,#,0.37,999,4,#,0.19,#,0.005,#,0.008,0,4,#,0.006
1997,0120410,01,508,01,0,12,#,0.17,#,0.45,999,4,#,0.25,#,0.007,#,0.01,0,4,#,0.008
1997,0120420,01,508,02,0,11,#,0.15,#,0.32,999,4,#,0.2,<,0.003,#,0.007,0,4,#,0.005
1997,0120420,01,508,02,0,12,#,0.19,#,0.44,999,4,#,0.29,#,0.004,#,0.011,1,4,#,0.008
1997,0120430,01,508,51,0,11,#,0.11,#,0.34,999,4,#,0.2,#,0.005,#,0.008,0,4,#,0.006
1997,0120440,01,508,52,0,11,#,0.14,#,0.4,999,4,#,0.22,#,0.004,#,0.006,0,4,#,0.005
1997,0120450,01,508,53,0,11,#,0.1,#,0.37,999,4,#,0.19,#,0.005,#,0.008,0,4,#,0.007
1997,0120460,01,509,01,0,11,#,0.48,#,1,0,8,#,0.72,#,0.03,#,0.064,0,8,#,0.05
1997,0120470,01,509,02,0,11,#,0.76,#,1.2,1,8,#,0.94,#,0.064,#,0.12,2,8,#,0.084
1997,0120480,01,509,51,0,11,#,0.53,#,0.89,0,8,#,0.68,#,0.038,#,0.069,0,8,#,0.052
1997,0120490,01,509,52,0,11,#,0.69,#,1.1,1,8,#,0.86,#,0.056,#,0.087,0,8,#,0.073
1997,0120550,01,510,01,0,11,<,0.05,#,0.22,999,4,#,0.1,<,0.003,<,0.003,0,4,<,0.003
1997,0120550,01,510,01,0,12,<,0.05,#,0.34,999,4,#,0.13,<,0.003,<,0.003,0,4,<,0.003
1997,0120560,01,510,02,0,11,<,0.05,#,0.41,999,4,#,0.16,<,0.003,<,0.003,0,4,<,0.003
1997,0120560,01,510,02,0,12,<,0.05,#,0.33,999,4,#,0.13,<,0.003,<,0.003,0,4,<,0.003
1997,0120570,01,510,51,0,11,<,0.05,#,0.11,999,4,#,0.07,<,0.003,<,0.003,0,4,<,0.003
1997,0120570,01,510,51,0,12,<,0.05,#,0.36,999,4,#,0.24,<,0.003,<,0.003,0,4,<,0.003
1997,0120580,01,510,52,0,11,<,0.05,#,0.33,999,4,#,0.16,<,0.003,<,0.003,0,4,<,0.003
1997,0120580,01,510,52,0,12,#,0.13,#,0.36,999,4,#,0.29,<,0.003,<,0.003,0,4,<,0.003
1997,0230750,02,610,01,0,11,#,0.09,#,0.14,0,6,#,0.12,#,0.009,#,0.025,1,6,#,0.016
1997,0230780,02,611,01,0,11,<,0.05,#,0.24,2,6,#,0.14,#,0.012,#,0.025,1,6,#,0.017
1997,0230790,02,612,01,0,11,#,0.05,#,0.22,1,6,#,0.13,#,0.012,#,0.029,1,6,#,0.018
1997,0230830,02,613,01,0,11,#,0.05,#,0.15,0,6,#,0.1,#,0.006,#,0.034,1,6,#,0.013
1997,0230840,02,613,02,0,11,<,0.05,#,0.13,0,6,#,0.09,#,0.006,#,0.012,0,6,#,0.009
1997,0230850,02,613,03,0,11,<,0.05,#,0.16,0,6,#,0.09,#,0.006,#,0.016,0,6,#,0.009
1997,0231130,02,614,01,0,11,#,0.08,#,0.15,0,6,#,0.13,#,0.01,#,0.026,2,6,#,0.019
1997,0231150,02,615,01,0,11,#,0.05,#,0.12,0,6,#,0.09,#,0.008,#,0.016,0,6,#,0.012
1997,0231210,02,616,01,0,11,#,0.12,#,0.22,1,6,#,0.14,#,0.009,#,0.026,1,6,#,0.016
1997,0231240,02,617,01,0,11,#,0.12,#,0.22,1,6,#,0.16,#,0.012,#,0.018,0,6,#,0.016
1997,0231260,02,618,01,0,11,#,0.06,#,0.14,0,6,#,0.11,#,0.009,#,0.016,0,6,#,0.013
1997,0231290,02,619,01,0,11,#,0.05,#,0.13,0,6,#,0.09,#,0.006,#,0.011,0,6,#,0.009
1997,0231300,02,619,02,0,11,<,0.05,#,0.12,0,6,#,0.08,#,0.006,#,0.013,0,6,#,0.008
1997,0231310,02,619,03,0,11,<,0.05,#,0.1,0,6,#,0.08,#,0.006,#,0.025,1,6,#,0.011
1997,0231320,02,619,04,0,11,<,0.05,#,0.12,0,6,#,0.09,#,0.007,#,0.012,0,6,#,0.009
1997,0320130,03,506,01,0,11,#,0.37,#,1.1,999,12,#,0.56,#,0.004,#,0.022,0,12,#,0.012
1997,0320130,03,506,01,0,12,#,0.49,#,0.89,999,12,#,0.62,#,0.006,#,0.013,0,12,#,0.01
1997,0320130,03,506,01,0,13,#,0.51,#,1,999,12,#,0.67,#,0.005,#,0.014,0,12,#,0.01
1997,0320120,03,506,51,0,11,#,0.36,#,0.68,999,6,#,0.52,#,0.005,#,0.034,1,6,#,0.018
1997,0320120,03,506,51,0,13,#,0.52,#,0.63,999,6,#,0.57,#,0.007,#,0.021,0,6,#,0.015
1997,0330040,03,605,01,0,11,#,0.25,#,1,10,12,#,0.51,#,0.019,#,0.046,6,12,#,0.03
1997,0330050,03,605,02,0,11,#,0.19,#,0.75,7,12,#,0.39,#,0.014,#,0.035,1,12,#,0.024
1997,0420140,04,505,01,0,11,#,0.43,#,0.8,999,12,#,0.59,#,0.007,#,0.03,10,12,#,0.018
1997,0420140,04,505,01,0,12,#,0.4,#,0.75,999,12,#,0.59,#,0.008,#,0.025,7,12,#,0.014
1997,0420140,04,505,01,0,13,#,0.41,#,0.84,999,12,#,0.62,#,0.008,#,0.057,9,12,#,0.021
1997,0420190,04,507,01,0,11,#,0.18,#,0.35,999,12,#,0.24,#,0.005,#,0.02,2,12,#,0.01
1997,0420240,04,510,01,0,11,#,0.18,#,0.45,999,12,#,0.27,#,0.008,#,0.023,11,12,#,0.016
1997,0420390,04,511,01,0,11,#,0.28,#,0.56,999,12,#,0.41,#,0.006,#,0.021,8,12,#,0.012
1997,0430010,04,601,01,0,11,#,0.49,#,1.1,10,12,#,0.78,#,0.056,#,0.15,12,12,#,0.096
1997,0430050,04,602,01,0,11,#,0.21,#,0.57,10,12,#,0.4,#,0.012,#,0.059,9,12,#,0.041
1997,0430060,04,602,51,0,11,#,0.22,#,0.63,9,12,#,0.37,#,0.012,#,0.059,8,12,#,0.038
1997,0430110,04,603,01,0,11,#,0.15,#,0.37,1,12,#,0.23,#,0.006,#,0.04,4,12,#,0.024
1997,0431600,04,603,55,0,11,#,0.19,#,0.56,5,12,#,0.3,#,0.007,#,0.048,5,12,#,0.03
1997,0431610,04,603,56,0,11,#,0.18,#,0.61,8,12,#,0.35,#,0.015,#,0.056,10,12,#,0.04
1997,0431620,04,603,57,0,11,#,0.2,#,0.5,7,12,#,0.32,#,0.016,#,0.062,8,12,#,0.039
1997,0431630,04,603,58,0,11,#,0.16,#,0.48,5,12,#,0.29,#,0.015,#,0.065,7,12,#,0.034
1997,0431640,04,603,59,0,11,#,0.14,#,0.65,4,12,#,0.28,#,0.016,#,0.057,4,12,#,0.029
1997,0431040,04,621,01,0,11,#,0.16,#,0.45,1,10,#,0.25,#,0.016,#,0.037,3,10,#,0.027
1997,0431050,04,622,01,0,11,#,0.11,#,0.28,0,10,#,0.19,#,0.01,#,0.021,0,10,#,0.015
1997,0431060,04,622,02,0,11,#,0.12,#,0.34,1,10,#,0.2,#,0.009,#,0.025,0,10,#,0.016
1997,0431750,04,622,58,0,11,#,0.1,#,0.23,0,10,#,0.16,#,0.003,#,0.027,0,10,#,0.013
1997,0431760,04,622,59,0,11,#,0.09,#,0.17,0,10,#,0.14,#,0.003,#,0.017,0,10,#,0.011
1997,0720020,07,501,01,0,11,#,0.21,#,0.29,999,8,#,0.26,<,0.003,#,0.003,0,8,#,0.003
1997,0720020,07,501,01,0,12,#,0.23,#,0.29,999,8,#,0.26,<,0.003,#,0.004,0,8,#,0.003
1997,0720020,07,501,01,0,13,#,0.22,#,0.32,999,16,#,0.27,<,0.003,#,0.005,0,16,#,0.003
1997,0720030,07,501,51,0,11,#,0.21,#,0.29,999,6,#,0.26,<,0.003,#,0.006,0,6,#,0.004
1997,0720040,07,501,52,0,11,#,0.21,#,0.39,999,6,#,0.29,<,0.003,#,0.031,1,6,#,0.008
1997,0720050,07,501,53,0,11,#,0.21,#,0.3,999,6,#,0.27,<,0.003,#,0.003,0,6,#,0.003
1997,0720060,07,501,54,0,11,#,0.25,#,0.3,999,8,#,0.27,<,0.003,#,0.011,1,8,#,0.004
1997,0720070,07,501,55,0,11,#,0.24,#,0.34,999,8,#,0.29,<,0.003,#,0.006,0,8,#,0.004
1997,0720080,07,501,56,0,11,#,0.25,#,0.38,999,8,#,0.3,<,0.003,#,0.017,1,8,#,0.005
1997,0720260,07,501,57,0,11,#,0.19,#,0.82,999,8,#,0.33,<,0.003,#,0.036,1,8,#,0.009
1997,0720120,07,502,01,0,11,#,0.08,#,0.15,999,7,#,0.11,<,0.003,#,0.009,0,7,#,0.006
1997,0720120,07,502,01,0,13,#,0.1,#,0.18,999,7,#,0.14,#,0.004,#,0.011,1,7,#,0.007
1997,0720270,07,502,51,0,11,#,0.08,#,0.19,999,7,#,0.14,#,0.004,#,0.009,0,7,#,0.006
1997,0720280,07,502,52,0,11,#,0.07,#,0.13,999,7,#,0.11,#,0.004,#,0.017,3,7,#,0.01
1997,0720130,07,503,01,0,11,#,0.07,#,0.16,999,7,#,0.13,#,0.003,#,0.013,2,7,#,0.008
1997,0720290,07,503,51,0,11,#,0.05,#,0.18,999,7,#,0.13,#,0.003,#,0.014,3,7,#,0.008
1997,0720300,07,503,52,0,11,#,0.09,#,0.22,999,7,#,0.16,#,0.004,#,0.016,4,7,#,0.01
1997,0720140,07,504,01,0,11,#,0.09,#,0.19,999,7,#,0.15,#,0.003,#,0.014,2,7,#,0.007
1997,0720140,07,504,01,0,13,#,0.13,#,0.18,999,7,#,0.16,<,0.003,#,0.013,1,7,#,0.007
1997,0720310,07,504,51,0,11,#,0.11,#,0.19,999,7,#,0.15,<,0.003,#,0.009,0,7,#,0.006
1997,0720320,07,504,52,0,11,#,0.09,#,0.19,999,7,#,0.14,#,0.003,#,0.011,1,7,#,0.006
1997,0730160,07,603,01,0,11,#,0.14,#,0.44,3,12,#,0.24,#,0.018,#,0.046,4,12,#,0.03
1997,0730170,07,603,02,0,11,#,0.15,#,0.9,4,12,#,0.35,#,0.016,#,0.062,5,12,#,0.032
1997,0730180,07,603,51,0,11,#,0.15,#,0.45,2,6,#,0.27,#,0.02,#,0.05,4,6,#,0.037
1997,0730430,07,603,52,0,11,#,0.2,#,1,5,6,#,0.5,#,0.029,#,0.086,5,6,#,0.05
1997,0730440,07,603,53,0,11,#,0.26,#,0.63,4,6,#,0.4,#,0.031,#,0.066,6,6,#,0.046
1997,0820010,08,501,01,0,11,#,0.76,#,1.5,12,12,#,0.97,#,0.069,#,0.12,12,12,#,0.1
1997,0820020,08,501,02,0,11,#,0.66,#,1.2,12,12,#,0.88,#,0.077,#,0.16,12,12,#,0.12
1997,0820030,08,501,03,0,11,#,0.62,#,1.2,24,24,#,0.9,#,0.059,#,0.12,24,24,#,0.097
1997,0820040,08,501,04,0,11,#,0.57,#,1.2,12,12,#,0.81,#,0.07,#,0.14,12,12,#,0.099
1997,0820050,08,501,51,0,11,#,0.86,#,2.4,12,12,#,1.3,#,0.12,#,0.22,12,12,#,0.17
1997,0820060,08,501,52,0,11,#,0.59,#,1.2,12,12,#,0.79,#,0.065,#,0.11,12,12,#,0.091
1997,0820070,08,501,53,0,11,#,0.59,#,1.3,12,12,#,0.79,#,0.069,#,0.16,12,12,#,0.1
1997,0820080,08,501,54,0,11,#,0.62,#,1.2,12,12,#,0.79,#,0.071,#,0.13,12,12,#,0.096
1997,0820090,08,501,55,0,11,#,1.1,#,3.3,12,12,#,2,#,0.056,#,0.25,12,12,#,0.16
1997,0820100,08,501,56,0,11,#,1.3,#,2.6,12,12,#,1.9,#,0.064,#,0.12,12,12,#,0.096
1997,0820110,08,501,57,0,11,#,0.65,#,1.9,12,12,#,1.2,#,0.048,#,0.13,12,12,#,0.091
1997,0820120,08,501,58,0,11,#,0.92,#,2.7,12,12,#,1.5,#,0.07,#,0.17,12,12,#,0.1
1997,0820140,08,502,01,0,11,#,0.61,#,0.93,12,12,#,0.76,#,0.071,#,0.1,12,12,#,0.085
1997,0820150,08,502,02,0,11,#,0.57,#,0.96,12,12,#,0.77,#,0.041,#,0.13,12,12,#,0.088
1997,0820160,08,502,51,0,11,#,0.59,#,1.2,12,12,#,0.82,#,0.077,#,0.12,12,12,#,0.1
1997,0820170,08,502,52,0,11,#,1.2,#,5.5,12,12,#,3.4,#,0.03,#,0.21,11,12,#,0.1
1997,0820180,08,502,53,0,11,#,0.72,#,1.1,12,12,#,0.85,#,0.008,#,0.14,11,12,#,0.081
1997,0820190,08,503,01,0,11,#,0.7,#,1.1,12,12,#,0.86,#,0.07,#,0.15,12,12,#,0.094
1997,0820200,08,503,02,0,11,#,0.72,#,1.1,12,12,#,0.86,#,0.062,#,0.13,12,12,#,0.08
1997,0820210,08,503,51,0,11,#,0.64,#,1.1,12,12,#,0.86,#,0.061,#,0.14,12,12,#,0.096
1997,0820220,08,503,52,0,11,#,0.62,#,1.1,12,12,#,0.82,#,0.065,#,0.13,12,12,#,0.085
1997,0920030,09,511,01,0,11,#,0.27,#,0.53,4,8,#,0.39,#,0.014,#,0.024,0,8,#,0.018
1997,0920030,09,511,01,0,12,#,0.28,#,0.52,9,16,#,0.41,#,0.014,#,0.028,0,16,#,0.02
1997,0920030,09,511,01,0,13,#,0.29,#,0.57,5,8,#,0.44,#,0.012,#,0.026,0,8,#,0.018
1997,0920040,09,511,51,0,11,#,0.3,#,0.51,3,8,#,0.39,#,0.018,#,0.026,0,8,#,0.022
1997,0920050,09,511,52,0,11,#,0.32,#,0.51,4,8,#,0.41,#,0.015,#,0.029,0,8,#,0.021
1997,0920060,09,511,53,0,11,#,0.31,#,0.56,5,8,#,0.45,#,0.016,#,0.03,0,8,#,0.022
1997,0920070,09,511,54,0,11,#,0.31,#,0.47,4,8,#,0.4,#,0.014,#,0.024,0,8,#,0.019
1997,0920080,09,511,55,0,11,#,0.25,#,0.56,2,8,#,0.38,#,0.013,#,0.023,0,8,#,0.017
1997,0920090,09,511,56,0,11,#,0.25,#,0.51,4,8,#,0.41,#,0.011,#,0.023,0,8,#,0.016
1997,0920100,09,512,01,0,11,#,0.11,#,0.46,999,8,#,0.23,#,0.005,#,0.01,5,8,#,0.007
1997,0920100,09,512,01,0,12,#,0.12,#,0.29,999,32,#,0.23,#,0.004,#,0.021,26,32,#,0.008
1997,0920100,09,512,01,0,13,#,0.25,#,0.4,999,3,#,0.31,#,0.009,#,0.027,3,3,#,0.016
1997,0920110,09,512,51,0,11,#,0.14,#,0.29,999,8,#,0.2,#,0.005,#,0.012,7,8,#,0.008
1997,0920140,09,512,54,0,11,#,0.13,#,0.24,999,8,#,0.19,#,0.005,#,0.01,7,8,#,0.007
1997,0920160,09,512,56,0,11,#,0.12,#,0.23,999,8,#,0.18,#,0.003,#,0.01,5,8,#,0.007
1997,1020080,10,501,01,0,11,#,0.17,#,0.29,999,6,#,0.23,#,0.006,#,0.017,4,6,#,0.012
1997,1020140,10,502,01,0,11,#,0.16,#,0.25,999,6,#,0.21,#,0.006,#,0.022,4,6,#,0.012
1997,1220010,12,501,01,0,11,#,0.78,#,2.7,24,24,#,1.8,#,0.07,#,0.21,24,24,#,0.13
1997,1220020,12,501,51,0,11,#,1.6,#,4.7,24,24,#,2.7,#,0.051,#,0.2,24,24,#,0.11
1997,1220030,12,501,52,0,11,#,1,#,3.3,24,24,#,1.7,#,0.061,#,0.19,24,24,#,0.11
1997,1220040,12,501,53,0,11,#,0.77,#,2.3,24,24,#,1.4,#,0.051,#,0.17,24,24,#,0.099
1997,1220050,12,502,01,0,11,#,1.9,#,6.3,24,24,#,4.1,#,0.32,#,0.7,24,24,#,0.44
1997,1220060,12,502,51,0,11,#,3.7,#,8.9,24,24,#,5.8,#,0.3,#,0.84,24,24,#,0.55
1997,1220070,12,502,52,0,11,#,1.5,#,5.8,24,24,#,3.4,#,0.15,#,0.48,24,24,#,0.29
1997,1220080,12,502,53,0,11,#,1.4,#,5.5,24,24,#,3.3,#,0.077,#,0.37,20,24,#,0.2
1997,1230010,12,601,01,0,11,#,0.73,#,1.4,8,12,#,1.1,#,0.064,#,0.14,6,12,#,0.093
1997,1230010,12,601,01,0,13,#,0.76,#,1.3,7,12,#,1.1,#,0.066,#,0.13,5,12,#,0.089
1997,1230020,12,601,02,0,11,#,0.71,#,1.4,7,12,#,1.1,#,0.044,#,0.12,3,12,#,0.086
1997,1230020,12,601,02,0,13,#,0.7,#,1.3,3,12,#,0.98,#,0.049,#,0.11,4,12,#,0.08
1997,1230030,12,601,03,0,11,#,0.7,#,1.2,3,12,#,0.92,#,0.048,#,0.1,3,12,#,0.076
1997,1230030,12,601,03,0,13,#,0.57,#,1,0,12,#,0.77,#,0.051,#,0.097,4,12,#,0.078
1997,1230040,12,601,51,0,11,#,0.92,#,2.5,11,12,#,1.5,<,0.02,#,0.12,2,12,#,0.064
1997,1230040,12,601,51,0,13,#,0.86,#,1.9,10,12,#,1.3,<,0.02,#,0.11,2,12,#,0.063
1997,1230050,12,601,52,0,11,#,1.5,#,4.9,12,12,#,2.6,#,0.02,#,0.13,5,12,#,0.078
1997,1230050,12,601,52,0,13,#,1.1,#,2.8,12,12,#,1.8,#,0.02,#,0.25,3,12,#,0.084
1997,1230060,12,601,53,0,11,#,1.1,#,3.3,12,12,#,2,#,0.05,#,0.73,10,12,#,0.23
1997,1230060,12,601,53,0,13,#,0.97,#,1.9,10,12,#,1.4,#,0.03,#,0.42,5,12,#,0.12
1997,1230150,12,602,01,0,11,#,0.77,#,1.3,12,12,#,1.1,#,0.062,#,0.14,12,12,#,0.091
1997,1230150,12,602,01,0,13,#,0.73,#,1.3,12,12,#,0.99,#,0.063,#,0.12,12,12,#,0.085
1997,1230160,12,602,02,0,11,#,0.77,#,1.2,12,12,#,0.95,#,0.04,#,0.1,10,12,#,0.074
1997,1230160,12,602,02,0,13,#,0.61,#,1.2,12,12,#,0.84,#,0.057,#,0.1,12,12,#,0.079
1997,1230170,12,602,03,0,11,#,0.63,#,1.1,12,12,#,0.84,#,0.043,#,0.1,10,12,#,0.07
1997,1230170,12,602,03,0,13,#,0.6,#,1,11,12,#,0.81,#,0.051,#,0.088,12,12,#,0.072
1997,1230200,12,603,01,0,11,#,0.56,#,1,9,12,#,0.78,#,0.054,#,0.099,12,12,#,0.072
1997,1230200,12,603,01,0,13,#,0.49,#,0.92,7,12,#,0.68,#,0.049,#,0.1,10,12,#,0.066
1997,1230220,12,604,01,0,11,#,0.57,#,1.1,2,12,#,0.85,#,0.041,#,0.085,0,12,#,0.062
1997,1230220,12,604,01,0,13,#,0.49,#,1,0,12,#,0.73,#,0.044,#,0.091,1,12,#,0.065
1997,1230240,12,605,01,0,11,#,0.83,#,2.2,9,12,#,1.3,#,0.087,#,0.24,11,12,#,0.14
1997,1230240,12,605,01,0,13,#,0.75,#,1.4,4,12,#,1,#,0.079,#,0.21,10,12,#,0.13
1997,1230260,12,606,01,0,11,#,1,#,1.4,9,12,#,1.2,#,0.07,#,0.21,11,12,#,0.14
1997,1230260,12,606,01,0,13,#,1,#,1.6,8,12,#,1.2,#,0.07,#,0.2,11,12,#,0.14
1997,1230290,12,607,01,0,11,#,0.83,#,2,6,12,#,1.2,#,0.05,#,0.15,7,12,#,0.1
1997,1230290,12,607,01,0,13,#,0.74,#,1.6,5,12,#,1.1,#,0.049,#,0.12,6,12,#,0.094
1997,1230300,12,607,02,0,11,#,0.92,#,1.8,9,12,#,1.2,#,0.068,#,0.17,10,12,#,0.11
1997,1230300,12,607,02,0,13,#,0.9,#,1.5,10,12,#,1.2,#,0.063,#,0.16,9,12,#,0.11
1997,1230310,12,607,51,0,11,#,0.72,#,1.4,4,12,#,1,#,0.054,#,0.12,8,12,#,0.094
1997,1230310,12,607,51,0,13,#,0.62,#,1.2,3,12,#,0.89,#,0.062,#,0.12,6,12,#,0.092
1997,1230360,12,608,01,0,11,#,0.89,#,1.3,6,12,#,1.1,#,0.049,#,0.13,5,12,#,0.089
1997,1230360,12,608,01,0,13,#,0.74,#,1.2,3,12,#,0.98,#,0.057,#,0.11,4,12,#,0.083
1997,1230370,12,608,02,0,11,#,0.69,#,1.6,7,12,#,1.1,#,0.047,#,0.14,5,12,#,0.087
1997,1230370,12,608,02,0,13,#,0.63,#,1.1,2,12,#,0.86,#,0.039,#,0.12,5,12,#,0.084
1997,1230400,12,609,01,0,11,#,0.75,#,1.3,12,12,#,0.97,#,0.049,#,0.1,11,12,#,0.077
1997,1230400,12,609,01,0,13,#,0.58,#,1.2,11,12,#,0.85,#,0.049,#,0.094,11,12,#,0.08
1997,1230410,12,609,02,0,11,#,0.53,#,1,8,12,#,0.75,#,0.036,#,0.079,10,12,#,0.063
1997,1230410,12,609,02,0,13,#,0.42,#,0.86,7,12,#,0.65,#,0.037,#,0.083,9,12,#,0.058
1997,1230420,12,609,03,0,11,#,0.52,#,1,10,12,#,0.78,#,0.037,#,0.074,10,12,#,0.06
1997,1230420,12,609,03,0,13,#,0.45,#,0.83,6,12,#,0.64,#,0.043,#,0.07,8,12,#,0.058
1997,1230460,12,610,01,0,11,#,0.58,#,1,11,12,#,0.82,#,0.04,#,0.094,8,12,#,0.065
1997,1230460,12,610,01,0,13,#,0.43,#,0.89,7,12,#,0.67,#,0.049,#,0.11,11,12,#,0.072
1997,1230470,12,610,02,0,11,#,0.52,#,1,8,12,#,0.75,#,0.04,#,0.081,9,12,#,0.061
1997,1230470,12,610,02,0,13,#,0.4,#,0.79,7,12,#,0.61,#,0.045,#,0.088,11,12,#,0.062
1997,1230500,12,611,01,0,11,#,0.36,#,0.82,12,12,#,0.6,#,0.031,#,0.064,12,12,#,0.047
1997,1230500,12,611,01,0,13,#,0.25,#,0.64,11,12,#,0.49,#,0.028,#,0.058,10,12,#,0.042
1997,1230510,12,611,02,0,11,#,0.33,#,0.76,12,12,#,0.55,#,0.026,#,0.06,11,12,#,0.041
1997,1230510,12,611,02,0,13,#,0.33,#,0.62,12,12,#,0.46,#,0.025,#,0.048,11,12,#,0.038
1997,1230520,12,611,51,0,11,#,0.18,#,0.51,5,12,#,0.29,#,0.017,#,0.05,2,12,#,0.025
1997,1230520,12,611,51,0,13,#,0.15,#,0.35,2,12,#,0.24,#,0.011,#,0.032,1,12,#,0.021
1997,1230530,12,611,52,0,11,#,0.16,#,0.82,1,12,#,0.27,#,0.014,#,0.093,1,12,#,0.024
1997,1230530,12,611,52,0,13,#,0.11,#,0.29,0,12,#,0.19,#,0.01,#,0.026,0,12,#,0.017
1997,1230540,12,611,53,0,11,#,0.1,#,2,1,12,#,0.35,#,0.01,#,0.33,1,12,#,0.043
1997,1230540,12,611,53,0,13,#,0.11,#,0.81,1,12,#,0.24,#,0.01,#,0.085,1,12,#,0.022
1997,1230550,12,611,54,0,11,#,0.15,#,0.61,1,12,#,0.23,#,0.009,#,0.068,1,12,#,0.021
1997,1230550,12,611,54,0,13,#,0.12,#,0.35,2,12,#,0.2,#,0.013,#,0.038,2,12,#,0.019
1997,1230560,12,611,55,0,11,#,0.17,#,0.6,2,12,#,0.25,#,0.013,#,0.058,3,12,#,0.023
1997,1230560,12,611,55,0,13,#,0.11,#,0.42,1,12,#,0.2,#,0.013,#,0.037,1,12,#,0.019
1997,1230580,12,611,57,0,11,#,0.1,#,0.63,1,12,#,0.23,#,0.01,#,0.075,1,12,#,0.022
1997,1230580,12,611,57,0,13,#,0.08,#,0.31,1,12,#,0.18,#,0.01,#,0.034,2,12,#,0.019
1997,1230780,12,611,58,0,11,#,0.11,#,1.3,2,12,#,0.31,#,0.009,#,0.17,1,12,#,0.031
1997,1230780,12,611,58,0,13,#,0.12,#,0.43,1,12,#,0.21,#,0.01,#,0.064,1,12,#,0.021
1997,1330010,13,601,01,0,11,#,1.4,#,3.9,12,12,#,2.7,#,0.11,#,0.73,12,12,#,0.26
1997,1330010,13,601,01,0,13,#,0.95,#,1.6,10,12,#,1.3,#,0.053,#,0.25,10,12,#,0.13
1997,1330020,13,601,02,0,11,#,1.4,#,3.7,12,12,#,2.3,#,0.1,#,0.61,12,12,#,0.23
1997,1330020,13,601,02,0,13,#,0.78,#,1.4,6,12,#,1.1,#,0.062,#,0.18,8,12,#,0.11
1997,1330030,13,601,03,0,11,#,1.3,#,3.7,12,12,#,2.4,#,0.097,#,0.52,12,12,#,0.21
1997,1330030,13,601,03,0,13,#,0.72,#,1.3,3,12,#,0.98,#,0.05,#,0.2,5,12,#,0.11
1997,1330040,13,601,04,0,11,#,2.2,#,6.2,12,12,#,3.8,#,0.14,#,0.63,12,12,#,0.31
1997,1330040,13,601,04,0,13,#,1.2,#,2.6,12,12,#,1.9,#,0.069,#,0.2,10,12,#,0.15
1997,1330050,13,601,51,0,11,#,3.5,#,4.6,2,2,#,4.1,#,0.29,#,0.3,2,2,#,0.3
1997,1330050,13,601,51,0,13,#,2.1,#,4.1,2,2,#,3.1,#,0.15,#,0.41,2,2,#,0.28
1997,1330060,13,601,52,0,11,#,2.2,#,3.8,2,2,#,3,#,0.22,#,0.29,2,2,#,0.26
1997,1330060,13,601,52,0,13,#,1.1,#,1.9,2,2,#,1.5,#,0.088,#,0.18,1,2,#,0.13
1997,1330070,13,601,53,0,11,#,1.6,#,2.7,2,2,#,2.2,#,0.13,#,0.23,2,2,#,0.18
1997,1330070,13,601,53,0,13,#,1.5,#,1.6,2,2,#,1.6,#,0.11,#,0.15,2,2,#,0.13
1997,1330080,13,601,54,0,11,#,2.3,#,3.5,2,2,#,2.9,#,0.15,#,0.3,2,2,#,0.23
1997,1330080,13,601,54,0,13,#,1.3,#,2.6,2,2,#,2,#,0.13,#,0.31,2,2,#,0.22
1997,1330090,13,601,55,0,11,#,1.3,#,1.7,2,2,#,1.5,#,0.099,#,0.13,2,2,#,0.11
1997,1330090,13,601,55,0,13,#,0.97,#,1,0,2,#,0.99,#,0.08,#,0.15,1,2,#,0.12
1997,1330110,13,601,57,0,11,#,1.4,#,3.4,2,2,#,2.4,#,0.17,#,0.27,2,2,#,0.22
1997,1330110,13,601,57,0,13,#,1.2,#,1.9,2,2,#,1.6,#,0.14,#,0.15,2,2,#,0.15
1997,1330120,13,601,58,0,11,#,9.1,#,11,2,2,#,10,#,0.47,#,1.2,2,2,#,0.84
1997,1330130,13,601,59,0,11,#,6.7,#,12,12,12,#,9.7,#,0.46,#,1.3,12,12,#,0.83
1997,1330140,13,601,60,0,11,#,6.2,#,10,2,2,#,8.1,#,0.33,#,1,2,2,#,0.67
1997,1330150,13,601,61,0,11,#,4.8,#,10,12,12,#,7.8,#,0.27,#,0.87,12,12,#,0.58
1997,1330160,13,601,62,0,11,#,2.5,#,3.9,2,2,#,3.2,#,0.13,#,0.39,2,2,#,0.26
1997,1330170,13,601,63,0,11,#,4.2,#,5,2,2,#,4.6,#,0.25,#,0.59,2,2,#,0.42
1997,1330180,13,601,64,0,11,#,3.6,#,8.4,12,12,#,5.3,#,0.2,#,0.78,12,12,#,0.37
1997,1330190,13,601,65,0,11,#,6.5,#,6.9,2,2,#,6.7,#,0.33,#,0.68,2,2,#,0.51
1997,1330200,13,601,66,0,11,#,5.2,#,6.1,2,2,#,5.7,#,0.28,#,0.64,2,2,#,0.46
1997,1330210,13,601,67,0,11,#,4,#,5,2,2,#,4.5,#,0.22,#,0.53,2,2,#,0.38
1997,1330220,13,601,68,0,11,#,4.7,#,4.9,2,2,#,4.8,#,0.27,#,0.41,2,2,#,0.34
1997,1330230,13,601,69,0,11,#,3.9,#,5.4,12,12,#,4.6,#,0.17,#,0.45,12,12,#,0.29
1997,1330240,13,601,70,0,11,#,3,#,5.8,12,12,#,4.4,#,0.15,#,0.6,12,12,#,0.34
1997,1330250,13,601,71,0,11,#,3.9,#,5.2,2,2,#,4.6,#,0.22,#,0.45,2,2,#,0.34
1997,1330260,13,601,72,0,11,#,2.6,#,4.5,12,12,#,3.3,#,0.12,#,0.39,12,12,#,0.24
1997,1330270,13,601,73,0,11,#,11,#,15,2,2,#,13,#,1.3,#,1.7,2,2,#,1.5
1997,1330280,13,601,74,0,11,#,6.1,#,16,12,12,#,12,#,0.61,#,1.9,12,12,#,1
1997,1330290,13,601,75,0,11,#,4.9,#,8,12,12,#,6.3,#,0.34,#,0.77,12,12,#,0.49
1997,1330300,13,601,76,0,11,#,9.8,#,19,12,12,#,15,#,0.55,#,1.6,12,12,#,1.1
1997,1330310,13,601,77,0,11,#,14,#,15,2,2,#,15,#,1.2,#,1.2,2,2,#,1.2
1997,1330320,13,601,78,0,11,#,3,#,8.3,12,12,#,4.9,#,0.19,#,0.52,12,12,#,0.33
1997,1330330,13,601,79,0,11,#,2.8,#,3.2,2,2,#,3,#,0.2,#,0.4,2,2,#,0.3
1997,1330340,13,601,80,0,11,#,3.2,#,12,12,12,#,8.6,#,0.26,#,0.73,12,12,#,0.47
1997,1330350,13,601,81,0,11,#,5.9,#,11,12,12,#,8.2,#,0.38,#,0.94,12,12,#,0.69
1997,1330370,13,602,01,0,11,#,1.1,#,4.4,12,12,#,2.4,#,0.09,#,0.29,11,12,#,0.17
1997,1330370,13,602,01,0,13,#,0.81,#,1.7,7,12,#,1.1,#,0.065,#,0.14,6,12,#,0.094
1997,1330380,13,602,51,0,11,#,1.8,#,2.6,2,2,#,2.2,#,0.12,#,0.18,2,2,#,0.15
1997,1330380,13,602,51,0,13,#,1,#,1.2,1,2,#,1.1,#,0.077,#,0.084,0,2,#,0.081
1997,1330390,13,602,52,0,11,#,1.2,#,2,2,2,#,1.6,#,0.095,#,0.14,2,2,#,0.12
1997,1330390,13,602,52,0,13,#,1,#,1.1,1,2,#,1.1,#,0.075,#,0.086,0,2,#,0.081
1997,1330400,13,602,53,0,11,#,1.4,#,1.7,2,2,#,1.6,#,0.11,#,0.13,2,2,#,0.12
1997,1330400,13,602,53,0,13,#,1.4,#,1.6,2,2,#,1.5,#,0.11,#,0.16,2,2,#,0.14
1997,1330410,13,602,55,0,11,#,1.6,#,1.9,2,2,#,1.8,#,0.12,#,0.14,2,2,#,0.13
1997,1330410,13,602,55,0,13,#,0.88,#,0.91,0,2,#,0.9,#,0.064,#,0.1,1,2,#,0.082
1997,1330420,13,602,56,0,11,#,1,#,1.5,1,2,#,1.3,#,0.097,#,0.1,2,2,#,0.099
1997,1330420,13,602,56,0,13,#,0.61,#,0.81,0,2,#,0.71,#,0.064,#,0.076,0,2,#,0.07
1997,1330440,13,603,01,0,11,#,0.88,#,1.8,9,12,#,1.3,#,0.041,#,0.14,6,12,#,0.092
1997,1330440,13,603,01,0,13,#,0.62,#,1.3,2,12,#,0.85,#,0.041,#,0.1,1,12,#,0.069
1997,1330450,13,603,02,0,11,#,1.4,#,3,12,12,#,2.1,#,0.1,#,0.24,12,12,#,0.15
1997,1330450,13,603,02,0,13,#,0.6,#,1.4,3,12,#,0.89,#,0.049,#,0.14,3,12,#,0.084
1997,1330460,13,603,51,0,11,#,1.4,#,1.9,2,2,#,1.7,#,0.11,#,0.11,2,2,#,0.11
1997,1330460,13,603,51,0,13,#,0.94,#,1.1,1,2,#,1,#,0.076,#,0.1,1,2,#,0.088
1997,1330470,13,603,52,0,11,#,1.3,#,1.5,2,2,#,1.4,#,0.1,#,0.1,2,2,#,0.1
1997,1330470,13,603,52,0,13,#,0.75,#,1,0,2,#,0.88,#,0.058,#,0.079,0,2,#,0.069
1997,1330480,13,603,53,0,11,#,1.3,#,2.4,2,2,#,1.9,#,0.099,#,0.18,2,2,#,0.14
1997,1330480,13,603,53,0,13,#,0.85,#,1,0,2,#,0.93,#,0.063,#,0.075,0,2,#,0.069
1997,1330490,13,603,54,0,11,#,1.5,#,1.9,2,2,#,1.7,#,0.12,#,0.14,2,2,#,0.13
1997,1330490,13,603,54,0,13,#,0.8,#,1,0,2,#,0.9,#,0.076,#,0.083,0,2,#,0.08
1997,1330500,13,603,55,0,11,#,1.5,#,2,2,2,#,1.8,#,0.12,#,0.12,2,2,#,0.12
1997,1330500,13,603,55,0,13,#,0.77,#,1,0,2,#,0.89,#,0.073,#,0.074,0,2,#,0.074
1997,1330510,13,603,56,0,11,#,1.2,#,1.3,2,2,#,1.3,#,0.092,#,0.1,2,2,#,0.096
1997,1330510,13,603,56,0,13,#,0.7,#,1,0,2,#,0.85,#,0.069,#,0.076,0,2,#,0.073
1997,1330520,13,603,57,0,11,#,1.6,#,2,2,2,#,1.8,#,0.11,#,0.16,2,2,#,0.14
1997,1330520,13,603,57,0,13,#,0.96,#,1.2,1,2,#,1.1,#,0.086,#,0.089,0,2,#,0.088
1997,1330530,13,603,58,0,11,#,1.3,#,1.4,2,2,#,1.4,#,0.095,#,0.11,2,2,#,0.1
1997,1330530,13,603,58,0,13,#,0.53,#,1,0,2,#,0.77,#,0.058,#,0.068,0,2,#,0.063
1997,1330540,13,603,59,0,11,#,0.79,#,1,0,2,#,0.9,#,0.069,#,0.077,0,2,#,0.073
1997,1330540,13,603,59,0,13,#,0.61,#,0.91,0,2,#,0.76,#,0.065,#,0.07,0,2,#,0.068
1997,1330560,13,603,61,0,11,#,1.4,#,1.9,2,2,#,1.7,#,0.1,#,0.15,2,2,#,0.13
1997,1330560,13,603,61,0,13,#,0.59,#,0.71,0,2,#,0.65,#,0.056,#,0.072,0,2,#,0.064
1997,1330570,13,603,62,0,11,#,0.95,#,1.3,1,2,#,1.1,#,0.071,#,0.11,1,2,#,0.091
1997,1330570,13,603,62,0,13,#,0.56,#,0.63,0,2,#,0.6,#,0.054,#,0.06,0,2,#,0.057
1997,1330580,13,603,63,0,11,#,0.88,#,1,0,2,#,0.94,#,0.079,#,0.079,0,2,#,0.079
1997,1330580,13,603,63,0,13,#,0.54,#,0.68,0,2,#,0.61,#,0.054,#,0.091,1,2,#,0.073
1997,1330590,13,603,64,0,11,#,0.93,#,0.95,0,2,#,0.94,#,0.07,#,0.075,0,2,#,0.073
1997,1330590,13,603,64,0,13,#,0.65,#,0.65,0,2,#,0.65,#,0.051,#,0.09,0,2,#,0.071
1997,1330600,13,604,01,0,11,#,0.8,#,2.7,4,12,#,1.2,#,0.046,#,0.17,3,12,#,0.085
1997,1330600,13,604,01,0,13,#,0.46,#,0.91,0,12,#,0.67,#,0.048,#,0.13,4,12,#,0.076
1997,1430010,14,601,01,0,11,#,1.2,#,1.8,12,12,#,1.5,#,0.079,#,0.16,11,12,#,0.11
1997,1430010,14,601,01,0,13,#,0.58,#,1,0,12,#,0.79,#,0.052,#,0.14,6,12,#,0.092
1997,1430020,14,601,02,0,11,#,0.83,#,1.9,7,12,#,1.2,#,0.071,#,0.16,8,12,#,0.1
1997,1430020,14,601,02,0,13,#,0.56,#,0.94,0,12,#,0.76,#,0.046,#,0.14,3,12,#,0.08
1997,1430030,14,601,03,0,11,#,1.1,#,2.1,12,12,#,1.6,#,0.09,#,0.16,11,12,#,0.12
1997,1430030,14,601,03,0,13,#,0.61,#,1.1,2,12,#,0.88,#,0.052,#,0.17,5,12,#,0.1
1997,1430040,14,601,04,0,11,#,1.3,#,5.1,12,12,#,2.6,#,0.094,#,0.47,12,12,#,0.2
1997,1430040,14,601,04,0,13,#,0.85,#,1.5,8,12,#,1.2,#,0.056,#,0.14,9,12,#,0.1
1997,1430050,14,601,05,0,11,#,0.83,#,2,10,12,#,1.3,#,0.069,#,0.18,10,12,#,0.12
1997,1430050,14,601,05,0,13,#,0.63,#,1.2,3,12,#,0.92,#,0.052,#,0.14,6,12,#,0.094
1997,1430220,14,601,51,0,11,#,0.95,#,1.9,11,12,#,1.5,#,0.095,#,0.14,12,12,#,0.12
1997,1430220,14,601,51,0,13,#,0.5,#,1.2,2,12,#,0.8,#,0.044,#,0.11,3,12,#,0.078
1997,1430060,14,602,01,0,11,#,0.61,#,1.4,4,12,#,0.95,#,0.05,#,0.1,3,12,#,0.077
1997,1430060,14,602,01,0,13,#,0.52,#,1,0,12,#,0.75,#,0.042,#,0.092,1,12,#,0.068
1997,1430070,14,603,01,0,11,#,0.25,#,1.1,1,12,#,0.69,#,0.036,#,0.093,1,12,#,0.062
1997,1430070,14,603,01,0,13,#,0.4,#,0.89,0,12,#,0.63,#,0.036,#,0.075,0,12,#,0.057
1997,1430080,14,604,01,0,11,#,0.85,#,2.8,10,12,#,1.5,#,0.053,#,0.19,10,12,#,0.11
1997,1430080,14,604,01,0,13,#,0.5,#,1,0,12,#,0.76,#,0.035,#,0.16,5,12,#,0.084
1997,1430090,14,605,01,0,11,#,0.53,#,2.1,10,12,#,0.92,#,0.047,#,0.12,11,12,#,0.082
1997,1430090,14,605,01,0,13,#,0.53,#,1.4,11,12,#,0.84,#,0.043,#,0.11,10,12,#,0.077
1997,1430100,14,606,01,0,11,#,0.77,#,2.6,8,12,#,1.4,#,0.046,#,0.18,9,12,#,0.11
1997,1430100,14,606,01,0,13,#,0.36,#,0.86,0,12,#,0.63,#,0.039,#,0.15,3,12,#,0.076
1997,1430110,14,606,02,0,11,#,0.83,#,2,6,12,#,1.2,#,0.064,#,0.16,7,12,#,0.095
1997,1430110,14,606,02,0,13,#,0.48,#,0.86,0,12,#,0.66,#,0.047,#,0.17,3,12,#,0.08
1997,1430120,14,606,03,0,11,#,0.45,#,1.6,4,12,#,0.97,#,0.043,#,0.12,3,12,#,0.08
1997,1430120,14,606,03,0,13,#,0.41,#,0.73,0,12,#,0.52,#,0.032,#,0.11,1,12,#,0.057
1997,1430130,14,606,04,0,11,#,0.3,#,1.6,3,12,#,0.82,#,0.043,#,0.1,1,12,#,0.069
1997,1430130,14,606,04,0,13,#,0.47,#,0.99,0,12,#,0.73,#,0.039,#,0.077,0,12,#,0.06
1997,1430140,14,606,51,0,11,#,0.35,#,1.5,9,12,#,0.83,#,0.044,#,0.098,11,12,#,0.073
1997,1430140,14,606,51,0,13,#,0.3,#,1,7,12,#,0.64,#,0.035,#,0.068,7,12,#,0.055
1997,1430150,14,607,01,0,11,#,0.42,#,1.1,6,12,#,0.66,#,0.03,#,0.083,7,12,#,0.056
1997,1430150,14,607,01,0,13,#,0.27,#,0.63,2,12,#,0.46,#,0.034,#,0.057,3,12,#,0.044
1997,1430160,14,608,01,0,11,#,0.27,#,0.82,11,12,#,0.47,#,0.025,#,0.054,9,12,#,0.039
1997,1430160,14,608,01,0,13,#,0.3,#,0.61,11,12,#,0.41,#,0.025,#,0.051,9,12,#,0.037
1997,1430170,14,609,01,0,11,#,0.34,#,1.8,12,12,#,0.59,#,0.031,#,0.1,12,12,#,0.051
1997,1430170,14,609,01,0,13,#,0.38,#,0.81,12,12,#,0.52,#,0.03,#,0.061,11,12,#,0.046
1997,1430180,14,610,01,0,11,#,0.5,#,1.5,10,12,#,0.95,#,0.041,#,0.1,10,12,#,0.072
1997,1430180,14,610,01,0,13,#,0.38,#,0.66,3,12,#,0.52,#,0.028,#,0.11,5,12,#,0.054
1997,1430190,14,610,02,0,11,#,0.42,#,1.2,9,12,#,0.78,#,0.034,#,0.087,8,12,#,0.059
1997,1430190,14,610,02,0,13,#,0.3,#,0.62,2,12,#,0.49,#,0.031,#,0.085,2,12,#,0.046
1997,1430200,14,611,01,0,11,#,0.37,#,0.68,12,12,#,0.52,#,0.025,#,0.064,11,12,#,0.043
1997,1430200,14,611,01,0,13,#,0.27,#,0.72,11,12,#,0.4,#,0.024,#,0.051,10,12,#,0.037
1997,1430210,14,611,02,0,11,#,0.26,#,0.94,10,12,#,0.45,#,0.017,#,0.073,9,12,#,0.039
1997,1430210,14,611,02,0,13,#,0.18,#,0.34,2,12,#,0.26,#,0.017,#,0.045,3,12,#,0.026
1997,1430440,14,611,51,0,11,#,0.14,#,1.4,4,12,#,0.33,#,0.009,#,0.13,2,12,#,0.029
1997,1430440,14,611,51,0,13,#,0.16,#,0.27,0,12,#,0.21,#,0.014,#,0.032,1,12,#,0.021
1997,1620010,16,501,01,0,11,#,0.07,#,0.15,999,6,#,0.11,<,0.003,#,0.005,0,6,#,0.004
1997,1620020,16,501,51,0,11,#,0.05,#,0.18,999,4,#,0.11,#,0.005,#,0.007,0,4,#,0.006
1997,1620030,16,502,01,0,11,#,0.07,#,0.18,999,6,#,0.11,<,0.003,#,0.015,1,6,#,0.007
1997,1620040,16,502,51,0,11,#,0.07,#,0.18,999,4,#,0.12,<,0.003,#,0.018,1,4,#,0.008
1997,1720010,17,501,01,0,11,#,1,#,2.6,12,12,#,1.4,#,0.058,#,0.16,12,12,#,0.1
1997,1720030,17,502,01,0,11,#,0.81,#,1.3,12,12,#,1,#,0.034,#,0.12,11,12,#,0.077
1997,1720040,17,502,51,0,11,#,0.89,#,1.3,12,12,#,1,#,0.052,#,0.14,12,12,#,0.081
1997,1720050,17,502,52,0,11,#,0.73,#,1.3,12,12,#,1,#,0.045,#,0.13,11,12,#,0.081
1997,1720080,17,503,51,0,11,#,0.49,#,1.1,11,12,#,0.83,#,0.036,#,0.11,9,12,#,0.069
1997,1720090,17,504,01,0,11,#,0.6,#,2.1,11,12,#,1.2,#,0.055,#,0.15,12,12,#,0.099
1997,1720100,17,504,51,0,11,#,1,#,3.8,12,12,#,1.9,#,0.056,#,0.19,12,12,#,0.12
1997,1720110,17,504,52,0,11,#,0.72,#,1.5,12,12,#,1.1,#,0.039,#,0.15,11,12,#,0.093
1997,1730110,17,604,01,0,11,#,0.15,#,0.28,0,7,#,0.22,#,0.007,#,0.027,0,7,#,0.013
1997,1730140,17,605,01,0,11,#,0.22,#,1.1,1,7,#,0.42,#,0.012,#,0.16,1,7,#,0.045
1997,1730150,17,605,02,0,11,#,0.19,#,0.64,1,7,#,0.32,#,0.008,#,0.065,1,7,#,0.027
1997,1730160,17,605,03,0,11,#,0.15,#,0.32,0,7,#,0.23,#,0.006,#,0.03,0,7,#,0.014
1997,1820030,18,501,01,0,11,#,0.5,#,0.93,4,6,#,0.72,#,0.028,#,0.092,3,6,#,0.058
1997,1820030,18,501,01,0,13,#,0.48,#,1,5,6,#,0.75,#,0.028,#,0.093,4,6,#,0.059
1997,1820040,18,501,51,0,11,#,0.5,#,0.95,5,6,#,0.73,#,0.035,#,0.082,3,6,#,0.056
1997,1820050,18,502,01,0,11,#,0.46,#,0.91,5,6,#,0.76,#,0.023,#,0.12,4,6,#,0.065
1997,1820060,18,502,02,0,11,#,0.59,#,1.4,5,6,#,0.94,#,0.023,#,0.12,5,6,#,0.082
1997,1820060,18,502,02,0,13,#,0.63,#,1.4,6,6,#,0.96,#,0.024,#,0.12,4,6,#,0.077
1997,1820070,18,502,03,0,11,#,1,#,2.2,6,6,#,1.6,#,0.034,#,0.15,4,6,#,0.09
1997,1820070,18,502,03,0,13,#,1.1,#,2,6,6,#,1.6,#,0.037,#,0.14,5,6,#,0.088
1997,1820080,18,502,04,0,11,#,0.57,#,2.9,5,6,#,2,#,0.054,#,0.22,6,6,#,0.11
1997,1820090,18,502,51,0,11,#,0.57,#,1.5,5,6,#,0.99,#,0.028,#,0.12,4,6,#,0.077
1997,1820100,18,502,52,0,11,#,0.59,#,1.9,5,6,#,1.1,#,0.031,#,0.14,4,6,#,0.089
1997,1820150,18,504,01,0,11,#,0.36,#,0.72,3,6,#,0.57,#,0.026,#,0.047,0,6,#,0.035
1997,1820150,18,504,01,0,13,#,0.35,#,0.81,2,6,#,0.56,#,0.029,#,0.064,1,6,#,0.045
1997,1820160,18,504,02,0,11,#,0.36,#,0.68,1,6,#,0.47,#,0.019,#,0.05,0,6,#,0.035
1997,1820160,18,504,02,0,13,#,0.35,#,0.69,2,6,#,0.53,#,0.03,#,0.071,1,6,#,0.042
1997,1820170,18,504,03,0,11,#,0.42,#,0.71,2,6,#,0.58,#,0.026,#,0.065,1,6,#,0.039
1997,1820170,18,504,03,0,13,#,0.42,#,0.78,3,6,#,0.57,#,0.028,#,0.057,1,6,#,0.036
1997,1820180,18,504,04,0,11,#,0.37,#,0.71,1,6,#,0.52,#,0.019,#,0.053,1,6,#,0.034
1997,1820180,18,504,04,0,13,#,0.37,#,0.85,1,6,#,0.54,#,0.025,#,0.059,1,6,#,0.035
1997,1820190,18,504,05,0,11,#,0.37,#,1.2,2,6,#,0.66,#,0.031,#,0.068,2,6,#,0.046
1997,1820190,18,504,05,0,13,#,0.38,#,0.79,1,6,#,0.51,#,0.029,#,0.057,1,6,#,0.037
1997,1820200,18,504,06,0,11,#,0.79,#,1.4,6,6,#,1,#,0.041,#,0.22,5,6,#,0.11
1997,1820200,18,504,06,0,13,#,0.73,#,1.4,6,6,#,0.96,#,0.037,#,0.22,5,6,#,0.11
1997,1820210,18,504,07,0,11,#,0.74,#,1.1,6,6,#,0.89,#,0.032,#,0.2,4,6,#,0.1
1997,1820210,18,504,07,0,13,#,0.81,#,1.1,6,6,#,0.92,#,0.036,#,0.19,5,6,#,0.097
1997,2020010,20,501,01,0,11,#,0.49,#,1.5,10,12,#,0.88,#,0.033,#,0.1,8,12,#,0.056
1997,2020010,20,501,01,0,13,#,0.5,#,1.5,10,12,#,0.89,#,0.035,#,0.15,8,12,#,0.067
1997,2020020,20,501,02,0,11,#,0.52,#,1.5,11,12,#,1,#,0.033,#,0.14,8,12,#,0.068
1997,2020020,20,501,02,0,13,#,0.59,#,1.6,3,4,#,0.94,#,0.042,#,0.097,3,4,#,0.066
1997,2020030,20,501,03,0,11,#,0.49,#,1.5,9,12,#,0.89,#,0.034,#,0.13,6,12,#,0.059
1997,2020030,20,501,03,0,13,#,0.58,#,1.1,2,4,#,0.78,#,0.035,#,0.079,3,4,#,0.059
1997,2020160,20,511,01,0,11,<,0.05,#,0.3,999,12,#,0.14,<,0.003,#,0.007,3,12,#,0.004
1997,2020170,20,512,01,0,11,#,0.07,#,0.26,999,12,#,0.17,#,0.005,#,0.013,4,12,#,0.009
1997,2020180,20,513,01,0,11,#,0.07,#,0.71,999,11,#,0.21,#,0.006,#,0.015,3,11,#,0.009
1997,2020210,20,513,51,0,11,<,0.05,#,0.29,999,8,#,0.15,#,0.005,#,0.009,0,8,#,0.007
1997,2020210,20,513,51,0,13,#,0.24,#,0.6,999,8,#,0.46,#,0.005,#,0.025,3,8,#,0.012
1997,2020190,20,514,01,0,11,<,0.05,#,0.26,999,12,#,0.13,<,0.003,#,0.009,2,12,#,0.004
1997,2020190,20,514,01,0,13,<,0.05,#,0.29,999,12,#,0.14,<,0.003,#,0.011,4,12,#,0.005
1997,2020230,20,514,02,0,11,<,0.05,#,0.39,999,12,#,0.18,<,0.003,#,0.008,2,12,#,0.004
1997,2020230,20,514,02,0,13,#,0.15,#,0.43,999,12,#,0.23,<,0.003,#,0.01,3,12,#,0.005
1997,2020200,20,514,51,0,11,#,0.05,#,0.42,999,12,#,0.2,#,0.004,#,0.01,8,12,#,0.007
1997,2230280,22,607,01,0,11,#,0.31,#,0.72,3,12,#,0.48,#,0.02,#,0.053,1,12,#,0.032
1997,2230280,22,607,01,0,12,#,0.31,#,0.73,1,12,#,0.48,#,0.013,#,0.05,0,12,#,0.031
1997,2230290,22,607,02,0,11,#,0.29,#,0.67,5,12,#,0.49,#,0.014,#,0.051,1,12,#,0.032
1997,2230290,22,607,02,0,12,#,0.29,#,0.78,3,12,#,0.49,#,0.014,#,0.05,0,12,#,0.03
1997,2230300,22,607,03,0,11,#,0.15,#,0.58,6,12,#,0.32,#,0.023,#,0.052,6,12,#,0.034
1997,2230300,22,607,03,0,12,#,0.16,#,0.5,6,12,#,0.31,#,0.016,#,0.051,5,12,#,0.03
1997,2230330,22,607,53,0,11,#,0.17,#,0.76,3,12,#,0.51,#,0.025,#,0.071,3,12,#,0.044
1997,2230330,22,607,53,0,12,#,0.15,#,0.67,2,12,#,0.43,#,0.026,#,0.056,3,12,#,0.043
1997,2230340,22,607,54,0,11,#,0.17,#,0.65,6,12,#,0.33,#,0.019,#,0.044,5,12,#,0.029
1997,2230340,22,607,54,0,12,#,0.14,#,0.59,5,12,#,0.31,#,0.017,#,0.042,4,12,#,0.028
1997,2230370,22,610,01,0,11,#,0.42,#,2.5,9,12,#,1.1,#,0.022,#,0.16,4,12,#,0.055
1997,2230370,22,610,01,0,12,#,0.43,#,1.9,7,12,#,0.94,#,0.018,#,0.085,4,12,#,0.044
1997,2230380,22,611,01,0,11,#,0.62,#,1.9,12,12,#,1,#,0.039,#,0.2,9,12,#,0.074
1997,2230380,22,611,01,0,12,#,0.63,#,1.6,12,12,#,0.91,#,0.046,#,0.12,10,12,#,0.073
1997,2330010,23,601,01,0,11,#,0.6,#,2.9,8,12,#,1.5,#,0.07,#,0.41,10,12,#,0.23
1997,2330020,23,602,01,0,11,#,0.99,#,2.2,10,12,#,1.5,#,0.059,#,0.25,11,12,#,0.16
1997,2330030,23,602,02,0,11,#,0.5,#,1.3,4,12,#,0.95,#,0.056,#,0.18,8,12,#,0.12
1997,2330040,23,602,03,0,11,#,0.37,#,0.94,0,12,#,0.64,#,0.02,#,0.18,2,12,#,0.073
1997,2330050,23,602,51,0,11,#,0.68,#,1.7,7,12,#,1.2,#,0.06,#,0.4,10,12,#,0.15
1997,2330300,23,602,52,0,11,#,1.2,#,2.4,12,12,#,1.6,#,0.061,#,0.27,9,12,#,0.14
1997,2330310,23,602,53,0,11,#,1.1,#,1.7,6,6,#,1.4,#,0.072,#,0.17,5,6,#,0.13
1997,2330320,23,602,54,0,11,#,0.68,#,1.4,3,6,#,1.1,#,0.053,#,0.18,3,6,#,0.1
1997,2330330,23,602,55,0,11,#,0.52,#,1.1,1,6,#,0.89,#,0.054,#,0.12,2,6,#,0.084
1997,2330340,23,602,56,0,11,#,0.61,#,0.96,0,6,#,0.78,#,0.04,#,0.096,2,6,#,0.064
1997,2330060,23,603,01,0,11,#,0.27,#,0.95,0,12,#,0.57,#,0.009,#,0.17,3,12,#,0.066
1997,2330070,23,604,01,0,11,#,0.32,#,0.81,12,12,#,0.45,#,0.019,#,0.1,10,12,#,0.043
1997,2330350,23,604,51,0,11,#,0.17,#,0.54,9,12,#,0.35,#,0.019,#,0.045,8,12,#,0.031
1997,2330080,23,605,01,0,11,#,0.17,#,0.81,3,12,#,0.48,#,0.007,#,0.19,5,12,#,0.058
1997,2330090,23,605,02,0,11,#,0.24,#,1,8,12,#,0.43,#,0.009,#,0.071,7,12,#,0.036
1997,2330100,23,605,03,0,11,#,0.19,#,0.79,6,12,#,0.39,#,0.003,#,0.12,5,12,#,0.036
1997,2330100,23,605,03,0,13,#,0.17,#,0.45,4,12,#,0.28,#,0.016,#,0.11,7,12,#,0.048
1997,2330110,23,605,04,0,11,#,0.19,#,0.58,8,12,#,0.33,#,0.006,#,0.063,3,12,#,0.028
1997,2330380,23,605,51,0,11,#,0.2,#,0.48,2,12,#,0.27,#,0.009,#,0.04,3,12,#,0.025
1997,2330120,23,606,01,0,11,#,0.34,#,1.3,3,12,#,0.61,#,0.037,#,0.18,6,12,#,0.071
1997,2330130,23,606,02,0,11,#,0.53,#,1.8,8,12,#,0.84,#,0.029,#,0.31,9,12,#,0.096
1997,2330140,23,607,01,0,11,#,0.8,#,5.8,12,12,#,2.6,#,0.11,#,0.37,12,12,#,0.19
1997,2330140,23,607,01,0,12,#,0.53,#,1,10,12,#,0.81,#,0.046,#,0.11,10,12,#,0.073
1997,2330150,23,607,02,0,11,#,0.37,#,0.94,4,12,#,0.58,#,0.027,#,0.1,7,12,#,0.063
1997,2330160,23,607,51,0,11,#,0.5,#,1.7,10,12,#,0.95,#,0.073,#,0.17,12,12,#,0.11
1997,2330160,23,607,51,0,12,#,0.44,#,0.86,7,12,#,0.66,#,0.047,#,0.15,11,12,#,0.086
1997,2330170,23,607,52,0,11,#,0.31,#,1.8,6,12,#,0.72,#,0.035,#,0.25,6,12,#,0.07
1997,2330170,23,607,52,0,12,#,0.43,#,0.64,4,12,#,0.54,#,0.032,#,0.066,5,12,#,0.049
1997,2330180,23,608,01,0,11,#,0.33,#,0.7,1,12,#,0.45,#,0.019,#,0.071,5,12,#,0.044
1997,2330180,23,608,01,0,13,#,0.18,#,0.63,1,12,#,0.37,#,0.019,#,0.11,4,12,#,0.051
1997,2330190,23,608,02,0,11,#,0.33,#,0.87,5,12,#,0.54,#,0.034,#,0.14,6,12,#,0.062
1997,2330200,23,608,51,0,11,#,0.31,#,0.9,6,12,#,0.58,#,0.026,#,0.1,6,12,#,0.058
1997,2330200,23,608,51,0,13,#,0.3,#,0.52,0,6,#,0.4,#,0.046,#,0.08,4,6,#,0.064
1997,2330360,23,608,52,0,11,#,0.47,#,1.3,8,12,#,0.82,#,0.037,#,0.12,8,12,#,0.062
1997,2330360,23,608,52,0,12,#,0.34,#,0.88,6,12,#,0.63,#,0.03,#,0.11,7,12,#,0.057
1997,2330210,23,609,01,0,11,#,0.24,#,0.64,10,12,#,0.39,#,0.016,#,0.065,8,12,#,0.041
1997,2330220,23,609,02,0,11,#,0.19,#,0.5,7,12,#,0.34,#,0.008,#,0.056,8,12,#,0.037
1997,2330220,23,609,02,0,13,#,0.19,#,0.56,3,6,#,0.33,#,0.029,#,0.094,5,6,#,0.057
1997,2330230,23,609,03,0,11,#,0.22,#,0.48,10,12,#,0.35,#,0.009,#,0.058,9,12,#,0.038
1997,2330230,23,609,03,0,13,#,0.22,#,0.46,4,6,#,0.35,#,0.034,#,0.11,6,6,#,0.06
1997,2330370,23,609,51,0,11,#,0.25,#,0.48,9,12,#,0.35,#,0.018,#,0.063,9,12,#,0.039
1997,2330240,23,610,01,0,11,#,0.66,#,2,8,12,#,1.2,#,0.057,#,0.37,9,12,#,0.2
1997,2330250,23,610,02,0,11,#,0.45,#,1.4,1,12,#,0.7,#,0.041,#,0.18,6,12,#,0.097
1997,2330260,23,611,01,0,11,#,0.25,#,0.99,11,12,#,0.48,#,0.024,#,0.14,11,12,#,0.066
1997,2330270,23,611,02,0,11,#,0.23,#,0.88,8,12,#,0.44,#,0.014,#,0.14,9,12,#,0.052
1997,2330270,23,611,02,0,13,#,0.17,#,0.55,3,12,#,0.28,#,0.019,#,0.097,6,12,#,0.039
1997,2330280,23,611,03,0,11,#,0.23,#,0.67,5,12,#,0.35,#,0.014,#,0.097,9,12,#,0.042
1997,2330290,23,611,51,0,11,#,0.28,#,0.88,8,12,#,0.45,#,0.029,#,0.09,11,12,#,0.057
1997,2330390,23,611,52,0,11,#,0.23,#,0.48,10,12,#,0.37,#,0.024,#,0.12,11,12,#,0.047
1997,2430010,24,601,01,0,11,#,0.22,#,1.2,2,12,#,0.53,#,0.028,#,0.19,2,12,#,0.059
1997,2430220,24,601,53,0,11,#,0.71,#,2.4,3,4,#,1.6,#,0.04,#,0.18,3,4,#,0.13
1997,2430230,24,601,54,0,11,#,0.96,#,3.1,3,4,#,2.2,#,0.07,#,0.13,3,4,#,0.1
1997,2430250,24,601,56,0,11,#,0.29,#,1.5,3,6,#,0.96,#,0.05,#,0.15,3,6,#,0.097
1997,2430270,24,601,58,0,11,#,0.46,#,1.8,1,4,#,0.93,#,0.06,#,0.16,1,4,#,0.085
1997,2430480,24,601,71,0,11,#,0.38,#,1.8,4,12,#,0.91,#,0.034,#,0.19,3,12,#,0.077
1997,2430470,24,601,92,0,11,#,0.34,#,2,3,6,#,1,#,0.04,#,0.21,3,6,#,0.11
1997,2430460,24,601,95,0,11,#,0.42,#,2.7,2,4,#,1.4,#,0.06,#,0.24,3,4,#,0.13
1997,2430030,24,603,01,0,11,#,0.24,#,0.82,3,12,#,0.48,#,0.024,#,0.096,3,12,#,0.046
1997,2430040,24,603,02,0,11,#,0.15,#,2.3,7,12,#,0.77,#,0.009,#,0.28,5,12,#,0.066
1997,2430420,24,603,55,0,11,#,0.34,#,2.4,5,6,#,1.1,#,0.06,#,0.55,6,6,#,0.2
1997,2430450,24,603,56,0,11,#,0.3,#,1.4,4,6,#,0.78,#,0.04,#,0.1,5,6,#,0.067
1997,2430050,24,604,01,0,11,#,0.25,#,0.77,4,12,#,0.51,#,0.021,#,0.099,3,12,#,0.047
1997,2430430,24,604,53,0,11,#,0.18,#,2.2,4,6,#,0.89,#,0.03,#,0.13,4,6,#,0.075
1997,2430440,24,604,54,0,11,#,0.17,#,1.4,4,6,#,0.7,#,0.02,#,0.1,4,6,#,0.058
1997,2430060,24,605,01,0,11,#,0.17,#,1.1,8,12,#,0.4,#,0.012,#,0.071,7,12,#,0.038
1997,2430070,24,605,02,0,11,#,0.17,#,0.93,9,12,#,0.42,#,0.011,#,0.074,6,12,#,0.037
1997,2430080,24,605,03,0,11,#,0.26,#,1,11,12,#,0.48,#,0.014,#,0.083,10,12,#,0.046
1997,2430090,24,606,01,0,11,#,0.17,#,0.65,6,12,#,0.33,#,0.012,#,0.092,5,12,#,0.032
1997,2430100,24,607,01,0,11,<,0.05,#,0.36,5,12,#,0.19,#,0.011,#,0.034,5,12,#,0.019
1997,2430110,24,607,02,0,11,#,0.06,#,0.42,2,12,#,0.17,#,0.011,#,0.027,3,12,#,0.017
1997,2430150,24,610,51,0,11,#,0.2,#,0.65,2,4,#,0.39,#,0.021,#,0.03,0,4,#,0.025
1997,2430160,24,610,52,0,11,#,0.17,#,0.37,1,4,#,0.27,#,0.023,#,0.029,0,4,#,0.026
1997,2430170,24,610,53,0,11,#,0.12,#,0.36,1,4,#,0.2,#,0.019,#,0.026,0,4,#,0.022
1997,2430490,24,610,54,0,11,#,0.21,#,0.64,7,12,#,0.34,#,0.011,#,0.067,7,12,#,0.032
1997,2430500,24,610,55,0,11,#,0.14,#,0.76,7,12,#,0.33,#,0.01,#,0.064,6,12,#,0.031
1997,2520010,25,501,01,0,11,#,0.22,#,0.44,12,12,#,0.31,#,0.004,#,0.02,2,12,#,0.008
1997,2520020,25,501,02,0,11,#,0.24,#,0.49,12,12,#,0.34,#,0.006,#,0.027,6,12,#,0.013
1997,2520030,25,501,03,0,11,#,0.24,#,0.41,12,12,#,0.31,#,0.005,#,0.013,1,12,#,0.007
1997,2520040,25,501,04,0,11,#,0.23,#,0.39,12,12,#,0.32,#,0.005,#,0.015,4,12,#,0.009
1997,2520050,25,501,51,0,11,#,0.25,#,0.39,12,12,#,0.32,#,0.004,#,0.012,2,12,#,0.007
1997,2520060,25,501,52,0,11,#,0.23,#,0.37,12,12,#,0.31,#,0.004,#,0.008,0,12,#,0.006
1997,2520070,25,501,53,0,11,#,0.24,#,0.37,12,12,#,0.32,#,0.004,#,0.008,0,12,#,0.006
1997,2520080,25,501,54,0,11,#,0.23,#,0.36,12,12,#,0.29,#,0.005,#,0.008,0,12,#,0.006
1997,2520090,25,501,55,0,11,#,0.25,#,0.37,12,12,#,0.32,#,0.005,#,0.008,0,12,#,0.006
1997,2520100,25,501,56,0,11,#,0.24,#,0.37,12,12,#,0.32,#,0.004,#,0.012,1,12,#,0.007
1997,2520110,25,501,57,0,11,#,0.22,#,0.36,12,12,#,0.32,#,0.004,#,0.009,0,12,#,0.006
1997,2520120,25,501,58,0,11,#,0.24,#,0.55,12,12,#,0.35,#,0.005,#,0.027,2,12,#,0.01
1997,2520130,25,501,59,0,11,#,0.24,#,0.39,12,12,#,0.32,#,0.005,#,0.009,0,12,#,0.007
1997,2520140,25,501,60,0,11,#,0.23,#,0.35,12,12,#,0.29,#,0.005,#,0.008,0,12,#,0.006
1997,2520150,25,501,61,0,11,#,0.26,#,0.54,12,12,#,0.36,#,0.005,#,0.019,3,12,#,0.01
1997,2520160,25,501,62,0,11,#,0.24,#,0.38,12,12,#,0.32,#,0.006,#,0.009,0,12,#,0.007
1997,2520170,25,501,63,0,11,#,0.23,#,0.38,12,12,#,0.32,#,0.005,#,0.009,0,12,#,0.006
1997,2520180,25,501,64,0,11,#,0.24,#,0.57,12,12,#,0.37,#,0.005,#,0.034,3,12,#,0.012
1997,2520190,25,501,65,0,11,#,0.23,#,0.38,12,12,#,0.33,#,0.005,#,0.008,0,12,#,0.007
1997,2520200,25,501,66,0,11,#,0.26,#,0.38,12,12,#,0.32,#,0.005,#,0.01,0,12,#,0.007
1997,2520210,25,501,67,0,11,#,0.24,#,0.39,12,12,#,0.3,#,0.005,#,0.01,0,12,#,0.006
1997,2520220,25,501,68,0,11,#,0.24,#,0.57,12,12,#,0.34,#,0.006,#,0.021,2,12,#,0.009
1997,2520230,25,501,69,0,11,#,0.24,#,0.4,12,12,#,0.33,#,0.005,#,0.012,1,12,#,0.008
1997,2520240,25,501,70,0,11,#,0.24,#,0.45,12,12,#,0.35,#,0.005,#,0.018,1,12,#,0.008
1997,2520250,25,501,71,0,11,#,0.25,#,0.64,12,12,#,0.41,#,0.007,#,0.036,7,12,#,0.016
1997,2520260,25,501,72,0,11,#,0.25,#,0.43,12,12,#,0.34,#,0.006,#,0.015,5,12,#,0.009
1997,2520270,25,501,73,0,11,#,0.26,#,0.44,12,12,#,0.35,#,0.006,#,0.017,2,12,#,0.009
1997,2520280,25,501,74,0,11,#,0.27,#,0.74,12,12,#,0.43,#,0.007,#,0.03,7,12,#,0.015
1997,2520350,25,502,01,0,11,#,0.22,#,0.57,12,12,#,0.37,#,0.006,#,0.027,9,12,#,0.014
1997,2520360,25,502,02,0,11,#,0.22,#,0.55,12,12,#,0.37,#,0.012,#,0.019,12,12,#,0.014
1997,2520370,25,502,03,0,11,#,0.26,#,0.51,12,12,#,0.37,#,0.009,#,0.039,9,12,#,0.018
1997,2520580,25,502,05,0,11,#,0.25,#,1.9,12,12,#,0.58,#,0.016,#,0.12,12,12,#,0.039
1997,2520390,25,502,51,0,11,#,0.2,#,0.53,11,12,#,0.4,#,0.01,#,0.025,10,12,#,0.017
1997,2520400,25,502,52,0,11,#,0.24,#,0.66,12,12,#,0.43,#,0.011,#,0.03,12,12,#,0.018
1997,2520410,25,502,53,0,11,#,0.18,#,0.51,11,12,#,0.39,#,0.011,#,0.022,12,12,#,0.015
1997,2520420,25,502,54,0,11,#,0.18,#,0.54,11,12,#,0.4,#,0.009,#,0.034,11,12,#,0.019
1997,2520430,25,502,55,0,11,#,0.24,#,0.58,12,12,#,0.45,#,0.01,#,0.026,11,12,#,0.017
1997,2520440,25,502,56,0,11,#,0.18,#,0.58,11,12,#,0.41,#,0.011,#,0.057,12,12,#,0.02
1997,2520450,25,502,57,0,11,#,0.22,#,0.54,12,12,#,0.43,#,0.01,#,0.035,11,12,#,0.021
1997,2520460,25,502,58,0,11,#,0.23,#,0.61,12,12,#,0.43,#,0.012,#,0.034,12,12,#,0.019
1997,2520470,25,502,59,0,11,#,0.28,#,0.69,12,12,#,0.5,#,0.013,#,0.068,12,12,#,0.032
1997,2520480,25,502,60,0,11,#,0.19,#,0.6,11,12,#,0.42,#,0.013,#,0.023,12,12,#,0.018
1997,2520490,25,502,61,0,11,#,0.19,#,0.5,11,12,#,0.38,#,0.009,#,0.023,10,12,#,0.015
1997,2520500,25,502,62,0,11,#,0.2,#,0.53,11,12,#,0.39,#,0.011,#,0.031,12,12,#,0.019
1997,2520510,25,502,63,0,11,#,0.19,#,0.55,11,12,#,0.41,#,0.011,#,0.036,12,12,#,0.019
1997,2520520,25,502,64,0,11,#,0.28,#,0.59,12,12,#,0.46,#,0.012,#,0.031,12,12,#,0.019
1997,2520530,25,502,65,0,11,#,0.21,#,0.67,12,12,#,0.41,#,0.009,#,0.024,10,12,#,0.017
1997,2630010,26,601,01,0,11,#,0.18,#,0.78,3,6,#,0.4,#,0.018,#,0.048,2,6,#,0.029
1997,2630010,26,601,01,0,13,#,0.16,#,0.25,0,6,#,0.22,#,0.016,#,0.022,0,6,#,0.018
1997,2630020,26,601,02,0,11,#,0.17,#,0.76,3,6,#,0.36,#,0.018,#,0.033,1,6,#,0.025
1997,2630020,26,601,02,0,13,#,0.13,#,0.38,2,6,#,0.24,#,0.008,#,0.025,0,6,#,0.017
1997,2630080,26,602,01,0,11,#,0.21,#,0.39,3,6,#,0.3,#,0.01,#,0.027,0,6,#,0.017
1997,2630080,26,602,01,0,13,#,0.15,#,0.25,0,6,#,0.2,<,0.003,#,0.019,0,6,#,0.012
1997,2630090,26,602,02,0,11,#,0.14,#,0.46,3,6,#,0.29,#,0.016,#,0.029,0,6,#,0.022
1997,2630090,26,602,02,0,13,#,0.13,#,0.3,0,6,#,0.2,#,0.007,#,0.019,0,6,#,0.015
1997,2630140,26,603,01,0,11,#,0.08,#,0.29,0,6,#,0.21,#,0.012,#,0.021,0,6,#,0.014
1997,2630140,26,603,01,0,13,#,0.1,#,0.45,1,6,#,0.19,#,0.003,#,0.013,0,6,#,0.009
1997,2630150,26,603,02,0,11,#,0.19,#,0.47,2,6,#,0.29,#,0.011,#,0.02,0,6,#,0.016
1997,2630150,26,603,02,0,13,#,0.13,#,0.63,1,6,#,0.26,#,0.005,#,0.022,0,6,#,0.013
1997,2630180,26,604,01,0,11,#,0.21,#,0.8,4,6,#,0.45,#,0.024,#,0.066,3,6,#,0.041
1997,2630180,26,604,01,0,13,#,0.17,#,0.46,4,6,#,0.34,#,0.022,#,0.084,5,6,#,0.053
1997,2630190,26,604,02,0,11,#,0.16,#,0.59,3,6,#,0.37,#,0.018,#,0.052,3,6,#,0.034
1997,2630190,26,604,02,0,13,#,0.35,#,1,6,6,#,0.59,#,0.07,#,0.46,6,6,#,0.21
1997,2630200,26,604,03,0,11,#,0.13,#,0.55,2,6,#,0.29,#,0.013,#,0.046,3,6,#,0.029
1997,2630200,26,604,03,0,13,#,0.23,#,0.43,5,6,#,0.35,#,0.041,#,0.13,6,6,#,0.078
1997,2630210,26,604,51,0,11,#,0.12,#,0.57,2,6,#,0.32,#,0.014,#,0.049,3,6,#,0.031
1997,2630210,26,604,51,0,13,#,0.22,#,0.64,5,6,#,0.48,#,0.057,#,0.28,6,6,#,0.16
1997,2630370,26,607,01,0,11,#,0.15,#,0.64,3,6,#,0.32,#,0.012,#,0.032,1,6,#,0.022
1997,2630370,26,607,01,0,13,#,0.1,#,0.43,2,6,#,0.26,#,0.025,#,0.25,5,6,#,0.082
1997,2630380,26,607,02,0,11,#,0.19,#,0.62,4,6,#,0.4,#,0.015,#,0.041,2,6,#,0.027
1997,2630380,26,607,02,0,13,#,0.2,#,0.58,3,6,#,0.34,#,0.033,#,0.082,6,6,#,0.062
1997,2630390,26,607,51,0,11,#,0.18,#,0.63,4,6,#,0.39,#,0.014,#,0.029,0,6,#,0.022
1997,2630390,26,607,51,0,13,#,0.21,#,0.47,3,6,#,0.34,#,0.036,#,0.23,6,6,#,0.1
1997,2630400,26,607,52,0,11,#,0.16,#,0.52,3,6,#,0.33,#,0.017,#,0.03,0,6,#,0.025
1997,2630400,26,607,52,0,13,#,0.22,#,0.48,4,6,#,0.35,#,0.035,#,0.25,6,6,#,0.1
1997,2730010,27,601,01,0,11,#,0.56,#,1.4,4,12,#,0.95,#,0.064,#,0.13,6,12,#,0.096
1997,2730020,27,601,02,0,11,#,0.33,#,1.2,3,12,#,0.85,#,0.03,#,0.13,2,12,#,0.065
1997,2730030,27,601,03,0,11,#,0.29,#,0.84,0,12,#,0.51,#,0.034,#,0.11,2,12,#,0.054
1997,2730040,27,601,51,0,11,#,1.2,#,1.8,6,6,#,1.5,#,0.1,#,0.16,12,12,#,0.14
1997,2730050,27,601,52,0,11,#,0.94,#,2.1,5,6,#,1.3,#,0.081,#,0.21,9,12,#,0.13
1997,2730060,27,601,53,0,11,#,0.92,#,1.2,2,6,#,1,#,0.065,#,0.13,7,12,#,0.097
1997,2730070,27,601,54,0,11,#,1,#,1.8,5,6,#,1.4,#,0.064,#,0.31,11,12,#,0.18
1997,2730080,27,601,55,0,11,#,0.89,#,1.8,5,6,#,1.3,#,0.068,#,0.29,10,12,#,0.17
1997,2730090,27,601,56,0,11,#,2.6,#,3.5,6,6,#,3,#,0.18,#,0.37,12,12,#,0.24
1997,2730250,27,601,71,0,11,#,0.44,#,1.3,2,4,#,0.85,#,0.06,#,0.091,1,4,#,0.075
1997,2730130,27,602,01,0,11,#,0.38,#,1,7,12,#,0.66,#,0.03,#,0.14,7,12,#,0.064
1997,2730140,27,602,02,0,11,#,0.27,#,0.84,5,12,#,0.57,#,0.03,#,0.12,3,12,#,0.054
1997,2730150,27,602,03,0,11,#,0.24,#,0.8,2,12,#,0.47,#,0.022,#,0.1,2,12,#,0.044
1997,2730160,27,603,01,0,11,#,0.25,#,0.74,4,12,#,0.51,#,0.024,#,0.097,2,12,#,0.042
1997,2730170,27,603,02,0,11,#,0.26,#,1,11,12,#,0.48,#,0.021,#,0.088,7,12,#,0.038
1997,2730180,27,604,01,0,11,#,0.17,#,0.63,7,12,#,0.38,#,0.02,#,0.083,6,12,#,0.035
1997,2730190,27,604,02,0,11,#,0.27,#,1,8,12,#,0.39,#,0.021,#,0.096,8,12,#,0.038
1997,2730200,27,605,01,0,11,#,0.2,#,0.58,8,12,#,0.35,#,0.021,#,0.061,7,12,#,0.034
1997,2730210,27,605,02,0,11,#,0.23,#,0.66,4,12,#,0.33,#,0.016,#,0.096,5,12,#,0.034
1997,2730220,27,606,01,0,11,#,0.33,#,0.55,4,4,#,0.43,#,0.042,#,0.073,4,4,#,0.054
1997,2730230,27,607,01,0,11,#,0.18,#,0.45,1,4,#,0.28,#,0.02,#,0.061,2,4,#,0.034
1997,2730240,27,608,01,0,11,#,0.25,#,0.39,1,4,#,0.3,#,0.027,#,0.046,2,4,#,0.036
1997,2830030,28,603,01,0,11,#,0.33,#,0.77,2,12,#,0.48,#,0.035,#,0.11,8,12,#,0.062
1997,2830040,28,604,01,0,11,#,0.25,#,0.95,1,12,#,0.44,#,0.023,#,0.088,3,12,#,0.044
1997,2830060,28,605,01,0,11,#,0.28,#,1.9,4,12,#,0.61,#,0.036,#,0.21,5,12,#,0.069
1997,2830070,28,606,01,0,11,#,0.22,#,0.61,1,12,#,0.35,#,0.02,#,0.059,1,12,#,0.036
1997,2830120,28,607,01,0,11,#,0.49,#,2.2,11,12,#,1.1,#,0.031,#,0.16,10,12,#,0.077
1997,2830130,28,607,51,0,15,#,0.39,#,1.2,8,12,#,0.74,#,0.034,#,0.098,3,12,#,0.049
1997,2830180,28,608,01,0,11,#,0.3,#,0.66,1,12,#,0.45,#,0.024,#,0.057,2,12,#,0.037
1997,2830200,28,609,01,0,11,#,0.32,#,0.97,3,12,#,0.53,#,0.036,#,0.12,8,12,#,0.077
1997,2830210,28,610,01,0,11,#,0.28,#,0.59,0,12,#,0.38,#,0.026,#,0.073,1,12,#,0.039
1997,2830220,28,611,01,0,11,#,0.23,#,0.46,0,12,#,0.35,#,0.022,#,0.051,1,12,#,0.032
1997,2830230,28,611,02,0,11,#,0.26,#,0.52,0,12,#,0.35,#,0.02,#,0.045,0,12,#,0.033
1997,2830240,28,611,03,0,11,#,0.23,#,1.3,1,12,#,0.43,#,0.019,#,0.15,2,12,#,0.045
1997,2830250,28,611,04,0,11,#,0.21,#,0.54,9,12,#,0.36,#,0.026,#,0.045,8,12,#,0.035
1997,2830260,28,611,05,0,11,#,0.29,#,0.91,1,12,#,0.47,#,0.02,#,0.055,2,12,#,0.037
1997,2830270,28,611,06,0,11,#,0.32,#,0.7,1,12,#,0.41,#,0.024,#,0.064,1,12,#,0.035
1997,2830280,28,611,52,0,15,#,0.18,#,0.37,0,12,#,0.29,#,0.025,#,0.045,0,12,#,0.036
1997,2830290,28,611,54,0,15,#,0.19,#,0.45,0,12,#,0.3,#,0.022,#,0.05,0,12,#,0.038
1997,2830300,28,611,56,0,15,#,0.18,#,0.49,0,12,#,0.31,#,0.021,#,0.047,0,12,#,0.034
1997,2830310,28,611,59,0,15,#,0.19,#,0.62,1,12,#,0.34,#,0.016,#,0.045,0,12,#,0.035
1997,2830320,28,611,63,0,15,#,0.18,#,0.7,2,12,#,0.4,#,0.024,#,0.07,1,12,#,0.037
1997,2832380,28,611,70,0,15,<,0.05,#,0.75,2,11,#,0.36,#,0.009,#,0.06,2,12,#,0.031
1997,2830430,28,612,01,0,11,#,0.24,#,0.44,0,12,#,0.33,#,0.021,#,0.037,0,12,#,0.028
1997,2830450,28,613,01,0,11,#,0.24,#,0.4,5,12,#,0.31,#,0.019,#,0.032,5,12,#,0.028
1997,2830460,28,613,02,0,11,#,0.2,#,0.37,4,12,#,0.29,#,0.013,#,0.034,6,12,#,0.028
1997,2830470,28,613,03,0,11,#,0.2,#,0.47,5,12,#,0.3,#,0.014,#,0.051,5,12,#,0.029
1997,2830480,28,613,54,0,15,#,0.18,#,0.51,4,12,#,0.3,#,0.017,#,0.048,7,12,#,0.033
1997,2830490,28,613,55,0,11,#,0.25,#,0.76,10,12,#,0.39,#,0.021,#,0.083,7,12,#,0.039
1997,2832000,28,613,57,0,11,#,0.2,#,0.35,1,12,#,0.27,#,0.014,#,0.036,3,12,#,0.026
1997,2832370,28,613,58,0,11,#,0.21,#,0.36,6,12,#,0.28,#,0.016,#,0.039,4,12,#,0.026
1997,2832390,28,613,59,0,15,<,0.05,#,0.74,6,11,#,0.38,#,0.013,#,0.045,2,12,#,0.026
1997,2830560,28,614,01,0,11,#,0.39,#,1,0,12,#,0.66,#,0.019,#,0.1,2,12,#,0.059
1997,2830570,28,614,02,0,11,#,0.37,#,1.3,4,12,#,0.92,#,0.033,#,0.14,3,12,#,0.08
1997,2830620,28,614,55,0,11,#,0.68,#,2,3,4,#,1.6,#,0.046,#,0.21,2,4,#,0.13
1997,2830630,28,614,56,0,11,#,1.8,#,2,2,2,#,1.9,#,0.061,#,0.23,1,2,#,0.15
1997,2830650,28,614,58,0,11,#,0.65,#,2.6,2,4,#,1.5,#,0.024,#,0.43,3,4,#,0.17
1997,2830730,28,614,66,0,15,#,0.69,#,1.5,4,12,#,0.96,#,0.036,#,0.15,4,12,#,0.084
1997,2830760,28,614,69,0,15,#,0.53,#,0.87,0,12,#,0.72,#,0.025,#,0.12,2,12,#,0.067
1997,2830770,28,614,70,0,15,#,0.53,#,0.73,0,12,#,0.61,#,0.025,#,0.11,2,12,#,0.063
1997,2832190,28,614,73,0,12,#,0.38,#,0.87,0,12,#,0.59,#,0.028,#,0.11,1,12,#,0.063
1997,2832190,28,614,73,0,13,#,0.28,#,0.72,0,12,#,0.41,#,0.03,#,0.47,2,12,#,0.089
1997,2832190,28,614,73,0,15,#,0.44,#,1.4,2,12,#,0.86,#,0.027,#,0.16,5,12,#,0.085
1997,2832060,28,614,80,0,11,#,1.6,#,2.1,2,2,#,1.9,#,0.076,#,0.15,1,2,#,0.11
1997,2832230,28,614,81,0,12,#,0.31,#,0.73,0,12,#,0.5,#,0.033,#,0.11,2,12,#,0.06
1997,2832230,28,614,81,0,13,#,0.27,#,0.58,0,12,#,0.41,#,0.015,#,0.12,2,12,#,0.062
1997,2832230,28,614,81,0,15,#,0.47,#,1,0,12,#,0.68,#,0.028,#,0.13,2,12,#,0.071
1997,2832240,28,614,82,0,12,#,0.31,#,0.7,0,12,#,0.48,#,0.028,#,0.095,1,12,#,0.053
1997,2832240,28,614,82,0,13,#,0.23,#,0.82,0,12,#,0.46,#,0.026,#,0.093,1,12,#,0.049
1997,2832240,28,614,82,0,15,#,0.42,#,0.91,0,12,#,0.6,#,0.025,#,0.091,1,12,#,0.062
1997,2832300,28,614,83,0,11,#,2.5,#,6.6,6,6,#,4.8,#,0.03,#,0.26,3,6,#,0.12
1997,2832310,28,614,84,0,11,#,1.5,#,2.7,6,6,#,2.2,#,0.06,#,0.18,2,6,#,0.11
1997,2832310,28,614,84,0,12,#,1.1,#,2.9,6,6,#,1.8,#,0.06,#,0.15,2,6,#,0.1
1997,2832320,28,614,85,0,11,#,1.3,#,1.7,6,6,#,1.5,#,0.05,#,0.16,2,6,#,0.092
1997,2832320,28,614,85,0,12,#,1,#,1.7,5,6,#,1.4,#,0.05,#,0.6,2,6,#,0.17
1997,2832330,28,614,86,0,11,#,1.3,#,1.8,2,2,#,1.6,#,0.067,#,0.17,2,2,#,0.12
1997,2832340,28,614,87,0,12,#,0.32,#,0.92,0,12,#,0.54,#,0.024,#,0.092,1,12,#,0.05
1997,2832340,28,614,87,0,13,#,0.26,#,0.55,0,12,#,0.37,#,0.021,#,0.13,1,12,#,0.052
1997,2832340,28,614,87,0,15,#,0.46,#,1.8,4,12,#,0.87,#,0.023,#,0.15,3,12,#,0.078
1997,2830930,28,615,01,0,11,#,0.26,#,1.2,6,12,#,0.64,#,0.022,#,0.12,4,12,#,0.056
1997,2830940,28,615,02,0,11,#,0.25,#,0.87,8,12,#,0.67,#,0.021,#,0.12,7,12,#,0.056
1997,2830960,28,615,52,0,15,#,0.36,#,0.78,4,12,#,0.55,#,0.025,#,0.11,6,12,#,0.06
1997,2832100,28,615,55,0,12,#,0.25,#,0.51,0,12,#,0.42,#,0.023,#,0.064,3,12,#,0.039
1997,2832100,28,615,55,0,13,#,0.09,#,0.59,0,12,#,0.32,#,0.02,#,0.084,2,12,#,0.038
1997,2832100,28,615,55,0,15,#,0.29,#,0.79,2,12,#,0.52,#,0.02,#,0.083,4,12,#,0.051
1997,2832110,28,615,56,0,12,#,0.15,#,0.53,0,12,#,0.34,#,0.024,#,0.061,2,12,#,0.036
1997,2832110,28,615,56,0,13,#,0.1,#,0.75,1,12,#,0.33,#,0.018,#,0.047,0,12,#,0.031
1997,2832110,28,615,56,0,15,#,0.32,#,0.66,2,12,#,0.5,#,0.023,#,0.098,3,12,#,0.047
1997,2832200,28,615,57,0,12,#,0.22,#,0.73,1,12,#,0.46,#,0.021,#,0.067,5,12,#,0.046
1997,2832200,28,615,57,0,13,#,0.11,#,0.49,0,12,#,0.31,#,0.026,#,0.058,1,12,#,0.04
1997,2832200,28,615,57,0,15,#,0.39,#,1.3,7,12,#,0.75,#,0.029,#,0.16,11,12,#,0.074
1997,2832210,28,615,58,0,12,#,0.2,#,0.71,3,12,#,0.48,#,0.02,#,0.072,3,12,#,0.044
1997,2832210,28,615,58,0,13,#,0.19,#,0.45,0,12,#,0.3,#,0.019,#,0.057,2,12,#,0.038
1997,2832210,28,615,58,0,15,#,0.38,#,0.87,5,12,#,0.61,#,0.023,#,0.12,5,12,#,0.057
1997,2832170,28,615,59,0,12,#,0.31,#,0.51,0,12,#,0.41,#,0.023,#,0.082,3,12,#,0.04
1997,2832170,28,615,59,0,13,#,0.2,#,0.5,0,12,#,0.34,#,0.022,#,0.088,5,12,#,0.051
1997,2832170,28,615,59,0,15,#,0.3,#,0.73,3,12,#,0.51,#,0.019,#,0.087,4,12,#,0.049
1997,2832250,28,615,60,0,12,#,0.25,#,0.71,2,12,#,0.45,#,0.023,#,0.08,3,12,#,0.042
1997,2832250,28,615,60,0,13,#,0.12,#,0.58,0,12,#,0.33,#,0.02,#,0.092,2,12,#,0.038
1997,2832250,28,615,60,0,15,#,0.23,#,0.8,6,12,#,0.6,#,0.027,#,0.099,7,12,#,0.056
1997,2830980,28,616,01,0,11,#,0.34,#,0.75,6,12,#,0.54,#,0.018,#,0.1,3,12,#,0.047
1997,2830990,28,617,01,0,11,#,0.23,#,1,10,12,#,0.43,#,0.02,#,0.11,8,12,#,0.04
1997,2831000,28,617,02,0,11,#,0.27,#,0.57,10,12,#,0.4,#,0.018,#,0.052,8,12,#,0.034
1997,2831010,28,617,51,0,15,#,0.2,#,0.72,9,12,#,0.41,#,0.022,#,0.11,9,12,#,0.047
1997,2831020,28,617,52,0,15,#,0.16,#,0.96,8,12,#,0.42,#,0.024,#,0.09,9,12,#,0.042
1997,2832120,28,617,53,0,15,#,0.15,#,0.63,5,12,#,0.37,#,0.023,#,0.085,7,12,#,0.043
1997,2832350,28,617,54,0,12,#,0.21,#,0.49,9,12,#,0.37,#,0.02,#,0.067,8,12,#,0.038
1997,2832350,28,617,54,0,13,#,0.08,#,0.43,3,12,#,0.25,#,0.019,#,0.07,7,12,#,0.034
1997,2832350,28,617,54,0,15,#,0.28,#,0.71,11,12,#,0.47,#,0.019,#,0.079,9,12,#,0.044
1997,2831030,28,618,01,0,11,#,0.22,#,0.41,5,12,#,0.3,#,0.021,#,0.036,4,12,#,0.028
1997,2831040,28,618,02,0,11,#,0.23,#,0.52,4,12,#,0.31,#,0.019,#,0.057,4,12,#,0.029
1997,2831060,28,618,52,0,15,#,0.28,#,0.64,10,12,#,0.43,#,0.024,#,0.053,7,12,#,0.036
1997,2832010,28,618,53,0,15,#,0.14,#,0.59,5,12,#,0.31,#,0.021,#,0.072,6,12,#,0.034
1997,2832270,28,618,54,0,12,#,0.08,#,0.48,7,12,#,0.28,#,0.021,#,0.035,4,12,#,0.028
1997,2832270,28,618,54,0,13,#,0.11,#,0.53,4,12,#,0.27,#,0.016,#,0.043,5,12,#,0.027
1997,2832270,28,618,54,0,15,#,0.13,#,0.67,8,12,#,0.39,#,0.022,#,0.083,8,12,#,0.04
1997,2832360,28,618,55,0,11,#,0.23,#,0.54,4,12,#,0.32,#,0.019,#,0.046,6,12,#,0.032
1997,2831070,28,619,01,0,11,#,0.25,#,0.39,5,12,#,0.3,#,0.017,#,0.036,6,12,#,0.03
1997,2831080,28,620,01,0,11,#,0.25,#,0.39,9,12,#,0.32,#,0.016,#,0.043,7,12,#,0.032
1997,2831090,28,621,01,0,11,#,0.25,#,0.48,7,12,#,0.33,#,0.024,#,0.047,10,12,#,0.037
1997,2831330,28,626,01,0,11,#,0.23,#,0.36,4,12,#,0.29,#,0.018,#,0.039,5,12,#,0.028
1997,2831340,28,626,02,0,11,#,0.22,#,0.34,1,12,#,0.27,#,0.019,#,0.035,6,12,#,0.028
1997,2831350,28,626,03,0,11,#,0.19,#,0.33,4,12,#,0.27,#,0.016,#,0.05,3,12,#,0.027
1997,2831360,28,626,04,0,11,#,0.19,#,0.31,1,12,#,0.25,#,0.019,#,0.042,2,12,#,0.027
1997,2831370,28,626,05,0,11,#,0.21,#,0.36,1,12,#,0.26,#,0.017,#,0.033,1,12,#,0.023
1997,3120040,31,501,01,0,11,#,0.47,#,0.91,12,12,#,0.64,#,0.031,#,0.19,12,12,#,0.07
1997,3120040,31,501,01,0,13,#,0.46,#,0.92,12,12,#,0.67,#,0.03,#,0.18,11,12,#,0.074
1997,3120050,31,501,02,0,11,#,0.36,#,0.83,11,12,#,0.59,#,0.028,#,0.16,10,12,#,0.063
1997,3120050,31,501,02,0,13,#,0.44,#,0.73,12,12,#,0.62,#,0.029,#,0.17,11,12,#,0.07
1997,3120060,31,501,03,0,11,#,0.38,#,1,11,12,#,0.62,#,0.026,#,0.25,10,12,#,0.069
1997,3120060,31,501,03,0,13,#,0.42,#,0.7,12,12,#,0.57,#,0.03,#,0.17,10,12,#,0.065
1997,3120070,31,501,04,0,11,#,0.36,#,0.74,10,12,#,0.53,#,0.024,#,0.14,10,12,#,0.057
1997,3120070,31,501,04,0,13,#,0.42,#,0.66,12,12,#,0.57,#,0.029,#,0.15,10,12,#,0.065
1997,3120120,31,503,01,0,11,#,0.25,#,0.74,13,24,#,0.42,#,0.019,#,0.083,14,24,#,0.036
1997,3120120,31,503,01,0,12,#,0.21,#,0.54,2,12,#,0.31,#,0.016,#,0.074,2,12,#,0.028
1997,3120120,31,503,01,0,13,#,0.11,#,0.39,0,24,#,0.22,#,0.007,#,0.086,4,24,#,0.024
1997,3120140,31,503,03,0,11,#,0.29,#,0.73,18,24,#,0.5,#,0.02,#,0.094,19,24,#,0.047
1997,3120140,31,503,03,0,13,#,0.3,#,0.63,15,24,#,0.45,#,0.023,#,0.21,18,24,#,0.074
1997,3120150,31,503,04,0,11,#,0.34,#,3.5,22,24,#,0.86,#,0.026,#,0.46,22,24,#,0.094
1997,3120150,31,503,04,0,13,#,0.26,#,1.9,21,24,#,0.65,#,0.031,#,0.16,24,24,#,0.076
1997,3120240,31,503,52,0,11,#,0.27,#,0.53,9,12,#,0.43,#,0.021,#,0.072,11,12,#,0.045
1997,3120240,31,503,52,0,13,#,0.22,#,0.49,7,12,#,0.4,#,0.019,#,0.19,9,12,#,0.068
1997,3120250,31,503,53,0,11,#,0.38,#,1.1,11,12,#,0.58,#,0.037,#,0.093,12,12,#,0.058
1997,3120250,31,503,53,0,13,#,0.31,#,0.66,9,12,#,0.49,#,0.015,#,0.22,9,12,#,0.097
1997,3120260,31,503,54,0,11,#,0.57,#,2.3,12,12,#,0.97,#,0.049,#,0.27,12,12,#,0.1
1997,3120280,31,503,56,0,11,#,0.32,#,0.84,8,12,#,0.49,#,0.021,#,0.14,10,12,#,0.054
1997,3120280,31,503,56,0,13,#,0.28,#,0.86,9,12,#,0.54,#,0.029,#,0.24,11,12,#,0.1
1997,3120290,31,503,57,0,11,#,0.22,#,0.44,1,12,#,0.33,#,0.017,#,0.082,4,12,#,0.033
1997,3120290,31,503,57,0,13,#,0.13,#,0.22,0,12,#,0.18,#,0.011,#,0.021,0,12,#,0.015
1997,3220010,32,501,01,0,11,#,0.37,#,4.9,20,24,#,0.77,#,0.019,#,0.87,21,24,#,0.096
1997,3220010,32,501,01,0,13,#,0.3,#,0.96,17,24,#,0.55,#,0.027,#,0.19,21,24,#,0.075
1997,3220020,32,501,02,0,11,#,0.33,#,1.4,19,24,#,0.55,#,0.022,#,0.15,18,24,#,0.053
1997,3220020,32,501,02,0,13,#,0.24,#,0.75,17,24,#,0.5,#,0.022,#,0.23,20,24,#,0.066
1997,3220030,32,501,03,0,11,#,0.27,#,1.4,16,24,#,0.51,#,0.014,#,0.27,16,24,#,0.054
1997,3220030,32,501,03,0,13,#,0.21,#,0.67,11,24,#,0.41,#,0.014,#,0.15,19,24,#,0.059
1997,3220040,32,501,04,0,11,#,0.3,#,1.2,22,24,#,0.59,#,0.018,#,0.25,20,24,#,0.064
1997,3220040,32,501,04,0,13,#,0.2,#,0.88,15,24,#,0.48,#,0.015,#,0.27,19,24,#,0.091
1997,3220050,32,501,05,0,11,#,0.3,#,1,17,24,#,0.55,#,0.019,#,0.16,18,24,#,0.061
1997,3220050,32,501,05,0,13,#,0.25,#,0.84,14,24,#,0.46,#,0.016,#,0.29,19,24,#,0.074
1997,3220060,32,501,06,0,11,#,0.25,#,1.2,14,24,#,0.49,#,0.013,#,0.23,16,24,#,0.052
1997,3220060,32,501,06,0,12,#,0.25,#,0.54,8,12,#,0.44,#,0.021,#,0.071,7,12,#,0.042
1997,3220060,32,501,06,0,13,#,0.25,#,0.58,9,24,#,0.39,#,0.017,#,0.15,16,24,#,0.056
1997,3220410,32,501,07,0,11,#,0.26,#,3.9,4,12,#,0.67,#,0.014,#,0.59,7,12,#,0.081
1997,3220410,32,501,07,0,13,#,0.15,#,0.4,0,12,#,0.26,#,0.01,#,0.083,5,12,#,0.036
1997,3220110,32,501,55,0,11,#,0.27,#,0.59,4,12,#,0.38,#,0.014,#,0.18,6,12,#,0.046
1997,3220110,32,501,55,0,13,#,0.17,#,0.41,1,12,#,0.3,#,0.013,#,0.093,8,12,#,0.04
1997,3220130,32,501,57,0,11,#,0.28,#,2.6,6,12,#,0.57,#,0.013,#,0.45,6,12,#,0.068
1997,3220130,32,501,57,0,13,#,0.13,#,0.29,0,12,#,0.21,#,0.01,#,0.058,2,12,#,0.027
1997,3220180,32,501,62,0,11,#,0.28,#,0.8,5,12,#,0.44,#,0.018,#,0.23,8,12,#,0.058
1997,3220180,32,501,62,0,13,#,0.18,#,0.4,0,12,#,0.26,#,0.016,#,0.14,2,12,#,0.035
1997,3220220,32,502,01,0,11,#,0.3,#,0.7,15,24,#,0.49,#,0.017,#,0.11,14,24,#,0.043
1997,3220220,32,502,01,0,13,#,0.31,#,0.7,17,24,#,0.45,#,0.018,#,0.1,15,24,#,0.042
1997,3220230,32,502,02,0,11,#,0.31,#,0.62,17,24,#,0.48,#,0.016,#,0.11,13,24,#,0.041
1997,3220230,32,502,02,0,13,#,0.3,#,0.82,19,24,#,0.48,#,0.019,#,0.11,15,24,#,0.042
1997,3220240,32,502,03,0,11,#,0.28,#,0.67,19,24,#,0.5,#,0.019,#,0.16,14,24,#,0.045
1997,3220240,32,502,03,0,12,#,0.32,#,0.63,10,12,#,0.5,#,0.021,#,0.14,8,12,#,0.046
1997,3220240,32,502,03,0,13,#,0.3,#,0.77,20,24,#,0.49,#,0.017,#,0.22,17,24,#,0.045
1997,3220250,32,502,04,0,11,#,0.28,#,0.69,18,24,#,0.5,#,0.017,#,0.16,13,24,#,0.044
1997,3220250,32,502,04,0,13,#,0.34,#,0.65,18,24,#,0.49,#,0.021,#,0.16,17,24,#,0.047
1997,3220260,32,502,05,0,11,#,0.35,#,1.7,22,24,#,0.61,#,0.025,#,0.34,22,24,#,0.069
1997,3220260,32,502,05,0,12,#,0.36,#,0.73,11,12,#,0.55,#,0.029,#,0.1,11,12,#,0.057
1997,3220260,32,502,05,0,13,#,0.33,#,0.71,21,24,#,0.51,#,0.029,#,0.12,22,24,#,0.059
1997,3220270,32,502,51,0,11,#,0.34,#,0.69,21,24,#,0.53,#,0.018,#,0.15,12,24,#,0.041
1997,3220270,32,502,51,0,12,#,0.4,#,0.74,11,12,#,0.56,#,0.025,#,0.16,10,12,#,0.049
1997,3220270,32,502,51,0,13,#,0.37,#,0.79,20,24,#,0.53,#,0.018,#,0.16,18,24,#,0.049
1997,3220330,32,502,53,0,11,#,0.32,#,0.72,9,12,#,0.51,#,0.016,#,0.13,7,12,#,0.049
1997,3220330,32,502,53,0,13,#,0.34,#,0.76,9,12,#,0.5,#,0.018,#,0.12,9,12,#,0.05
1997,3220340,32,502,54,0,11,#,0.32,#,0.8,9,12,#,0.56,#,0.022,#,0.16,6,12,#,0.053
1997,3220340,32,502,54,0,13,#,0.36,#,0.8,10,12,#,0.52,#,0.022,#,0.17,10,12,#,0.051
1997,3220290,32,503,01,0,11,#,0.55,#,0.98,11,12,#,0.79,#,0.054,#,0.14,12,12,#,0.086
1997,3220300,32,503,02,0,11,#,0.38,#,0.87,6,12,#,0.63,#,0.047,#,0.12,10,12,#,0.074
1997,3220300,32,503,02,0,13,#,0.43,#,1.4,6,12,#,0.72,#,0.056,#,0.15,12,12,#,0.083
1997,3220360,32,503,51,0,11,#,0.49,#,0.94,9,12,#,0.68,#,0.05,#,0.12,11,12,#,0.078
1997,3220360,32,503,51,0,13,#,0.4,#,0.94,7,12,#,0.67,#,0.058,#,0.12,12,12,#,0.082
1997,3320010,33,501,01,0,11,#,1.2,#,2.2,12,12,#,1.7,#,0.11,#,0.34,12,12,#,0.19
1997,3320020,33,501,02,0,11,#,1.3,#,2.4,12,12,#,1.7,#,0.12,#,0.28,12,12,#,0.18
1997,3320030,33,501,51,0,11,#,1.2,#,2.7,12,12,#,2,#,0.15,#,0.24,12,12,#,0.2
1997,3320040,33,501,52,0,11,#,1.2,#,3.5,12,12,#,2.2,#,0.18,#,0.31,12,12,#,0.24
1997,3430140,34,606,04,0,11,#,0.14,#,0.6,3,12,#,0.28,#,0.011,#,0.05,5,12,#,0.029
1997,3430160,34,606,06,0,11,#,0.11,#,0.39,1,12,#,0.2,#,0.013,#,0.031,1,12,#,0.022
1997,3430250,34,606,64,0,11,#,0.09,#,0.26,0,12,#,0.17,#,0.011,#,0.032,1,12,#,0.021
1997,3430380,34,607,04,0,11,#,0.12,#,0.38,1,12,#,0.19,#,0.012,#,0.031,1,12,#,0.019
1997,3430380,34,607,04,0,13,#,0.11,#,0.2,0,12,#,0.16,#,0.012,#,0.026,0,12,#,0.019
1997,3430400,34,607,06,0,11,#,0.12,#,0.22,0,12,#,0.17,#,0.012,#,0.03,0,12,#,0.019
1997,3430420,34,607,52,0,11,#,0.11,#,0.2,0,12,#,0.16,#,0.012,#,0.025,0,12,#,0.018
1997,3431300,34,615,02,0,11,#,0.2,#,1.4,6,24,#,0.5,#,0.037,#,0.19,19,24,#,0.068
1997,3431420,34,618,01,0,11,#,0.14,#,0.38,8,24,#,0.26,#,0.017,#,0.05,13,24,#,0.032
1997,3431430,34,618,02,0,11,#,0.13,#,0.61,1,24,#,0.33,#,0.015,#,0.11,3,24,#,0.039
1997,3431440,34,618,03,0,11,#,0.14,#,0.39,2,12,#,0.25,#,0.012,#,0.034,2,12,#,0.023
1997,3431440,34,618,03,0,13,#,0.13,#,0.26,0,12,#,0.2,#,0.013,#,0.033,1,12,#,0.023
1997,3431460,34,618,05,0,11,#,0.16,#,0.82,1,12,#,0.38,#,0.018,#,0.055,1,12,#,0.032
1997,3431880,34,618,07,0,11,#,0.15,#,0.46,5,12,#,0.29,#,0.015,#,0.045,5,12,#,0.026
1997,3431880,34,618,07,0,13,#,0.16,#,0.24,0,8,#,0.2,#,0.018,#,0.043,1,8,#,0.026
1997,3830010,38,605,01,0,11,#,0.07,#,0.42,2,12,#,0.21,#,0.013,#,0.031,1,12,#,0.02
1997,3830020,38,605,02,0,11,#,0.11,#,0.4,1,12,#,0.22,#,0.013,#,0.031,2,12,#,0.023
1997,3830030,38,605,03,0,11,#,0.1,#,0.39,3,12,#,0.24,#,0.011,#,0.035,1,12,#,0.021
1997,3830040,38,605,04,0,11,#,0.12,#,0.32,1,12,#,0.2,#,0.011,#,0.028,0,12,#,0.019
1997,3830050,38,605,05,0,11,#,0.12,#,0.52,1,12,#,0.23,#,0.01,#,0.03,0,12,#,0.02
1997,3831400,38,605,56,0,11,#,0.11,#,0.42,1,12,#,0.21,#,0.011,#,0.03,0,12,#,0.018
1997,3830090,38,608,01,0,11,#,0.17,#,0.45,6,12,#,0.31,#,0.013,#,0.043,7,12,#,0.03
1997,3830100,38,609,01,0,11,#,0.19,#,0.64,9,12,#,0.39,#,0.018,#,0.062,7,12,#,0.036
1997,3830110,38,609,02,0,11,#,0.16,#,4.6,10,12,#,1.3,#,0.018,#,0.23,8,12,#,0.05
1997,3830120,38,609,03,0,11,#,0.11,#,0.53,6,12,#,0.31,#,0.013,#,0.038,5,12,#,0.027
1997,3830130,38,610,01,0,11,#,0.11,#,0.27,0,12,#,0.19,#,0.01,#,0.031,1,12,#,0.021
1997,3830140,38,610,02,0,11,#,0.1,#,0.39,3,12,#,0.22,#,0.011,#,0.037,3,12,#,0.024
1997,3830150,38,610,03,0,11,#,0.16,#,0.48,3,12,#,0.28,#,0.011,#,0.036,3,12,#,0.024
1997,3830160,38,610,04,0,11,#,0.13,#,0.33,2,12,#,0.24,#,0.014,#,0.034,3,12,#,0.024
1997,3830170,38,610,05,0,11,#,0.19,#,1.3,7,12,#,0.47,#,0.013,#,0.075,6,12,#,0.033
1997,3830180,38,610,06,0,11,#,0.12,#,0.39,2,12,#,0.24,#,0.011,#,0.045,5,12,#,0.027
1997,3831410,38,610,57,0,11,#,0.11,#,0.33,2,12,#,0.21,#,0.011,#,0.034,1,12,#,0.02
1997,3830200,38,612,01,0,11,#,0.2,#,0.6,7,12,#,0.36,#,0.024,#,0.052,8,12,#,0.036
1997,3830210,38,613,01,0,11,#,0.16,#,0.42,2,12,#,0.25,#,0.012,#,0.044,3,12,#,0.026
1997,3830230,38,615,01,0,11,#,0.15,#,0.58,3,12,#,0.28,#,0.01,#,0.031,1,12,#,0.022
1997,3830240,38,615,02,0,11,#,0.16,#,0.36,1,12,#,0.23,#,0.013,#,0.032,1,12,#,0.022
1997,3830250,38,615,03,0,11,#,0.21,#,0.38,4,12,#,0.28,#,0.018,#,0.044,5,12,#,0.029
1997,3830260,38,615,51,0,11,#,0.21,#,0.48,5,12,#,0.29,#,0.019,#,0.048,10,12,#,0.033
1997,3831420,38,615,54,0,11,#,0.12,#,0.37,2,12,#,0.24,#,0.013,#,0.033,1,12,#,0.023
1997,3830280,38,617,01,0,11,#,0.14,#,0.52,6,12,#,0.33,#,0.016,#,0.047,6,12,#,0.03
1997,3830290,38,617,02,0,11,#,0.24,#,1,9,12,#,0.49,#,0.024,#,0.081,10,12,#,0.05
1997,3830300,38,618,01,0,11,#,0.22,#,0.74,8,12,#,0.38,#,0.014,#,0.095,8,12,#,0.042
1997,3830310,38,619,01,0,11,#,0.18,#,0.62,7,12,#,0.34,#,0.014,#,0.047,6,12,#,0.031
1997,3830320,38,619,02,0,11,#,0.17,#,0.38,4,12,#,0.27,#,0.014,#,0.056,4,12,#,0.029
1997,3831430,38,619,53,0,11,#,0.17,#,0.44,3,12,#,0.28,#,0.014,#,0.04,4,12,#,0.027
1997,3830390,38,620,01,0,11,#,0.16,#,0.48,7,12,#,0.32,#,0.026,#,0.069,9,12,#,0.038
1997,3830400,38,621,01,0,11,#,1.3,#,6.1,12,12,#,3.3,#,0.1,#,0.49,12,12,#,0.29
1997,3830410,38,622,01,0,11,#,0.34,#,1.6,12,12,#,0.77,#,0.037,#,0.13,12,12,#,0.069
1997,3830420,38,623,01,0,11,#,0.29,#,0.68,11,12,#,0.49,#,0.057,#,0.23,12,12,#,0.14
1997,3830440,38,624,01,0,11,#,0.21,#,0.73,9,12,#,0.45,#,0.029,#,0.16,11,12,#,0.099
1997,3830450,38,625,01,0,11,#,0.19,#,1.7,11,12,#,0.81,#,0.085,#,0.25,12,12,#,0.15
1997,3830460,38,626,01,0,11,#,0.14,#,0.51,6,12,#,0.31,#,0.012,#,0.056,6,12,#,0.033
1997,3830470,38,627,01,0,11,#,0.37,#,3.5,6,6,#,1.3,#,0.013,#,0.071,2,6,#,0.03
1997,3830480,38,628,01,0,11,#,0.16,#,0.3,0,6,#,0.22,#,0.013,#,0.029,0,6,#,0.02
1997,3830490,38,628,02,0,11,#,0.12,#,0.25,0,6,#,0.2,#,0.013,#,0.021,0,6,#,0.018
1997,3830500,38,628,03,0,11,#,0.18,#,0.42,2,6,#,0.28,#,0.014,#,0.026,0,6,#,0.022
1997,3830510,38,628,04,0,11,#,0.2,#,0.41,1,6,#,0.26,#,0.011,#,0.024,0,6,#,0.018
1997,3830520,38,628,05,0,11,#,0.23,#,0.33,2,6,#,0.28,#,0.011,#,0.036,1,6,#,0.022
1997,3830530,38,628,06,0,11,#,0.2,#,0.35,3,6,#,0.29,#,0.011,#,0.023,0,6,#,0.02
1997,3830540,38,628,07,0,11,#,0.17,#,0.43,2,6,#,0.27,#,0.015,#,0.028,0,6,#,0.021
1997,3830550,38,628,08,0,11,#,0.1,#,0.39,2,6,#,0.22,#,0.012,#,0.027,0,6,#,0.021
1997,3830560,38,628,09,0,11,#,0.13,#,0.32,1,6,#,0.21,#,0.012,#,0.029,0,6,#,0.022
1997,3830570,38,628,10,0,11,#,0.11,#,1.9,2,12,#,0.34,#,0.012,#,0.19,2,12,#,0.035
1997,3830580,38,628,11,0,11,#,0.1,#,0.36,1,12,#,0.22,#,0.013,#,0.048,1,12,#,0.021
1997,3830590,38,628,12,0,11,#,0.09,#,0.26,0,12,#,0.18,#,0.01,#,0.024,0,12,#,0.017
1997,3830600,38,628,13,0,11,#,0.13,#,0.37,2,12,#,0.23,#,0.015,#,0.045,2,12,#,0.023
1997,3830610,38,628,14,0,11,#,0.11,#,0.31,2,12,#,0.2,#,0.011,#,0.049,2,12,#,0.023
1997,3830620,38,628,15,0,11,#,0.09,#,0.32,1,12,#,0.21,#,0.012,#,0.053,1,12,#,0.023
1997,3830630,38,628,16,0,11,#,0.11,#,0.32,1,12,#,0.2,#,0.012,#,0.032,1,12,#,0.02
1997,3830640,38,628,17,0,11,#,0.16,#,0.72,3,6,#,0.37,#,0.014,#,0.087,3,6,#,0.04
1997,3830650,38,628,18,0,11,#,0.12,#,0.69,2,6,#,0.37,#,0.015,#,0.057,3,6,#,0.036
1997,3830660,38,628,19,0,11,#,0.14,#,0.42,1,6,#,0.26,#,0.014,#,0.041,2,6,#,0.026
1997,3830670,38,628,20,0,11,#,0.13,#,0.97,2,6,#,0.34,#,0.018,#,0.038,1,6,#,0.024
1997,3830680,38,628,21,0,11,#,0.16,#,0.44,2,6,#,0.25,#,0.011,#,0.025,0,6,#,0.019
1997,3830690,38,628,22,0,11,#,0.12,#,0.3,0,6,#,0.21,#,0.008,#,0.029,0,6,#,0.021
1997,3830700,38,628,23,0,11,#,0.18,#,0.68,2,6,#,0.35,#,0.011,#,0.099,1,6,#,0.03
1997,3830710,38,628,24,0,11,#,0.15,#,0.45,2,6,#,0.3,#,0.012,#,0.055,1,6,#,0.023
1997,3830720,38,628,25,0,11,#,0.21,#,0.66,3,6,#,0.37,#,0.011,#,0.037,1,6,#,0.02
1997,3830730,38,628,26,0,11,#,0.2,#,0.47,3,6,#,0.34,#,0.011,#,0.022,0,6,#,0.016
1997,3830740,38,628,27,0,11,#,0.12,#,0.24,0,6,#,0.2,#,0.011,#,0.032,1,6,#,0.019
1997,3830750,38,628,28,0,11,#,0.13,#,0.25,0,6,#,0.18,#,0.013,#,0.017,0,6,#,0.015
1997,3830760,38,628,29,0,11,#,0.1,#,0.42,1,4,#,0.2,#,0.014,#,0.016,0,4,#,0.015
1997,3831440,38,628,80,0,11,#,0.21,#,0.41,2,6,#,0.3,#,0.011,#,0.023,0,6,#,0.017
1997,3831450,38,628,81,0,11,#,0.11,#,0.32,2,6,#,0.23,#,0.012,#,0.026,0,6,#,0.02
1997,3831460,38,628,82,0,11,#,0.1,#,0.27,0,6,#,0.2,#,0.014,#,0.023,0,6,#,0.019
1997,3831470,38,628,83,0,11,#,0.2,#,0.59,2,6,#,0.33,#,0.011,#,0.027,0,6,#,0.019
1997,3831480,38,628,84,0,11,#,0.1,#,0.29,0,6,#,0.19,#,0.013,#,0.017,0,6,#,0.015
1997,3830780,38,629,01,0,11,#,0.11,#,0.34,1,6,#,0.23,#,0.011,#,0.031,1,6,#,0.023
1997,3830790,38,630,01,0,11,#,0.32,#,0.8,6,6,#,0.46,#,0.039,#,0.09,6,6,#,0.055
1997,3830800,38,630,02,0,11,#,0.3,#,0.55,5,6,#,0.43,#,0.036,#,0.069,6,6,#,0.058
1997,3830810,38,631,01,0,11,#,0.14,#,0.28,0,4,#,0.19,#,0.013,#,0.027,0,4,#,0.018
1997,3830820,38,631,02,0,11,#,0.11,#,0.27,0,6,#,0.16,#,0.008,#,0.017,0,6,#,0.014
1997,3830830,38,631,03,0,11,#,0.1,#,0.29,0,6,#,0.19,#,0.011,#,0.022,0,6,#,0.017
1997,3830840,38,631,04,0,11,#,0.11,#,1.1,3,6,#,0.38,#,0.011,#,0.031,1,6,#,0.02
1997,3830850,38,631,05,0,11,#,0.1,#,0.36,1,6,#,0.21,#,0.01,#,0.025,0,6,#,0.018
1997,3830860,38,631,06,0,11,#,0.21,#,1.2,3,6,#,0.45,#,0.014,#,0.044,2,6,#,0.027
1997,3830870,38,631,07,0,11,#,0.2,#,1.4,4,6,#,0.52,#,0.015,#,0.062,2,6,#,0.03
1997,3830880,38,631,08,0,11,#,0.1,#,0.27,0,6,#,0.2,#,0.011,#,0.029,0,6,#,0.021
1997,3830890,38,631,09,0,11,#,0.14,#,0.32,1,6,#,0.27,#,0.011,#,0.03,0,6,#,0.023
1997,3830900,38,631,10,0,11,#,0.14,#,0.29,0,6,#,0.22,#,0.012,#,0.034,1,6,#,0.021
1997,3830910,38,631,11,0,11,#,0.13,#,0.38,3,6,#,0.27,#,0.017,#,0.031,1,6,#,0.025
1997,3830920,38,631,12,0,11,#,0.1,#,0.32,1,6,#,0.22,#,0.015,#,0.027,0,6,#,0.022
1997,3830930,38,631,13,0,11,#,0.14,#,0.35,3,6,#,0.26,#,0.014,#,0.031,1,6,#,0.024
1997,3830940,38,631,14,0,11,#,0.13,#,0.25,0,4,#,0.2,#,0.011,#,0.031,1,4,#,0.019
1997,3830950,38,631,15,0,11,#,0.14,#,0.8,1,4,#,0.37,#,0.012,#,0.032,1,4,#,0.022
1997,3830960,38,631,16,0,11,#,0.13,#,0.42,2,4,#,0.3,#,0.01,#,0.03,0,4,#,0.02
1997,3830970,38,631,17,0,11,#,0.26,#,0.49,3,4,#,0.4,#,0.01,#,0.036,1,4,#,0.021
1997,3830980,38,631,18,0,11,#,0.16,#,0.34,2,6,#,0.24,#,0.013,#,0.024,0,6,#,0.019
1997,3830990,38,631,19,0,11,#,0.15,#,0.38,3,6,#,0.27,#,0.023,#,0.048,4,6,#,0.034
1997,3831000,38,631,20,0,11,#,0.15,#,0.38,2,6,#,0.27,#,0.012,#,0.036,2,6,#,0.026
1997,3831010,38,631,21,0,11,#,0.24,#,0.39,4,6,#,0.32,#,0.028,#,0.056,5,6,#,0.043
1997,3831020,38,631,22,0,11,#,0.19,#,0.37,1,6,#,0.27,#,0.016,#,0.03,0,6,#,0.022
1997,3831030,38,631,23,0,11,#,0.18,#,0.56,2,4,#,0.37,#,0.016,#,0.069,2,4,#,0.038
1997,3831040,38,631,24,0,11,#,0.25,#,0.58,3,4,#,0.39,#,0.031,#,0.07,4,4,#,0.051
1997,3831050,38,631,25,0,11,#,0.3,#,0.54,3,4,#,0.42,#,0.018,#,0.061,2,4,#,0.036
1997,3831060,38,631,26,0,11,#,0.13,#,0.28,0,6,#,0.2,#,0.009,#,0.027,0,6,#,0.014
1997,3831070,38,631,27,0,11,#,0.1,#,0.26,0,6,#,0.16,#,0.011,#,0.018,0,6,#,0.013
1997,3831080,38,631,28,0,11,#,0.19,#,0.44,2,6,#,0.28,#,0.016,#,0.021,0,6,#,0.019
1997,3831090,38,631,29,0,11,#,0.13,#,0.33,1,6,#,0.23,#,0.007,#,0.019,0,6,#,0.015
1997,3831490,38,631,84,0,11,#,0.14,#,0.37,2,4,#,0.24,#,0.011,#,0.031,1,4,#,0.019
1997,3831500,38,631,85,0,11,#,0.19,#,0.22,0,6,#,0.21,#,0.01,#,0.022,0,6,#,0.017
1997,3831510,38,631,86,0,11,#,0.16,#,0.3,0,6,#,0.23,#,0.013,#,0.02,0,6,#,0.018
1997,3831520,38,631,87,0,11,#,0.11,#,0.34,1,6,#,0.2,#,0.007,#,0.02,0,6,#,0.011
1997,4020030,40,502,01,0,11,#,0.58,#,1,999,12,#,0.89,#,0.007,#,0.025,9,12,#,0.015
1997,4020030,40,502,01,0,12,#,0.94,#,1.1,999,12,#,1,#,0.008,#,0.041,10,12,#,0.021
1997,4020030,40,502,01,0,13,#,0.84,#,1.1,999,12,#,0.94,#,0.008,#,0.074,11,12,#,0.027
1997,4020040,40,503,01,0,11,#,0.45,#,0.96,12,12,#,0.75,#,0.009,#,0.044,10,12,#,0.02
1997,4020040,40,503,01,0,12,#,0.6,#,1.9,12,12,#,1.1,#,0.005,#,0.046,8,12,#,0.021
1997,4020040,40,503,01,0,13,#,0.8,#,3.2,12,12,#,1.6,#,0.007,#,0.072,10,12,#,0.031
1997,4030610,40,611,01,0,11,#,0.22,#,0.7,5,12,#,0.5,#,0.019,#,0.081,6,12,#,0.052
1997,4030610,40,611,01,0,12,#,0.21,#,0.63,2,12,#,0.44,#,0.019,#,0.073,3,12,#,0.047
1997,4030610,40,611,01,0,13,#,0.22,#,0.56,0,12,#,0.37,#,0.019,#,0.073,2,12,#,0.042
1997,4030630,40,611,03,0,11,#,0.25,#,0.8,3,12,#,0.49,#,0.024,#,0.096,7,12,#,0.053
1997,4030630,40,611,03,0,12,#,0.26,#,0.82,3,12,#,0.47,#,0.024,#,0.096,6,12,#,0.051
1997,4030630,40,611,03,0,13,#,0.22,#,0.55,0,12,#,0.35,#,0.021,#,0.068,2,12,#,0.044
1997,4031130,40,611,65,0,11,#,0.26,#,0.72,4,12,#,0.49,#,0.022,#,0.073,5,12,#,0.051
1997,4031130,40,611,65,0,13,#,0.26,#,0.69,1,12,#,0.43,#,0.023,#,0.061,6,12,#,0.047
1997,4031140,40,611,66,0,11,#,0.23,#,0.67,1,12,#,0.47,#,0.019,#,0.073,6,12,#,0.05
1997,4031140,40,611,66,0,13,#,0.22,#,0.66,2,12,#,0.42,#,0.02,#,0.066,4,12,#,0.044
1997,4030770,40,612,01,0,11,#,0.19,#,0.78,1,12,#,0.36,#,0.018,#,0.091,1,12,#,0.038
1997,4030770,40,612,01,0,12,#,0.18,#,0.7,1,12,#,0.35,#,0.019,#,0.088,1,12,#,0.038
1997,4030770,40,612,01,0,13,#,0.11,#,0.29,0,12,#,0.17,#,0.017,#,0.033,0,12,#,0.025
1997,4030780,40,612,02,0,11,#,0.18,#,0.71,1,12,#,0.37,#,0.021,#,0.085,1,12,#,0.038
1997,4030780,40,612,02,0,12,#,0.18,#,0.71,1,12,#,0.35,#,0.023,#,0.086,1,12,#,0.038
1997,4030780,40,612,02,0,13,#,0.19,#,0.42,0,12,#,0.26,#,0.022,#,0.042,0,12,#,0.031
1997,4030790,40,612,03,0,11,#,0.17,#,0.6,0,12,#,0.38,#,0.021,#,0.066,2,12,#,0.042
1997,4030790,40,612,03,0,12,#,0.18,#,0.6,0,12,#,0.38,#,0.022,#,0.058,2,12,#,0.042
1997,4030790,40,612,03,0,13,#,0.17,#,0.71,1,12,#,0.31,#,0.022,#,0.092,1,12,#,0.038
1997,4030820,40,612,53,0,11,#,0.18,#,0.57,0,4,#,0.35,#,0.03,#,0.058,1,4,#,0.039
1997,4030820,40,612,53,0,13,#,0.16,#,0.5,0,4,#,0.26,#,0.026,#,0.035,0,4,#,0.03
1997,4030910,40,613,01,0,11,#,0.07,#,0.22,0,12,#,0.13,#,0.009,#,0.02,0,12,#,0.013
1997,4030910,40,613,01,0,12,#,0.06,#,0.17,0,12,#,0.12,#,0.009,#,0.021,0,12,#,0.013
1997,4030910,40,613,01,0,13,#,0.05,#,0.13,0,12,#,0.1,#,0.009,#,0.017,0,12,#,0.013
1997,4030920,40,613,02,0,11,#,0.14,#,0.57,5,12,#,0.28,#,0.015,#,0.062,4,12,#,0.029
1997,4030920,40,613,02,0,12,#,0.14,#,0.48,4,12,#,0.27,#,0.016,#,0.061,4,12,#,0.029
1997,4030920,40,613,02,0,13,#,0.09,#,0.18,0,12,#,0.13,#,0.012,#,0.025,0,12,#,0.02
1997,4030930,40,613,03,0,11,#,0.1,#,0.6,4,12,#,0.3,#,0.014,#,0.071,6,12,#,0.032
1997,4030930,40,613,03,0,12,#,0.1,#,0.48,3,12,#,0.25,#,0.01,#,0.052,2,12,#,0.025
1997,4030930,40,613,03,0,13,#,0.1,#,0.22,0,12,#,0.16,#,0.013,#,0.036,1,12,#,0.022
1997,4030970,40,613,54,0,11,#,0.15,#,0.4,2,4,#,0.3,#,0.025,#,0.046,1,4,#,0.032
1997,4030970,40,613,54,0,13,#,0.13,#,0.22,0,4,#,0.17,#,0.014,#,0.026,0,4,#,0.023
1997,4120120,41,501,01,0,11,#,0.13,#,0.79,5,12,#,0.41,#,0.013,#,0.046,2,12,#,0.025
1997,4120120,41,501,01,0,12,#,0.48,#,0.48,1,1,#,0.48,#,0.015,#,0.015,0,1,#,0.015
1997,4120120,41,501,01,0,13,#,0.26,#,0.94,9,11,#,0.58,#,0.009,#,0.066,3,11,#,0.028
1997,4120010,41,501,51,0,11,#,0.16,#,0.75,5,12,#,0.4,#,0.02,#,0.055,7,12,#,0.035
1997,4620020,46,501,01,0,11,#,0.1,#,0.23,999,6,#,0.18,#,0.003,#,0.007,0,6,#,0.005
1997,4620020,46,501,01,0,12,#,0.11,#,0.21,999,6,#,0.16,<,0.003,#,0.006,0,6,#,0.004
1997,4620020,46,501,01,0,13,#,0.15,#,0.2,999,6,#,0.18,<,0.003,#,0.005,0,6,#,0.003
1997,4620030,46,501,02,0,11,#,0.1,#,0.19,999,6,#,0.16,#,0.003,#,0.006,0,6,#,0.005
1997,4620030,46,501,02,0,12,#,0.12,#,0.26,999,12,#,0.18,<,0.003,#,0.007,0,12,#,0.005
1997,4620030,46,501,02,0,13,#,0.17,#,0.41,999,12,#,0.26,<,0.003,#,0.054,6,12,#,0.025
1997,4620040,46,501,03,0,11,#,0.1,#,0.21,999,6,#,0.16,<,0.003,#,0.008,0,6,#,0.004
1997,4620040,46,501,03,0,12,#,0.12,#,0.2,999,6,#,0.15,<,0.003,#,0.006,0,6,#,0.004
1997,4620040,46,501,03,0,13,#,0.12,#,0.28,999,6,#,0.18,<,0.003,#,0.004,0,6,#,0.003
1997,4620050,46,501,51,0,11,#,0.1,#,0.21,999,6,#,0.14,#,0.003,#,0.006,0,6,#,0.005
1997,4620060,46,501,52,0,11,#,0.1,#,0.2,999,6,#,0.14,#,0.004,#,0.021,1,6,#,0.007
1997,4620100,46,501,53,0,11,#,0.09,#,0.21,999,6,#,0.14,#,0.003,#,0.005,0,6,#,0.004
1997,4620100,46,501,53,0,12,#,0.14,#,0.26,999,6,#,0.19,#,0.004,#,0.007,0,6,#,0.006
1997,4620100,46,501,53,0,13,#,0.11,#,0.22,999,6,#,0.18,#,0.003,#,0.005,0,6,#,0.004
1997,4620110,46,502,01,0,11,#,0.68,#,1.2,999,12,#,0.92,#,0.02,#,0.097,5,12,#,0.056
1997,4620110,46,502,01,0,12,#,0.87,#,1.1,999,12,#,0.97,#,0.03,#,0.09,5,12,#,0.054
1997,4620110,46,502,01,0,13,#,0.85,#,1.1,999,12,#,0.96,#,0.038,#,0.08,5,12,#,0.054
1997,4620120,46,502,02,0,11,#,0.66,#,1.2,999,12,#,0.91,#,0.02,#,0.09,5,12,#,0.052
1997,4620120,46,502,02,0,12,#,0.83,#,1,999,12,#,0.94,#,0.03,#,0.06,2,12,#,0.046
1997,4620120,46,502,02,0,13,#,0.82,#,1.1,999,12,#,0.98,#,0.023,#,0.06,3,12,#,0.044
1997,4620130,46,502,03,0,11,#,0.68,#,1.2,999,12,#,0.89,#,0.03,#,0.1,3,12,#,0.05
1997,4620130,46,502,03,0,12,#,0.76,#,1,999,12,#,0.93,#,0.03,#,0.06,3,12,#,0.046
1997,4620130,46,502,03,0,13,#,0.87,#,1.2,999,12,#,1,#,0.028,#,0.05,0,12,#,0.036
1997,4620140,46,502,51,0,11,#,0.8,#,1.2,999,6,#,0.96,#,0.03,#,0.11,4,6,#,0.063
1997,4620140,46,502,51,0,12,#,0.87,#,1.4,999,6,#,1,#,0.04,#,0.13,4,6,#,0.065
1997,4620140,46,502,51,0,13,#,0.91,#,1.5,999,6,#,1.1,#,0.04,#,0.13,3,6,#,0.067
1997,4620150,46,502,52,0,11,#,0.74,#,1.1,999,6,#,0.94,#,0.02,#,0.08,3,6,#,0.058
1997,4620150,46,502,52,0,12,#,0.9,#,1.2,999,6,#,1,#,0.04,#,0.09,3,6,#,0.059
1997,4620150,46,502,52,0,13,#,0.85,#,1.2,999,6,#,1,#,0.04,#,0.1,2,6,#,0.06
1997,4620010,46,503,01,0,11,#,0.14,#,0.24,999,6,#,0.18,#,0.004,#,0.009,0,6,#,0.006
1997,4620010,46,503,01,0,12,#,0.08,#,0.24,999,30,#,0.14,<,0.003,#,0.018,2,30,#,0.006
1997,4620160,46,503,51,0,11,#,0.13,#,0.22,999,6,#,0.15,#,0.004,#,0.008,0,6,#,0.006
1997,4620160,46,503,51,0,12,#,0.11,#,0.16,999,6,#,0.13,#,0.004,#,0.014,1,6,#,0.008
1997,4620160,46,503,51,0,13,#,0.1,#,0.16,999,6,#,0.13,#,0.003,#,0.009,0,6,#,0.005
1997,4620170,46,503,52,0,11,#,0.09,#,0.14,999,6,#,0.13,#,0.004,#,0.007,0,6,#,0.005
1997,4620170,46,503,52,0,12,#,0.08,#,0.16,999,6,#,0.12,#,0.003,#,0.008,0,6,#,0.005
1997,4620170,46,503,52,0,13,#,0.08,#,0.16,999,6,#,0.14,#,0.003,#,0.019,2,6,#,0.008
1997,4630010,46,601,01,0,11,#,0.14,#,0.21,0,6,#,0.18,#,0.011,#,0.051,1,6,#,0.021
1997,4630010,46,601,01,0,12,#,0.14,#,0.21,0,6,#,0.18,#,0.011,#,0.036,1,6,#,0.024
1997,4630010,46,601,01,0,13,#,0.15,#,0.2,0,6,#,0.17,#,0.019,#,0.037,1,6,#,0.026
1997,4630020,46,601,02,0,11,#,0.17,#,0.99,4,6,#,0.54,#,0.019,#,0.075,3,6,#,0.038
1997,4630030,46,601,03,0,11,#,0.12,#,0.5,1,6,#,0.21,#,0.009,#,0.043,2,6,#,0.023
1997,4630030,46,601,03,0,12,#,0.15,#,0.22,0,12,#,0.17,#,0.013,#,0.034,2,12,#,0.026
1997,4630030,46,601,03,0,13,#,0.13,#,0.27,0,6,#,0.23,#,0.031,#,0.059,6,6,#,0.045
1997,4630040,46,601,04,0,11,#,0.11,#,0.2,0,6,#,0.16,#,0.01,#,0.035,1,6,#,0.019
1997,4630050,46,601,05,0,11,#,0.11,#,0.21,0,6,#,0.15,#,0.01,#,0.036,1,6,#,0.019
1997,4630060,46,601,06,0,11,#,0.13,#,0.16,0,6,#,0.15,#,0.013,#,0.034,1,6,#,0.02
1997,4630070,46,601,07,0,11,#,0.09,#,0.36,1,6,#,0.18,#,0.008,#,0.023,0,6,#,0.015
1997,4630080,46,601,08,0,11,#,0.12,#,0.17,0,6,#,0.15,#,0.012,#,0.025,0,6,#,0.018
1997,4630090,46,601,09,0,11,#,0.12,#,0.18,0,6,#,0.15,#,0.01,#,0.028,0,6,#,0.017
1997,4630100,46,601,10,0,11,#,0.13,#,2.5,2,6,#,0.59,#,0.014,#,0.076,2,6,#,0.032
1997,4630110,46,601,11,0,11,#,0.11,#,2.2,1,6,#,0.48,#,0.011,#,0.066,1,6,#,0.026
1997,4630120,46,601,12,0,11,#,0.12,#,0.21,0,6,#,0.16,#,0.014,#,0.035,1,6,#,0.02
1997,4630130,46,601,13,0,11,#,0.08,#,0.17,0,6,#,0.12,#,0.008,#,0.02,0,6,#,0.013
1997,4630130,46,601,13,0,12,#,0.08,#,0.2,0,12,#,0.14,#,0.01,#,0.028,0,12,#,0.02
1997,4630130,46,601,13,0,13,#,0.16,#,0.25,0,6,#,0.21,#,0.027,#,0.044,5,6,#,0.037
1997,4630140,46,601,14,0,11,#,0.11,#,0.37,1,6,#,0.18,#,0.01,#,0.039,2,6,#,0.021
1997,4630150,46,601,15,0,11,#,0.07,#,0.14,0,6,#,0.11,#,0.008,#,0.017,0,6,#,0.012
1997,4630160,46,601,16,0,11,#,0.1,#,0.14,0,6,#,0.12,#,0.012,#,0.023,0,6,#,0.016
1997,4630480,46,601,51,0,11,#,0.12,#,0.25,0,6,#,0.18,#,0.011,#,0.039,1,6,#,0.022
1997,4630490,46,601,52,0,11,#,0.13,#,0.28,0,6,#,0.17,#,0.013,#,0.038,1,6,#,0.022
1997,4630500,46,601,53,0,11,#,0.12,#,0.24,0,6,#,0.17,#,0.015,#,0.034,1,6,#,0.021
1997,4630510,46,601,54,0,11,#,0.09,#,0.32,1,6,#,0.16,#,0.009,#,0.03,0,6,#,0.018
1997,4630520,46,601,55,0,11,#,0.07,#,0.13,0,6,#,0.1,#,0.007,#,0.021,0,6,#,0.012
1997,4630530,46,601,56,0,11,#,0.07,#,0.12,0,6,#,0.09,#,0.006,#,0.015,0,6,#,0.01
1997,4631520,46,601,57,0,11,#,0.11,#,0.58,1,6,#,0.22,#,0.012,#,0.055,2,6,#,0.027
1997,4631880,46,601,58,0,11,#,0.12,#,0.19,0,6,#,0.16,#,0.013,#,0.035,1,6,#,0.021
1997,4631890,46,601,59,0,11,#,0.07,#,0.31,1,6,#,0.14,#,0.006,#,0.033,1,6,#,0.017
1997,4631900,46,601,60,0,11,#,0.08,#,0.13,0,6,#,0.1,#,0.007,#,0.022,0,6,#,0.012
