西暦年度,絶対番号,県コード_地点統一番号,水域コード_地点統一番号,地点コード_地点統一番号,m_ダイオキシン（水質）,n_ダイオキシン（水質）,C_ダイオキシン（水質）_最大値,ダイオキシン（水質）_最大値,C_ダイオキシン（水質）_平均値,ダイオキシン（水質）_平均値,m_ダイオキシン（底質）,n_ダイオキシン（底質）,C_ダイオキシン（底質）_最大値,ダイオキシン（底質）_最大値,C_ダイオキシン（底質）_平均値,ダイオキシン（底質）_平均値
2009,0110060,01,004,01,0,1,#,0.16,#,0.16,0,1,#,0.32,#,0.32
2009,0110170,01,007,01,0,1,#,0.07,#,0.07,0,1,#,1.3,#,1.3
2009,0110180,01,007,51,0,0,#,0,#,0,0,1,#,1.1,#,1.1
2009,0110250,01,010,01,0,1,#,0.1,#,0.1,0,1,#,0.22,#,0.22
2009,0110320,01,012,01,0,1,#,0.07,#,0.07,0,1,#,1.1,#,1.1
2009,0110370,01,017,01,0,1,#,0.07,#,0.07,0,1,#,0.34,#,0.34
2009,0113990,01,024,55,0,1,#,0.07,#,0.07,0,1,#,2,#,2
2009,0110600,01,033,01,0,1,#,0.07,#,0.07,0,1,#,0.28,#,0.28
2009,0110630,01,035,01,0,1,#,0.051,#,0.051,0,1,#,0.48,#,0.48
2009,0110790,01,048,01,0,1,#,0.07,#,0.07,0,1,#,0.21,#,0.21
2009,0110940,01,059,01,0,1,#,0.07,#,0.07,0,1,#,0.21,#,0.21
2009,0110950,01,060,01,0,0,#,0,#,0,0,1,#,0.21,#,0.21
2009,0110980,01,062,01,0,1,#,0.07,#,0.07,0,1,#,0.26,#,0.26
2009,0118770,01,062,52,0,0,#,0,#,0,0,1,#,0.21,#,0.21
2009,0111170,01,075,01,0,1,#,0.02,#,0.02,0,1,#,0.69,#,0.69
2009,0111260,01,077,01,0,1,#,0.07,#,0.07,0,1,#,0.24,#,0.24
2009,0111320,01,083,01,0,1,#,0.07,#,0.07,0,1,#,2,#,2
2009,0111750,01,121,01,0,1,#,0.015,#,0.015,0,1,#,1.1,#,1.1
2009,0111790,01,122,01,0,1,#,0.076,#,0.076,0,1,#,0.34,#,0.34
2009,0111830,01,122,54,0,2,#,0.3,#,0.19,0,0,#,0,#,0
2009,0111810,01,122,55,0,2,#,0.24,#,0.16,0,1,#,0.37,#,0.37
2009,0112180,01,148,01,0,2,#,0.068,#,0.042,0,2,#,0.38,#,0.24
2009,0112330,01,159,53,0,1,#,0.018,#,0.018,0,1,#,4.6,#,4.6
2009,0112690,01,187,01,0,1,#,0.057,#,0.057,0,1,#,0.15,#,0.15
2009,0114660,01,301,01,0,1,#,0.07,#,0.07,0,1,#,0.21,#,0.21
2009,0114800,01,319,01,0,1,#,0.017,#,0.017,0,1,#,0.42,#,0.42
2009,0120700,01,404,01,0,1,#,0.078,#,0.078,0,1,#,5.1,#,5.1
2009,0120710,01,405,01,0,1,#,0.07,#,0.07,0,1,#,0.21,#,0.21
2009,0120730,01,407,01,0,1,#,0.07,#,0.07,0,1,#,1.7,#,1.7
2009,0120010,01,501,01,0,1,#,0.07,#,0.07,0,1,#,3.8,#,3.8
2009,0130880,01,633,02,0,2,#,0.054,#,0.052,0,1,#,5.1,#,5.1
2009,0210050,02,002,02,0,1,#,0.044,#,0.044,0,0,#,0,#,0
2009,0210110,02,004,01,0,1,#,0.23,#,0.23,0,1,#,0.3,#,0.3
2009,0210150,02,006,01,0,1,#,0.16,#,0.16,0,1,#,0.98,#,0.98
2009,0214680,02,008,52,0,1,#,0.046,#,0.046,0,0,#,0,#,0
2009,0210240,02,010,03,0,1,#,0.14,#,0.14,0,1,#,3.3,#,3.3
2009,0210570,02,014,02,0,1,#,0.045,#,0.045,0,0,#,0,#,0
2009,0210630,02,015,02,0,1,#,0.29,#,0.29,0,0,#,0,#,0
2009,0210660,02,017,01,0,1,#,0.043,#,0.043,0,0,#,0,#,0
2009,0210770,02,022,01,0,1,#,0.053,#,0.053,0,0,#,0,#,0
2009,0210840,02,025,01,0,1,#,0.05,#,0.05,0,1,#,0.086,#,0.086
2009,0210980,02,030,01,0,1,#,0.093,#,0.093,0,0,#,0,#,0
2009,0211010,02,032,01,0,1,#,0.14,#,0.14,0,1,#,9.9,#,9.9
2009,0211020,02,032,51,0,1,#,0.091,#,0.091,0,1,#,1.2,#,1.2
2009,0211110,02,034,02,0,1,#,0.044,#,0.044,0,1,#,16,#,16
2009,0211180,02,038,01,0,1,#,0.046,#,0.046,0,1,#,7.5,#,7.5
2009,0211260,02,042,01,0,1,#,0.044,#,0.044,0,0,#,0,#,0
2009,0211290,02,044,01,0,1,#,0.044,#,0.044,0,1,#,2.6,#,2.6
2009,0213020,02,054,01,0,1,#,0.071,#,0.071,0,1,#,1.2,#,1.2
2009,0213220,02,056,01,0,1,#,0.06,#,0.06,0,0,#,0,#,0
2009,0213230,02,057,01,0,1,#,0.042,#,0.042,0,0,#,0,#,0
2009,0211760,02,219,03,0,2,#,0.2,#,0.17,0,1,#,0.4,#,0.4
2009,0211800,02,221,03,0,2,#,0.37,#,0.33,0,1,#,1.1,#,1.1
2009,0212900,02,287,03,0,1,#,0.047,#,0.047,0,1,#,0.13,#,0.13
2009,0212960,02,292,02,0,1,#,0.18,#,0.18,0,0,#,0,#,0
2009,0214650,02,300,01,0,1,#,0.082,#,0.082,0,1,#,0.39,#,0.39
2009,0214670,02,301,01,0,1,#,0.042,#,0.042,0,1,#,0.16,#,0.16
2009,0220660,02,501,01,0,1,#,0.042,#,0.042,0,1,#,8,#,8
2009,0220680,02,501,51,0,1,#,0.056,#,0.056,0,0,#,0,#,0
2009,0220770,02,502,01,0,1,#,0.068,#,0.068,0,1,#,13,#,13
2009,0220840,02,502,56,0,1,#,0.046,#,0.046,0,0,#,0,#,0
2009,0230130,02,604,03,0,1,#,0.043,#,0.043,0,0,#,0,#,0
2009,0230190,02,605,02,0,1,#,0.044,#,0.044,0,1,#,0.26,#,0.26
2009,0230750,02,610,01,0,1,#,0.043,#,0.043,0,1,#,3.1,#,3.1
2009,0230830,02,613,01,0,1,#,0.042,#,0.042,0,0,#,0,#,0
2009,0231290,02,619,01,0,1,#,0.042,#,0.042,0,1,#,2.7,#,2.7
2009,0231320,02,619,04,0,1,#,0.043,#,0.043,0,0,#,0,#,0
2009,0310060,03,002,54,0,1,#,0.13,#,0.13,0,1,#,0.59,#,0.59
2009,0310170,03,011,01,0,1,#,0.02,#,0.02,0,1,#,0.38,#,0.38
2009,0310290,03,016,51,0,1,#,0.051,#,0.051,0,1,#,0.15,#,0.15
2009,0310480,03,019,54,0,1,#,0.071,#,0.071,0,1,#,1.7,#,1.7
2009,0310560,03,023,01,0,1,#,0.11,#,0.11,0,1,#,1,#,1
2009,0310610,03,026,01,0,1,#,0.12,#,0.12,0,1,#,0.32,#,0.32
2009,0310640,03,028,01,0,1,#,0.25,#,0.25,0,1,#,9.6,#,9.6
2009,0310700,03,032,01,0,1,#,0.28,#,0.28,0,1,#,0.65,#,0.65
2009,0310720,03,034,01,0,1,#,0.074,#,0.074,0,1,#,0.12,#,0.12
2009,0310760,03,036,01,0,1,#,0.032,#,0.032,0,1,#,0.15,#,0.15
2009,0310870,03,044,01,0,1,#,0.043,#,0.043,0,1,#,0.15,#,0.15
2009,0310880,03,044,02,0,1,#,0.044,#,0.044,0,1,#,0.14,#,0.14
2009,0310950,03,046,02,0,1,#,0.012,#,0.012,0,1,#,0.14,#,0.14
2009,0310960,03,046,03,0,1,#,0.016,#,0.016,0,1,#,0.59,#,0.59
2009,0311950,03,047,02,0,1,#,0.048,#,0.048,0,1,#,0.13,#,0.13
2009,0312690,03,048,51,0,1,#,0.043,#,0.043,0,1,#,0.18,#,0.18
2009,0311120,03,054,02,0,1,#,0.055,#,0.055,0,1,#,0.64,#,0.64
2009,0311150,03,056,02,0,1,#,0.095,#,0.095,0,1,#,0.16,#,0.16
2009,0311160,03,056,03,0,1,#,0.05,#,0.05,0,1,#,0.18,#,0.18
2009,0311260,03,059,01,0,1,#,0.59,#,0.59,0,1,#,0.86,#,0.86
2009,0311360,03,065,01,0,1,#,0.088,#,0.088,0,1,#,0.43,#,0.43
2009,0311400,03,067,01,0,1,#,0.14,#,0.14,0,1,#,0.13,#,0.13
2009,0311410,03,068,01,0,1,#,0.41,#,0.41,0,1,#,0.48,#,0.48
2009,0311520,03,074,01,0,1,#,0.039,#,0.039,0,1,#,0.18,#,0.18
2009,0311730,03,082,51,0,1,#,0.28,#,0.28,0,1,#,0.24,#,0.24
2009,0311880,03,096,01,0,1,#,0.027,#,0.027,0,1,#,0.11,#,0.11
2009,0312730,03,246,01,0,1,#,0.016,#,0.016,0,1,#,0.1,#,0.1
2009,0312740,03,247,01,0,1,#,0.011,#,0.011,0,1,#,0.13,#,0.13
2009,0312850,03,250,01,0,1,#,0.016,#,0.016,0,1,#,0.12,#,0.12
2009,0312880,03,251,01,0,1,#,0.036,#,0.036,0,1,#,0.13,#,0.13
2009,0320060,03,503,01,0,1,#,0.067,#,0.067,0,1,#,5.9,#,5.9
2009,0320180,03,509,01,0,1,#,0.067,#,0.067,0,1,#,4.2,#,4.2
2009,0330010,03,604,01,0,1,#,0.04,#,0.04,0,1,#,0.98,#,0.98
2009,0330040,03,605,01,0,1,#,0.021,#,0.021,0,1,#,3.6,#,3.6
2009,0330190,03,612,01,0,1,#,0.053,#,0.053,0,1,#,1.7,#,1.7
2009,0330370,03,620,01,0,1,#,0.068,#,0.068,0,1,#,3.7,#,3.7
2009,0410010,04,001,01,0,2,#,0.058,#,0.055,0,1,#,0.23,#,0.23
2009,0410050,04,002,01,0,1,#,0.068,#,0.068,0,1,#,0.61,#,0.61
2009,0410090,04,002,54,0,2,#,0.059,#,0.059,0,1,#,0.85,#,0.85
2009,0411510,04,003,01,0,2,#,0.28,#,0.28,0,1,#,1.4,#,1.4
2009,0410150,04,004,01,0,1,#,0.47,#,0.47,0,1,#,0.48,#,0.48
2009,0410180,04,005,01,0,1,#,0.089,#,0.089,0,0,#,0,#,0
2009,0410190,04,006,01,0,1,#,0.92,#,0.92,0,1,#,5.2,#,5.2
2009,0410250,04,010,01,0,1,#,0.072,#,0.072,0,1,#,2,#,2
2009,0411880,04,010,53,0,1,#,0.075,#,0.075,0,1,#,0.78,#,0.78
2009,0410530,04,017,01,0,1,#,0.35,#,0.35,0,1,#,0.74,#,0.74
2009,0410620,04,021,01,0,1,#,0.22,#,0.22,0,1,#,0.53,#,0.53
2009,0410670,04,023,01,0,1,#,0.16,#,0.16,0,1,#,9,#,9
2009,0410750,04,026,01,0,1,#,0.098,#,0.098,0,1,#,0.33,#,0.33
2009,0410770,04,027,01,0,2,#,0.1,#,0.082,0,1,#,0.67,#,0.67
2009,0411860,04,027,61,0,2,#,0.067,#,0.062,0,1,#,0.42,#,0.42
2009,0410800,04,028,01,0,2,#,0.097,#,0.082,0,1,#,3.1,#,3.1
2009,0410930,04,030,04,0,2,#,0.057,#,0.054,0,1,#,0.22,#,0.22
2009,0410970,04,031,01,0,2,#,0.07,#,0.064,0,1,#,2.7,#,2.7
2009,0411000,04,032,01,0,1,#,0.074,#,0.074,0,1,#,1.2,#,1.2
2009,0411010,04,032,51,0,1,#,0.069,#,0.069,0,1,#,0.25,#,0.25
2009,0411070,04,036,01,0,1,#,0.3,#,0.3,0,1,#,11,#,11
2009,0411080,04,037,01,0,1,#,0.072,#,0.072,0,0,#,0,#,0
2009,0411130,04,038,01,0,1,#,0.072,#,0.072,0,1,#,0.59,#,0.59
2009,0411150,04,038,53,0,1,#,0.07,#,0.07,0,1,#,0.45,#,0.45
2009,0411240,04,043,02,0,1,#,0.53,#,0.53,0,1,#,1.8,#,1.8
2009,0411280,04,045,01,0,1,#,0.064,#,0.064,0,0,#,0,#,0
2009,0411300,04,047,01,0,1,#,0.064,#,0.064,0,0,#,0,#,0
2009,0411310,04,048,01,0,1,#,0.14,#,0.14,0,0,#,0,#,0
2009,0411320,04,049,01,1,1,#,1.9,#,1.9,0,1,#,13,#,13
2009,0411360,04,052,01,0,1,#,0.066,#,0.066,0,0,#,0,#,0
2009,0411490,04,056,01,0,2,#,0.056,#,0.054,0,1,#,0.59,#,0.59
2009,0411470,04,059,01,0,1,#,0.085,#,0.085,0,0,#,0,#,0
2009,0412100,04,219,01,0,2,#,0.062,#,0.061,0,1,#,2.4,#,2.4
2009,0420190,04,507,01,0,2,#,0.063,#,0.058,0,1,#,3,#,3
2009,0420220,04,508,01,1,1,#,3.1,#,3.1,0,1,#,18,#,18
2009,0420230,04,509,01,0,1,#,0.089,#,0.089,0,0,#,0,#,0
2009,0420240,04,510,01,0,2,#,0.06,#,0.059,0,1,#,8.9,#,8.9
2009,0430380,04,610,01,0,1,#,0.06,#,0.06,0,1,#,13,#,13
2009,0430440,04,611,01,0,1,#,0.05,#,0.05,0,1,#,3.3,#,3.3
2009,0430450,04,611,02,0,1,#,0.055,#,0.055,0,1,#,11,#,11
2009,0430520,04,612,03,0,1,#,0.049,#,0.049,0,1,#,9.2,#,9.2
2009,0430680,04,613,01,0,1,#,0.07,#,0.07,0,0,#,0,#,0
2009,0431280,04,625,08,0,1,#,0.065,#,0.065,0,0,#,0,#,0
2009,0431300,04,625,10,0,1,#,0.063,#,0.063,0,0,#,0,#,0
2009,0510020,05,002,01,0,1,#,0.14,#,0.14,0,0,#,0,#,0
2009,0510070,05,003,06,0,1,#,0.069,#,0.069,0,1,#,0.3,#,0.3
2009,0510190,05,007,01,0,1,#,0.059,#,0.059,0,0,#,0,#,0
2009,0510310,05,021,01,0,1,#,0.06,#,0.06,0,1,#,0.21,#,0.21
2009,0510350,05,026,01,0,1,#,0.12,#,0.12,0,0,#,0,#,0
2009,0510530,05,053,09,0,1,#,0.098,#,0.098,0,1,#,7.1,#,7.1
2009,0510670,05,058,01,0,1,#,0.11,#,0.11,0,1,#,0.21,#,0.21
2009,0510760,05,066,01,0,1,#,0.39,#,0.39,0,1,#,0.45,#,0.45
2009,0511060,05,090,01,0,1,#,0.078,#,0.078,0,1,#,3.6,#,3.6
2009,0511090,05,095,01,0,1,#,0.083,#,0.083,0,0,#,0,#,0
2009,0511180,05,100,01,0,1,#,0.14,#,0.14,0,1,#,0.36,#,0.36
2009,0511270,05,104,02,0,1,#,0.059,#,0.059,0,0,#,0,#,0
2009,0513860,05,105,04,0,1,#,0.32,#,0.32,0,1,#,2.3,#,2.3
2009,0511360,05,109,01,0,1,#,0.28,#,0.28,0,1,#,1.7,#,1.7
2009,0511390,05,110,01,0,1,#,0.46,#,0.46,0,1,#,0.79,#,0.79
2009,0511600,05,129,01,0,1,#,0.069,#,0.069,0,1,#,0.21,#,0.21
2009,0513830,05,158,01,0,1,#,0.044,#,0.044,0,1,#,0.42,#,0.42
2009,0520010,05,501,01,0,1,#,0.042,#,0.042,0,1,#,8,#,8
2009,0520060,05,501,57,0,1,#,0.056,#,0.056,0,0,#,0,#,0
2009,0520140,05,502,01,0,1,#,0.059,#,0.059,0,0,#,0,#,0
2009,0520400,05,503,07,0,1,#,0.42,#,0.42,0,1,#,4.1,#,4.1
2009,0530540,05,608,01,0,1,#,0.059,#,0.059,0,0,#,0,#,0
2009,0530560,05,609,01,0,1,#,0.067,#,0.067,0,1,#,0.29,#,0.29
2009,0530620,05,610,02,0,1,#,0.061,#,0.061,0,0,#,0,#,0
2009,0530780,05,611,02,0,1,#,0.057,#,0.057,0,1,#,0.49,#,0.49
2009,0530570,05,612,01,0,1,#,0.057,#,0.057,0,0,#,0,#,0
2009,0530270,05,619,01,0,1,#,0.048,#,0.048,0,1,#,9,#,9
2009,0610040,06,002,02,0,1,#,0.078,#,0.078,0,1,#,0.3,#,0.3
2009,0610140,06,003,53,0,1,#,0.13,#,0.13,0,1,#,2.1,#,2.1
2009,0610190,06,005,01,0,1,#,0.042,#,0.042,0,1,#,0.82,#,0.82
2009,0610200,06,006,01,0,1,#,0.09,#,0.09,0,1,#,1,#,1
2009,0610310,06,013,01,0,1,#,0.46,#,0.46,0,1,#,1.3,#,1.3
2009,0610350,06,014,01,0,1,#,0.069,#,0.069,0,1,#,2.8,#,2.8
2009,0611190,06,014,53,0,1,#,0.07,#,0.07,0,1,#,0.37,#,0.37
2009,0610400,06,015,01,0,2,#,0.49,#,0.46,0,1,#,1,#,1
2009,0610480,06,022,01,0,1,#,0.043,#,0.043,0,1,#,8.9,#,8.9
2009,0610510,06,024,01,0,1,#,0.18,#,0.18,0,1,#,3.4,#,3.4
2009,0610810,06,043,01,0,1,#,0.29,#,0.29,0,1,#,0.69,#,0.69
2009,0610700,06,214,01,0,1,#,0.27,#,0.27,0,1,#,1.1,#,1.1
2009,0620010,06,401,01,0,1,#,0.072,#,0.072,0,1,#,3.9,#,3.9
2009,0620080,06,406,01,0,1,#,0.03,#,0.03,0,1,#,2.9,#,2.9
2009,0620100,06,408,51,0,1,#,0.068,#,0.068,0,1,#,4.3,#,4.3
2009,0630090,06,604,52,0,1,#,0.057,#,0.057,0,1,#,5.2,#,5.2
2009,0630130,06,701,01,0,1,#,0.023,#,0.023,0,1,#,0.19,#,0.19
2009,0710090,07,003,52,0,1,#,0.07,#,0.07,0,1,#,0.24,#,0.24
2009,0710100,07,004,01,0,1,#,0.083,#,0.083,0,1,#,0.073,#,0.073
2009,0710130,07,005,01,0,1,#,0.068,#,0.068,0,1,#,0.53,#,0.53
2009,0710220,07,007,01,0,1,#,0.055,#,0.055,0,1,#,7.5,#,7.5
2009,0710250,07,009,01,0,1,#,0.11,#,0.11,0,1,#,0.56,#,0.56
2009,0710310,07,012,02,0,2,#,0.78,#,0.43,0,1,#,2.8,#,2.8
2009,0710340,07,013,02,0,1,#,0.085,#,0.085,0,1,#,4,#,4
2009,0710390,07,016,01,0,1,#,0.13,#,0.13,0,1,#,0.085,#,0.085
2009,0711880,07,017,51,0,2,#,0.14,#,0.1,0,2,#,0.22,#,0.22
2009,0712150,07,017,52,0,1,#,0.15,#,0.15,0,1,#,0.059,#,0.059
2009,0710430,07,018,01,0,2,#,0.32,#,0.24,0,1,#,0.29,#,0.29
2009,0710450,07,020,01,0,2,#,0.4,#,0.24,0,1,#,1.1,#,1.1
2009,0710470,07,021,02,0,2,#,0.97,#,0.64,0,1,#,5.6,#,5.6
2009,0710480,07,022,01,0,1,#,0.099,#,0.099,0,1,#,0.07,#,0.07
2009,0710500,07,023,02,0,1,#,0.099,#,0.099,0,1,#,0.074,#,0.074
2009,0710550,07,025,01,0,1,#,0.18,#,0.18,0,1,#,0.089,#,0.089
2009,0710590,07,027,01,0,4,#,0.17,#,0.097,0,2,#,4.2,#,2.4
2009,0710660,07,030,01,0,4,#,0.33,#,0.25,0,2,#,6.3,#,4.8
2009,0710670,07,031,01,0,1,#,0.35,#,0.35,0,1,#,0.081,#,0.081
2009,0710720,07,033,01,0,1,#,0.068,#,0.068,0,1,#,0.22,#,0.22
2009,0712020,07,034,51,0,1,#,0.032,#,0.032,0,1,#,0.06,#,0.06
2009,0712000,07,035,52,0,1,#,0.039,#,0.039,0,1,#,0.075,#,0.075
2009,0711390,07,037,51,0,1,#,0.16,#,0.16,0,1,#,3,#,3
2009,0710810,07,038,01,0,2,#,0.36,#,0.26,0,1,#,3.5,#,3.5
2009,0710930,07,047,01,0,1,#,0.55,#,0.55,0,1,#,0.3,#,0.3
2009,0710970,07,052,01,0,1,#,0.81,#,0.81,0,1,#,0.39,#,0.39
2009,0710980,07,054,01,0,1,#,0.11,#,0.11,0,1,#,0.093,#,0.093
2009,0711100,07,214,01,0,1,#,0.6,#,0.6,0,1,#,0.71,#,0.71
2009,0712210,07,216,02,0,1,#,0.071,#,0.071,0,1,#,0.15,#,0.15
2009,0711140,07,218,01,0,1,#,0.099,#,0.099,0,1,#,0.37,#,0.37
2009,0712190,07,222,01,0,1,#,0.044,#,0.044,0,1,#,0.21,#,0.21
2009,0711250,07,229,01,0,1,#,0.051,#,0.051,0,1,#,0.3,#,0.3
2009,0730010,07,601,01,0,1,#,0.065,#,0.065,0,1,#,5.5,#,5.5
2009,0730050,07,602,02,0,1,#,0.066,#,0.066,0,1,#,0.51,#,0.51
2009,0730170,07,603,02,0,1,#,0.13,#,0.13,0,1,#,6.1,#,6.1
2009,0730240,07,605,03,0,1,#,0.063,#,0.063,0,1,#,0.23,#,0.23
2009,0810010,08,001,01,0,1,#,0.09,#,0.09,0,1,#,0.22,#,0.22
2009,0810440,08,039,02,0,1,#,0.076,#,0.076,0,1,#,0.23,#,0.23
2009,0810500,08,041,02,0,1,#,0.2,#,0.2,0,1,#,14,#,14
2009,0810570,08,042,01,0,1,#,0.14,#,0.14,0,1,#,0.24,#,0.24
2009,0810590,08,044,01,0,1,#,0.077,#,0.077,0,1,#,0.21,#,0.21
2009,0810620,08,045,01,0,1,#,0.14,#,0.14,0,1,#,1.1,#,1.1
2009,0810650,08,046,01,0,1,#,0.22,#,0.22,0,1,#,1.2,#,1.2
2009,0810770,08,052,01,0,1,#,0.22,#,0.22,0,1,#,0.66,#,0.66
2009,0810780,08,053,01,0,1,#,0.25,#,0.25,0,1,#,1.2,#,1.2
2009,0812090,08,055,02,0,1,#,0.36,#,0.36,0,1,#,1.6,#,1.6
2009,0810850,08,058,01,1,2,#,1.1,#,0.84,0,1,#,1.3,#,1.3
2009,0811950,08,059,02,0,2,#,0.35,#,0.21,0,1,#,1.4,#,1.4
2009,0810900,08,061,01,0,1,#,0.53,#,0.53,0,1,#,2.1,#,2.1
2009,0812100,08,066,02,1,2,#,1.1,#,0.98,0,1,#,0.96,#,0.96
2009,0811040,08,071,01,0,1,#,0.28,#,0.28,0,1,#,0.17,#,0.17
2009,0811920,08,075,02,0,1,#,0.33,#,0.33,0,1,#,1.3,#,1.3
2009,0811940,08,078,02,0,1,#,0.36,#,0.36,0,1,#,0.29,#,0.29
2009,0811140,08,080,01,0,1,#,0.16,#,0.16,0,1,#,0.9,#,0.9
2009,0811160,08,082,01,0,1,#,0.21,#,0.21,0,1,#,4.3,#,4.3
2009,0811180,08,083,02,0,1,#,0.084,#,0.084,0,1,#,0.22,#,0.22
2009,0811200,08,084,01,1,2,#,1.2,#,0.82,0,1,#,7.6,#,7.6
2009,0811230,08,086,01,0,1,#,0.09,#,0.09,0,1,#,0.23,#,0.23
2009,0811270,08,089,01,0,1,#,0.078,#,0.078,0,1,#,0.43,#,0.43
2009,0811300,08,092,01,0,1,#,0.11,#,0.11,0,1,#,0.69,#,0.69
2009,0811340,08,094,01,0,1,#,0.067,#,0.067,0,1,#,0.53,#,0.53
2009,0811360,08,095,02,0,2,#,0.77,#,0.77,0,1,#,2,#,2
2009,0811400,08,098,01,1,2,#,1.9,#,1.2,0,1,#,2.9,#,2.9
2009,0811430,08,099,01,1,2,#,4.6,#,2.8,0,1,#,7.4,#,7.4
2009,0811440,08,100,01,1,2,#,1.4,#,1.2,0,1,#,4.7,#,4.7
2009,0811480,08,103,01,0,1,#,0.61,#,0.61,0,1,#,1.9,#,1.9
2009,0811500,08,104,02,0,4,#,0.49,#,0.4,0,1,#,0.33,#,0.33
2009,0811590,08,107,01,0,1,#,0.14,#,0.14,0,1,#,22,#,22
2009,0811610,08,109,01,0,2,#,0.63,#,0.57,0,1,#,36,#,36
2009,0811620,08,110,01,0,1,#,0.58,#,0.58,0,1,#,2.6,#,2.6
2009,0811630,08,111,01,0,2,#,1,#,0.81,0,1,#,45,#,45
2009,0810170,08,116,01,0,1,#,0.27,#,0.27,0,1,#,0.88,#,0.88
2009,0812060,08,121,01,0,1,#,0.17,#,0.17,0,1,#,0.26,#,0.26
2009,0810320,08,125,01,0,1,#,0.13,#,0.13,0,1,#,0.16,#,0.16
2009,0820030,08,501,03,0,1,#,0.24,#,0.24,0,1,#,16,#,16
2009,0820140,08,502,01,0,1,#,0.23,#,0.23,0,1,#,24,#,24
2009,0820190,08,503,01,0,1,#,0.25,#,0.25,0,1,#,0.29,#,0.29
2009,0830010,08,601,01,0,1,#,0.043,#,0.043,0,1,#,2.3,#,2.3
2009,0830200,08,614,01,0,1,#,0.057,#,0.057,0,1,#,4.4,#,4.4
2009,0830240,08,618,01,0,1,#,0.043,#,0.043,0,1,#,0.14,#,0.14
2009,0910010,09,001,01,0,1,#,0.04,#,0.04,0,1,#,0.12,#,0.12
2009,0911470,09,004,90,0,1,#,0.073,#,0.073,0,1,#,0.24,#,0.24
2009,0910180,09,007,01,0,1,#,0.14,#,0.14,0,1,#,0.24,#,0.24
2009,0911500,09,007,59,0,1,#,0.13,#,0.13,0,1,#,5.8,#,5.8
2009,0910700,09,060,01,0,1,#,0.045,#,0.045,0,0,#,0,#,0
2009,0911060,09,063,01,0,1,#,0.044,#,0.044,0,1,#,0.13,#,0.13
2009,0910830,09,069,01,0,1,#,0.081,#,0.081,0,0,#,0,#,0
2009,0910850,09,070,01,0,1,#,0.11,#,0.11,0,1,#,0.24,#,0.24
2009,0910920,09,073,01,0,1,#,0.039,#,0.039,0,0,#,0,#,0
2009,0910930,09,074,01,0,1,#,0.039,#,0.039,0,1,#,0.12,#,0.12
2009,0910230,09,077,01,0,0,#,0,#,0,0,1,#,0.34,#,0.34
2009,0911230,09,078,01,0,1,#,0.39,#,0.39,0,0,#,0,#,0
2009,0910240,09,079,01,0,1,#,0.72,#,0.72,0,1,#,1.2,#,1.2
2009,0910300,09,081,01,0,1,#,0.24,#,0.24,0,0,#,0,#,0
2009,0910350,09,081,51,0,1,#,0.086,#,0.086,0,1,#,0.26,#,0.26
2009,0910340,09,082,01,0,1,#,0.28,#,0.28,0,1,#,1.8,#,1.8
2009,0910890,09,087,01,0,1,#,0.18,#,0.18,0,0,#,0,#,0
2009,0910970,09,088,01,0,1,#,1,#,1,0,0,#,0,#,0
2009,0910980,09,089,01,0,1,#,0.51,#,0.51,0,1,#,2,#,2
2009,0910990,09,090,01,0,1,#,0.038,#,0.038,0,1,#,0.17,#,0.17
2009,0911250,09,091,01,0,1,#,0.076,#,0.076,0,1,#,0.36,#,0.36
2009,0910400,09,092,01,0,1,#,0.15,#,0.15,0,0,#,0,#,0
2009,0910420,09,093,01,0,1,#,0.13,#,0.13,0,1,#,0.22,#,0.22
2009,0910410,09,094,01,0,1,#,0.11,#,0.11,0,0,#,0,#,0
2009,0910440,09,095,01,0,1,#,0.17,#,0.17,0,1,#,0.83,#,0.83
2009,0910430,09,096,01,0,1,#,0.15,#,0.15,0,0,#,0,#,0
2009,0911000,09,099,01,0,1,#,0.29,#,0.29,0,0,#,0,#,0
2009,0911010,09,100,01,0,1,#,0.84,#,0.84,0,1,#,41,#,41
2009,0910460,09,102,01,0,1,#,0.041,#,0.041,0,1,#,0.14,#,0.14
2009,0911270,09,102,02,0,1,#,0.079,#,0.079,0,0,#,0,#,0
2009,0910490,09,104,01,0,1,#,0.95,#,0.95,0,0,#,0,#,0
2009,0910520,09,105,01,0,1,#,0.4,#,0.4,0,1,#,4.6,#,4.6
2009,0910500,09,107,01,0,1,#,0.058,#,0.058,0,1,#,0.17,#,0.17
2009,0911280,09,107,02,0,1,#,0.046,#,0.046,0,0,#,0,#,0
2009,0910510,09,108,01,0,1,#,0.22,#,0.22,0,0,#,0,#,0
2009,0910670,09,110,01,0,1,#,0.1,#,0.1,0,0,#,0,#,0
2009,0910600,09,113,01,0,1,#,0.19,#,0.19,0,1,#,0.17,#,0.17
2009,0910650,09,113,52,0,1,#,0.054,#,0.054,0,1,#,0.66,#,0.66
2009,0911190,09,115,01,0,1,#,0.58,#,0.58,0,1,#,1.7,#,1.7
2009,0920010,09,541,01,0,1,#,0.067,#,0.067,0,1,#,0.97,#,0.97
2009,1010240,10,004,59,0,2,#,0.23,#,0.15,0,1,#,1.1,#,1.1
2009,1012260,10,006,55,0,2,#,0.11,#,0.084,0,0,#,0,#,0
2009,1010500,10,011,01,0,1,#,0.12,#,0.12,0,1,#,1.6,#,1.6
2009,1010630,10,015,01,0,1,#,0.027,#,0.027,0,1,#,0.22,#,0.22
2009,1010650,10,016,01,0,1,#,0.016,#,0.016,0,1,#,0.11,#,0.11
2009,1010820,10,020,57,0,2,#,0.17,#,0.13,0,0,#,0,#,0
2009,1011000,10,023,01,0,1,#,0.025,#,0.025,0,1,#,0.33,#,0.33
2009,1011230,10,031,01,0,1,#,0.071,#,0.071,0,1,#,0.91,#,0.91
2009,1011410,10,203,02,0,2,#,0.11,#,0.079,0,0,#,0,#,0
2009,1011440,10,204,02,0,2,#,0.13,#,0.11,0,0,#,0,#,0
2009,1012140,10,251,01,0,1,#,0.067,#,0.067,0,1,#,0.61,#,0.61
2009,1013050,10,291,01,0,2,#,0.43,#,0.27,0,1,#,0.91,#,0.91
2009,1013060,10,292,01,0,2,#,0.069,#,0.06,0,1,#,0.94,#,0.94
2009,1020140,10,502,01,0,1,#,0.017,#,0.017,0,1,#,39,#,39
2009,1020210,10,506,01,0,1,#,0.067,#,0.067,0,1,#,5.6,#,5.6
2009,1110050,11,002,51,0,4,#,0.92,#,0.61,0,1,#,0.96,#,0.96
2009,1110100,11,003,01,1,2,#,1.1,#,0.6,0,1,#,6.1,#,6.1
2009,1110110,11,003,51,2,4,#,2.1,#,1.2,0,0,#,0,#,0
2009,1111080,11,003,52,1,4,#,2.5,#,1,0,1,#,2.9,#,2.9
2009,1111130,11,003,53,1,3,#,3.5,#,1.4,0,0,#,0,#,0
2009,1111140,11,003,54,0,1,#,0.46,#,0.46,0,1,#,4.4,#,4.4
2009,1111150,11,003,55,0,1,#,0.75,#,0.75,0,0,#,0,#,0
2009,1111180,11,003,56,1,4,#,1.6,#,0.65,0,1,#,6.5,#,6.5
2009,1110120,11,004,01,3,4,#,2.4,#,1.5,0,1,#,2.2,#,2.2
2009,1110130,11,004,51,2,4,#,1.6,#,1.1,0,0,#,0,#,0
2009,1110180,11,005,03,0,1,#,0.29,#,0.29,0,1,#,5,#,5
2009,1110260,11,008,03,0,1,#,0.09,#,0.09,0,1,#,0.22,#,0.22
2009,1110300,11,010,01,0,1,#,0.13,#,0.13,0,1,#,0.28,#,0.28
2009,1110310,11,011,01,0,1,#,0.072,#,0.072,0,0,#,0,#,0
2009,1110330,11,013,01,0,1,#,0.34,#,0.34,0,1,#,4,#,4
2009,1110340,11,013,02,0,1,#,0.12,#,0.12,0,1,#,2.6,#,2.6
2009,1110350,11,013,51,0,1,#,0.22,#,0.22,0,1,#,2.1,#,2.1
2009,1110390,11,016,01,0,1,#,0.06,#,0.06,0,1,#,20,#,20
2009,1111070,11,016,52,0,1,#,0.076,#,0.076,0,1,#,0.89,#,0.89
2009,1110410,11,017,01,0,1,#,0.077,#,0.077,0,1,#,0.77,#,0.77
2009,1111060,11,017,52,0,1,#,0.1,#,0.1,0,1,#,5.8,#,5.8
2009,1110430,11,018,01,0,2,#,0.47,#,0.26,0,1,#,0.57,#,0.57
2009,1110440,11,018,51,0,2,#,0.52,#,0.36,0,1,#,10,#,10
2009,1110460,11,019,01,0,2,#,0.66,#,0.43,0,1,#,6.4,#,6.4
2009,1110490,11,019,03,0,2,#,0.76,#,0.64,0,1,#,4.7,#,4.7
2009,1110480,11,019,51,0,2,#,0.48,#,0.36,0,1,#,1.7,#,1.7
2009,1110570,11,021,53,0,1,#,0.069,#,0.069,0,1,#,0.3,#,0.3
2009,1110610,11,024,01,0,1,#,0.043,#,0.043,0,1,#,0.78,#,0.78
2009,1110680,11,030,01,0,1,#,0.35,#,0.35,0,1,#,1.8,#,1.8
2009,1110700,11,032,01,0,1,#,0.41,#,0.41,0,1,#,2.1,#,2.1
2009,1110720,11,033,01,0,1,#,0.3,#,0.3,0,1,#,2.3,#,2.3
2009,1110740,11,034,01,1,4,#,1.1,#,0.56,0,1,#,4.6,#,4.6
2009,1110750,11,035,01,0,1,#,0.018,#,0.018,0,1,#,0.13,#,0.13
2009,1111020,11,038,01,0,1,#,0.016,#,0.016,0,1,#,0.1,#,0.1
2009,1110890,11,042,01,0,1,#,0.071,#,0.071,0,1,#,0.91,#,0.91
2009,1110970,11,046,01,1,4,#,1.1,#,0.64,0,1,#,67,#,67
2009,1111090,11,046,02,1,4,#,1.8,#,0.99,0,1,#,83,#,83
2009,1111100,11,046,03,1,4,#,1.2,#,0.89,0,1,#,12,#,12
2009,1110960,11,205,01,0,4,#,0.56,#,0.49,0,1,#,140,#,140
2009,1210060,12,002,01,0,1,#,0.15,#,0.15,0,1,#,11,#,11
2009,1210100,12,004,01,0,2,#,0.39,#,0.28,0,1,#,0.62,#,0.62
2009,1210110,12,005,02,0,1,#,0.023,#,0.023,0,1,#,0.31,#,0.31
2009,1210120,12,006,01,0,1,#,0.15,#,0.15,0,1,#,0.13,#,0.13
2009,1210130,12,007,01,0,1,#,0.22,#,0.22,0,1,#,0.13,#,0.13
2009,1210150,12,008,02,0,1,#,0.2,#,0.2,0,1,#,14,#,14
2009,1211320,12,010,02,0,2,#,0.29,#,0.27,0,1,#,4.3,#,4.3
2009,1210250,12,011,01,0,2,#,0.17,#,0.15,0,0,#,0,#,0
2009,1210260,12,011,02,0,2,#,0.14,#,0.12,0,0,#,0,#,0
2009,1210280,12,012,01,0,2,#,0.24,#,0.2,0,0,#,0,#,0
2009,1210300,12,013,01,0,2,#,0.45,#,0.42,0,0,#,0,#,0
2009,1210310,12,013,51,0,1,#,0.23,#,0.23,0,0,#,0,#,0
2009,1210320,12,013,52,0,2,#,0.68,#,0.43,0,0,#,0,#,0
2009,1210350,12,014,01,0,2,#,0.73,#,0.4,0,0,#,0,#,0
2009,1210360,12,014,51,0,2,#,0.25,#,0.2,0,0,#,0,#,0
2009,1210370,12,015,01,0,2,#,0.36,#,0.26,0,0,#,0,#,0
2009,1210380,12,016,01,0,2,#,1,#,0.68,0,0,#,0,#,0
2009,1210390,12,016,51,1,2,#,1.1,#,0.65,0,0,#,0,#,0
2009,1210410,12,017,01,0,2,#,0.4,#,0.32,0,0,#,0,#,0
2009,1210420,12,018,01,0,2,#,0.79,#,0.6,0,0,#,0,#,0
2009,1210440,12,019,01,0,2,#,0.38,#,0.34,0,0,#,0,#,0
2009,1211250,12,020,51,0,2,#,0.26,#,0.25,0,0,#,0,#,0
2009,1210460,12,021,01,0,2,#,0.59,#,0.38,0,0,#,0,#,0
2009,1210470,12,022,01,0,2,#,0.23,#,0.21,0,0,#,0,#,0
2009,1210480,12,023,01,0,2,#,0.3,#,0.21,0,0,#,0,#,0
2009,1210500,12,024,01,0,2,#,0.65,#,0.42,0,0,#,0,#,0
2009,1210510,12,025,01,0,2,#,0.4,#,0.31,0,0,#,0,#,0
2009,1210530,12,026,01,0,2,#,0.62,#,0.49,0,1,#,2,#,2
2009,1210540,12,027,01,0,2,#,0.33,#,0.26,0,0,#,0,#,0
2009,1210560,12,029,01,0,2,#,0.29,#,0.25,0,1,#,0.54,#,0.54
2009,1210580,12,031,01,0,2,#,0.52,#,0.36,0,1,#,0.84,#,0.84
2009,1210650,12,035,01,0,2,#,0.19,#,0.13,0,1,#,0.5,#,0.5
2009,1210660,12,035,51,0,2,#,0.19,#,0.12,0,0,#,0,#,0
2009,1210670,12,036,01,0,2,#,0.4,#,0.36,0,0,#,0,#,0
2009,1211230,12,037,52,0,1,#,0.061,#,0.061,0,0,#,0,#,0
2009,1210710,12,038,01,0,2,#,0.15,#,0.092,0,0,#,0,#,0
2009,1210740,12,040,01,0,2,#,0.22,#,0.19,0,0,#,0,#,0
2009,1210770,12,042,01,0,2,#,0.27,#,0.18,0,1,#,0.34,#,0.34
2009,1211240,12,042,51,0,2,#,0.25,#,0.15,0,0,#,0,#,0
2009,1210790,12,044,01,0,1,#,0.12,#,0.12,0,1,#,0.27,#,0.27
2009,1210800,12,044,51,0,1,#,0.41,#,0.41,0,0,#,0,#,0
2009,1210810,12,044,53,0,1,#,0.42,#,0.42,0,0,#,0,#,0
2009,1211420,12,044,54,0,2,#,0.11,#,0.084,0,0,#,0,#,0
2009,1210820,12,045,01,0,2,#,0.07,#,0.065,0,1,#,0.72,#,0.72
2009,1210830,12,046,02,0,2,#,0.057,#,0.056,0,1,#,0.37,#,0.37
2009,1210840,12,047,01,0,2,#,0.066,#,0.06,0,1,#,2.5,#,2.5
2009,1210850,12,048,01,0,1,#,0.054,#,0.054,0,1,#,1.4,#,1.4
2009,1210860,12,049,01,0,1,#,0.19,#,0.19,0,1,#,0.37,#,0.37
2009,1211110,12,049,51,0,2,#,0.25,#,0.22,0,1,#,0.41,#,0.41
2009,1211350,12,049,52,0,2,#,0.081,#,0.07,0,0,#,0,#,0
2009,1210870,12,050,01,0,2,#,0.26,#,0.23,0,1,#,2,#,2
2009,1210880,12,051,01,0,2,#,0.48,#,0.28,0,0,#,0,#,0
2009,1210890,12,052,01,0,2,#,0.19,#,0.17,0,0,#,0,#,0
2009,1210910,12,053,01,0,2,#,0.35,#,0.2,0,1,#,1.2,#,1.2
2009,1211190,12,054,02,0,2,#,0.084,#,0.069,0,1,#,1.2,#,1.2
2009,1210950,12,055,01,0,2,#,0.47,#,0.3,0,1,#,2.5,#,2.5
2009,1210960,12,056,01,1,2,#,1.2,#,0.7,0,0,#,0,#,0
2009,1210980,12,057,01,0,2,#,0.69,#,0.46,0,0,#,0,#,0
2009,1211000,12,058,01,0,2,#,0.77,#,0.46,0,0,#,0,#,0
2009,1211120,12,059,01,0,1,#,0.14,#,0.14,0,1,#,1.4,#,1.4
2009,1211170,12,060,01,0,2,#,0.46,#,0.37,0,1,#,4.4,#,4.4
2009,1211180,12,061,01,0,1,#,0.27,#,0.27,0,1,#,0.56,#,0.56
2009,1211210,12,062,01,0,2,#,0.41,#,0.37,0,1,#,0.22,#,0.22
2009,1211220,12,063,01,0,2,#,1,#,0.64,0,0,#,0,#,0
2009,1210400,12,063,51,0,2,#,0.54,#,0.41,0,0,#,0,#,0
2009,1211050,12,064,01,0,2,#,0.28,#,0.26,0,0,#,0,#,0
2009,1211290,12,067,01,0,1,#,0.18,#,0.18,0,1,#,2.6,#,2.6
2009,1211300,12,069,01,0,1,#,0.062,#,0.062,0,1,#,0.37,#,0.37
2009,1211030,12,207,01,0,2,#,0.48,#,0.41,0,0,#,0,#,0
2009,1211040,12,208,01,0,2,#,0.73,#,0.66,0,1,#,1.4,#,1.4
2009,1211100,12,213,02,0,2,#,0.12,#,0.092,0,0,#,0,#,0
2009,1211160,12,216,01,1,2,#,1.1,#,0.57,0,1,#,7.3,#,7.3
2009,1210330,12,218,01,0,2,#,0.64,#,0.45,0,0,#,0,#,0
2009,1220010,12,501,01,0,2,#,0.6,#,0.56,0,0,#,0,#,0
2009,1220020,12,501,51,0,2,#,0.52,#,0.36,0,0,#,0,#,0
2009,1220030,12,501,52,0,2,#,0.6,#,0.54,0,0,#,0,#,0
2009,1220040,12,501,53,0,2,#,0.49,#,0.49,0,1,#,13,#,13
2009,1220050,12,502,01,0,2,#,0.72,#,0.53,0,0,#,0,#,0
2009,1220060,12,502,51,0,1,#,0.38,#,0.38,0,0,#,0,#,0
2009,1220080,12,502,53,2,2,#,2.1,#,2,0,1,#,12,#,12
2009,1220090,12,503,01,0,1,#,0.13,#,0.13,0,1,#,5.5,#,5.5
2009,1220130,12,504,01,0,2,#,0.056,#,0.041,0,0,#,0,#,0
2009,1220140,12,504,51,0,1,#,0.017,#,0.017,0,0,#,0,#,0
2009,1220150,12,504,52,0,2,#,0.062,#,0.053,0,0,#,0,#,0
2009,1230010,12,601,01,0,1,#,0.02,#,0.02,0,0,#,0,#,0
2009,1230040,12,601,51,0,1,#,0.077,#,0.077,0,1,#,17,#,17
2009,1230050,12,601,52,0,1,#,0.076,#,0.076,0,1,#,63,#,63
2009,1230060,12,601,53,0,1,#,0.054,#,0.054,0,1,#,80,#,80
2009,1230800,12,601,54,0,1,#,0.052,#,0.052,0,1,#,1.4,#,1.4
2009,1230170,12,602,03,0,1,#,0.017,#,0.017,0,0,#,0,#,0
2009,1230810,12,602,51,0,0,#,0,#,0,0,1,#,3.9,#,3.9
2009,1230240,12,605,01,0,1,#,0.079,#,0.079,0,1,#,13,#,13
2009,1230260,12,606,01,0,1,#,0.049,#,0.049,0,1,#,8.1,#,8.1
2009,1230300,12,607,02,0,1,#,0.018,#,0.018,0,0,#,0,#,0
2009,1230410,12,609,02,0,1,#,0.018,#,0.018,0,0,#,0,#,0
2009,1230510,12,611,02,0,1,#,0.016,#,0.016,0,1,#,0.38,#,0.38
2009,1230580,12,611,57,0,1,#,0.02,#,0.02,0,0,#,0,#,0
2009,1230710,12,701,04,0,1,#,0.023,#,0.023,0,0,#,0,#,0
2009,1230720,12,701,05,0,1,#,0.023,#,0.023,0,0,#,0,#,0
2009,1310020,13,001,51,0,2,#,0.19,#,0.14,0,1,#,1.9,#,1.9
2009,1310030,13,002,01,0,1,#,0.15,#,0.15,0,1,#,11,#,11
2009,1310060,13,003,01,0,2,#,0.39,#,0.28,0,1,#,0.62,#,0.62
2009,1310090,13,004,01,1,4,#,1.2,#,0.86,0,1,#,1.9,#,1.9
2009,1310110,13,004,51,2,4,#,1.2,#,0.91,0,0,#,0,#,0
2009,1310130,13,004,53,1,4,#,1.6,#,0.84,0,1,#,1.8,#,1.8
2009,1310140,13,005,01,3,4,#,2.4,#,1.5,0,1,#,2.2,#,2.2
2009,1310180,13,006,01,0,4,#,0.46,#,0.38,0,0,#,0,#,0
2009,1310230,13,007,01,0,2,#,0.5,#,0.29,0,1,#,5.4,#,5.4
2009,1310240,13,007,02,1,4,#,1.7,#,0.94,0,1,#,11,#,11
2009,1310290,13,008,01,0,2,#,0.62,#,0.35,0,1,#,18,#,18
2009,1310300,13,009,01,0,2,#,0.071,#,0.068,0,1,#,18,#,18
2009,1310310,13,010,01,0,2,#,0.14,#,0.11,0,1,#,10,#,10
2009,1310320,13,011,01,0,2,#,0.59,#,0.35,0,1,#,25,#,25
2009,1310330,13,012,01,0,2,#,0.17,#,0.13,0,1,#,1.5,#,1.5
2009,1310370,13,014,01,0,1,#,0.067,#,0.067,0,1,#,0.27,#,0.27
2009,1310420,13,015,02,0,1,#,0.07,#,0.07,0,1,#,0.39,#,0.39
2009,1310550,13,017,01,0,4,#,0.41,#,0.28,0,1,#,0.53,#,0.53
2009,1310580,13,018,01,0,2,#,0.14,#,0.11,0,1,#,3,#,3
2009,1310600,13,019,01,0,4,#,0.34,#,0.17,0,1,#,0.75,#,0.75
2009,1310630,13,020,01,0,2,#,0.37,#,0.24,0,1,#,24,#,24
2009,1310660,13,021,01,0,2,#,0.083,#,0.077,0,1,#,1.9,#,1.9
2009,1310690,13,023,01,0,2,#,0.078,#,0.075,0,1,#,0.81,#,0.81
2009,1310730,13,025,01,0,2,#,0.069,#,0.067,0,1,#,0.55,#,0.55
2009,1310740,13,026,01,0,1,#,0.068,#,0.068,0,1,#,0.34,#,0.34
2009,1310780,13,027,01,0,2,#,0.065,#,0.064,0,1,#,1.1,#,1.1
2009,1310800,13,029,01,0,2,#,0.13,#,0.11,0,1,#,1.3,#,1.3
2009,1310820,13,030,51,0,2,#,0.17,#,0.16,0,1,#,1.1,#,1.1
2009,1310830,13,031,01,0,2,#,0.12,#,0.1,0,1,#,0.48,#,0.48
2009,1310880,13,035,01,0,2,#,0.095,#,0.094,0,1,#,0.51,#,0.51
2009,1310960,13,038,01,0,2,#,0.067,#,0.066,0,1,#,0.5,#,0.5
2009,1310970,13,039,51,0,4,#,0.92,#,0.61,0,1,#,0.96,#,0.96
2009,1311280,13,040,01,1,4,#,2.5,#,0.9,1,1,#,310,#,310
2009,1311160,13,042,01,0,2,#,0.073,#,0.069,0,1,#,0.92,#,0.92
2009,1310980,13,043,01,0,2,#,0.24,#,0.24,0,1,#,20,#,20
2009,1311000,13,044,01,1,4,#,1.3,#,0.69,0,1,#,4.2,#,4.2
2009,1311290,13,045,01,0,2,#,0.13,#,0.12,0,1,#,60,#,60
2009,1311310,13,046,01,0,2,#,0.18,#,0.14,0,1,#,30,#,30
2009,1311270,13,047,01,0,2,#,0.1,#,0.092,0,1,#,15,#,15
2009,1311300,13,048,01,0,4,#,0.51,#,0.35,1,1,#,390,#,390
2009,1311030,13,049,01,0,4,#,0.89,#,0.36,0,1,#,13,#,13
2009,1311050,13,050,01,0,2,#,0.28,#,0.23,0,1,#,18,#,18
2009,1311220,13,055,01,0,2,#,0.077,#,0.071,0,1,#,0.47,#,0.47
2009,1311170,13,056,01,0,2,#,0.063,#,0.063,0,1,#,0.21,#,0.21
2009,1311320,13,057,01,0,2,#,0.063,#,0.063,0,1,#,0.21,#,0.21
2009,1311100,13,059,01,0,2,#,0.09,#,0.078,0,1,#,0.58,#,0.58
2009,1330010,13,601,01,0,2,#,0.092,#,0.09,0,1,#,11,#,11
2009,1330020,13,601,02,0,2,#,0.15,#,0.12,0,1,#,3,#,3
2009,1330040,13,601,04,0,2,#,0.14,#,0.14,0,1,#,6.3,#,6.3
2009,1330370,13,602,01,0,2,#,0.56,#,0.38,0,1,#,18,#,18
2009,1330420,13,602,56,0,2,#,0.13,#,0.13,0,1,#,9.9,#,9.9
2009,1330440,13,603,01,0,2,#,0.2,#,0.13,0,1,#,37,#,37
2009,1330450,13,603,02,0,2,#,0.13,#,0.11,0,1,#,19,#,19
2009,1330600,13,604,01,0,2,#,0.096,#,0.087,0,1,#,34,#,34
2009,1410040,14,001,02,0,1,#,0.07,#,0.07,0,1,#,0.39,#,0.39
2009,1410140,14,004,01,0,1,#,0.081,#,0.081,0,1,#,0.74,#,0.74
2009,1410170,14,005,01,0,1,#,0.064,#,0.064,0,1,#,3.5,#,3.5
2009,1410180,14,005,51,0,1,#,0.048,#,0.048,0,1,#,0.5,#,0.5
2009,1410190,14,005,52,0,1,#,0.049,#,0.049,0,1,#,0.39,#,0.39
2009,1410200,14,005,53,0,1,#,0.078,#,0.078,0,1,#,0.56,#,0.56
2009,1410260,14,006,01,0,1,#,0.067,#,0.067,0,1,#,1.4,#,1.4
2009,1410270,14,007,01,0,1,#,0.059,#,0.059,0,1,#,1.2,#,1.2
2009,1410280,14,008,01,0,1,#,0.065,#,0.065,0,1,#,0.88,#,0.88
2009,1410290,14,009,01,0,1,#,0.061,#,0.061,0,1,#,0.6,#,0.6
2009,1410300,14,010,01,0,1,#,0.063,#,0.063,0,1,#,2.7,#,2.7
2009,1410310,14,010,51,0,2,#,0.074,#,0.06,0,1,#,0.91,#,0.91
2009,1410840,14,010,58,0,1,#,0.075,#,0.075,0,1,#,0.92,#,0.92
2009,1410380,14,011,01,0,1,#,0.32,#,0.32,0,1,#,0.86,#,0.86
2009,1410410,14,012,01,0,1,#,0.16,#,0.16,0,1,#,0.37,#,0.37
2009,1410440,14,013,01,0,1,#,0.052,#,0.052,0,1,#,0.89,#,0.89
2009,1410450,14,014,01,0,1,#,0.07,#,0.07,0,1,#,0.36,#,0.36
2009,1410460,14,015,01,0,1,#,0.061,#,0.061,0,1,#,0.41,#,0.41
2009,1410470,14,016,01,0,1,#,0.14,#,0.14,0,1,#,0.78,#,0.78
2009,1410490,14,017,01,0,1,#,0.054,#,0.054,0,1,#,0.58,#,0.58
2009,1410560,14,018,01,0,1,#,0.068,#,0.068,0,1,#,0.69,#,0.69
2009,1410580,14,019,01,0,1,#,0.052,#,0.052,0,1,#,0.69,#,0.69
2009,1410600,14,020,01,0,1,#,0.048,#,0.048,0,1,#,0.39,#,0.39
2009,1410610,14,021,01,0,1,#,0.06,#,0.06,0,1,#,0.58,#,0.58
2009,1410620,14,022,01,0,1,#,0.15,#,0.15,0,1,#,14,#,14
2009,1410640,14,024,01,0,1,#,0.11,#,0.11,0,1,#,11,#,11
2009,1410650,14,025,01,0,1,#,0.082,#,0.082,0,1,#,1.6,#,1.6
2009,1410660,14,026,01,0,1,#,0.041,#,0.041,0,1,#,15,#,15
2009,1410670,14,027,01,0,1,#,0.072,#,0.072,0,1,#,13,#,13
2009,1410680,14,028,01,0,2,#,0.06,#,0.06,0,1,#,29,#,29
2009,1410690,14,029,01,0,2,#,0.077,#,0.071,0,1,#,7.6,#,7.6
2009,1410700,14,030,01,0,1,#,0.057,#,0.057,0,1,#,1.5,#,1.5
2009,1410710,14,031,01,0,1,#,0.11,#,0.11,0,1,#,3.2,#,3.2
2009,1410790,14,033,01,0,1,#,0.055,#,0.055,0,1,#,0.64,#,0.64
2009,1410890,14,034,01,0,2,#,0.16,#,0.12,0,1,#,2.8,#,2.8
2009,1410900,14,035,01,0,1,#,0.07,#,0.07,0,1,#,0.28,#,0.28
2009,1410830,14,036,01,0,1,#,0.23,#,0.23,0,0,#,0,#,0
2009,1410920,14,037,01,0,1,#,0.085,#,0.085,0,0,#,0,#,0
2009,1410080,14,038,01,0,1,#,0.082,#,0.082,0,0,#,0,#,0
2009,1410240,14,039,01,0,1,#,0.053,#,0.053,0,1,#,0.68,#,0.68
2009,1410930,14,203,54,0,1,#,0.074,#,0.074,0,1,#,0.72,#,0.72
2009,1411680,14,204,55,0,1,#,0.041,#,0.041,0,0,#,0,#,0
2009,1411690,14,204,56,0,1,#,0.045,#,0.045,0,0,#,0,#,0
2009,1410220,14,205,55,0,1,#,0.057,#,0.057,0,1,#,0.64,#,0.64
2009,1410230,14,205,56,0,1,#,0.052,#,0.052,0,1,#,0.31,#,0.31
2009,1410250,14,205,58,0,1,#,0.18,#,0.18,0,1,#,5.2,#,5.2
2009,1411790,14,205,82,0,2,#,0.12,#,0.085,0,1,#,0.73,#,0.73
2009,1411760,14,205,83,0,2,#,0.18,#,0.13,0,1,#,1.8,#,1.8
2009,1411600,14,206,81,0,2,#,0.21,#,0.13,0,1,#,2.3,#,2.3
2009,1411570,14,210,63,0,1,#,0.18,#,0.18,0,0,#,0,#,0
2009,1411670,14,212,51,0,1,#,0.054,#,0.054,0,0,#,0,#,0
2009,1410940,14,233,54,0,1,#,0.044,#,0.044,0,1,#,0.09,#,0.09
2009,1410950,14,233,55,0,1,#,0.028,#,0.028,0,1,#,0.091,#,0.091
2009,1411710,14,390,01,0,2,#,0.17,#,0.13,0,1,#,0.57,#,0.57
2009,1430010,14,601,01,0,1,#,0.042,#,0.042,0,1,#,26,#,26
2009,1430020,14,601,02,0,1,#,0.026,#,0.026,0,1,#,14,#,14
2009,1430030,14,601,03,0,1,#,0.053,#,0.053,0,1,#,27,#,27
2009,1430070,14,603,01,0,1,#,0.062,#,0.062,0,1,#,14,#,14
2009,1430080,14,604,01,0,1,#,0.044,#,0.044,0,1,#,18,#,18
2009,1430110,14,606,02,0,1,#,0.026,#,0.026,0,1,#,21,#,21
2009,1430150,14,607,01,0,1,#,0.058,#,0.058,0,1,#,5,#,5
2009,1430160,14,608,01,0,1,#,0.058,#,0.058,0,1,#,7.1,#,7.1
2009,1430170,14,609,01,0,1,#,0.092,#,0.092,0,1,#,1.3,#,1.3
2009,1430180,14,610,01,0,1,#,0.052,#,0.052,0,1,#,11,#,11
2009,1430260,14,652,01,0,1,#,0.053,#,0.053,0,1,#,1.1,#,1.1
2009,1430280,14,652,03,0,1,#,0.048,#,0.048,0,1,#,2,#,2
2009,1430340,14,652,52,0,1,#,0.058,#,0.058,0,1,#,0.63,#,0.63
2009,1510040,15,001,04,1,4,#,2.2,#,0.93,0,4,#,1.3,#,0.82
2009,1510060,15,001,52,0,1,#,0.17,#,0.17,0,1,#,1.2,#,1.2
2009,1510120,15,002,01,1,4,#,1.2,#,0.62,0,4,#,1.4,#,0.73
2009,1510230,15,009,01,0,1,#,0.38,#,0.38,0,0,#,0,#,0
2009,1510240,15,010,01,0,1,#,0.32,#,0.32,0,0,#,0,#,0
2009,1510300,15,013,01,0,2,#,0.45,#,0.38,0,1,#,0.31,#,0.31
2009,1511870,15,014,02,0,2,#,0.22,#,0.17,0,1,#,0.29,#,0.29
2009,1510360,15,015,01,0,2,#,0.34,#,0.32,0,1,#,0.4,#,0.4
2009,1510390,15,017,01,0,2,#,0.81,#,0.6,0,1,#,22,#,22
2009,1510430,15,019,01,0,2,#,0.32,#,0.29,0,1,#,45,#,45
2009,1510450,15,020,01,0,2,#,0.28,#,0.28,0,1,#,25,#,25
2009,1510520,15,023,01,0,2,#,0.97,#,0.63,0,1,#,10,#,10
2009,1510540,15,024,01,0,2,#,0.51,#,0.32,0,1,#,12,#,12
2009,1510580,15,027,01,2,4,#,1.5,#,0.76,0,4,#,1.8,#,0.83
2009,1510590,15,027,02,1,4,#,1.5,#,0.57,0,4,#,7.3,#,3.8
2009,1510640,15,029,51,0,1,#,0.66,#,0.66,0,0,#,0,#,0
2009,1510650,15,030,01,1,4,#,3,#,1.3,0,4,#,24,#,20
2009,1510670,15,031,02,0,1,#,0.073,#,0.073,0,1,#,0.22,#,0.22
2009,1510750,15,036,01,0,1,#,0.28,#,0.28,0,1,#,1.4,#,1.4
2009,1510760,15,037,01,0,4,#,1,#,0.95,0,1,#,6.4,#,6.4
2009,1510790,15,040,01,0,1,#,0.32,#,0.32,0,0,#,0,#,0
2009,1510840,15,043,02,0,1,#,0.19,#,0.19,0,1,#,3.9,#,3.9
2009,1510890,15,045,01,0,1,#,0.077,#,0.077,0,1,#,1.3,#,1.3
2009,1511000,15,051,01,0,1,#,0.35,#,0.35,0,0,#,0,#,0
2009,1511010,15,052,01,0,1,#,0.2,#,0.2,0,0,#,0,#,0
2009,1511020,15,053,01,0,1,#,0.27,#,0.27,0,0,#,0,#,0
2009,1511080,15,059,01,0,1,#,0.079,#,0.079,0,1,#,0.21,#,0.21
2009,1511420,15,061,02,0,1,#,0.18,#,0.18,0,0,#,0,#,0
2009,1511130,15,063,01,0,2,#,0.43,#,0.42,0,1,#,0.83,#,0.83
2009,1511150,15,065,01,0,1,#,0.58,#,0.58,0,1,#,1.1,#,1.1
2009,1511220,15,069,01,0,4,#,0.74,#,0.57,0,1,#,35,#,35
2009,1511250,15,071,01,1,3,#,2.3,#,1,0,1,#,6.2,#,6.2
2009,1511260,15,072,02,0,1,#,0.094,#,0.094,0,1,#,0.3,#,0.3
2009,1511300,15,076,01,0,1,#,0.33,#,0.33,0,0,#,0,#,0
2009,1511310,15,077,01,0,1,#,0.72,#,0.72,0,0,#,0,#,0
2009,1511320,15,078,01,0,1,#,0.66,#,0.66,0,0,#,0,#,0
2009,1511330,15,079,02,0,2,#,0.6,#,0.55,0,1,#,1.4,#,1.4
2009,1511500,15,083,01,0,1,#,0.4,#,0.4,0,0,#,0,#,0
2009,1511860,15,084,01,0,1,#,0.25,#,0.25,0,0,#,0,#,0
2009,1520010,15,501,01,0,2,#,0.21,#,0.2,0,1,#,0.37,#,0.37
2009,1520070,15,521,51,0,1,#,0.078,#,0.078,0,1,#,8,#,8
2009,1520080,15,522,51,0,1,#,0.067,#,0.067,0,1,#,4.3,#,4.3
2009,1610080,16,005,01,0,1,#,0.083,#,0.083,0,1,#,0.6,#,0.6
2009,1610100,16,007,01,0,1,#,0.075,#,0.075,0,0,#,0,#,0
2009,1610110,16,008,01,0,1,#,0.069,#,0.069,0,0,#,0,#,0
2009,1610140,16,009,03,0,1,#,0.071,#,0.071,0,1,#,0.28,#,0.28
2009,1610190,16,011,01,0,2,#,0.25,#,0.18,0,0,#,0,#,0
2009,1610280,16,015,01,0,2,#,0.37,#,0.23,0,0,#,0,#,0
2009,1610290,16,015,02,1,2,#,2.9,#,1.8,1,1,#,310,#,310
2009,1610340,16,017,01,0,2,#,0.16,#,0.14,0,1,#,0.24,#,0.24
2009,1610390,16,021,01,0,1,#,0.068,#,0.068,0,1,#,0.26,#,0.26
2009,1610430,16,023,01,0,1,#,0.28,#,0.28,0,0,#,0,#,0
2009,1610450,16,024,01,0,1,#,0.07,#,0.07,0,1,#,2.6,#,2.6
2009,1610470,16,025,01,0,1,#,0.11,#,0.11,0,0,#,0,#,0
2009,1610480,16,025,02,0,1,#,0.068,#,0.068,0,0,#,0,#,0
2009,1610490,16,026,01,0,1,#,0.068,#,0.068,0,1,#,0.21,#,0.21
2009,1610520,16,028,01,0,1,#,0.064,#,0.064,0,1,#,0.53,#,0.53
2009,1610530,16,029,01,0,1,#,0.076,#,0.076,0,1,#,1.2,#,1.2
2009,1610540,16,030,01,0,1,#,0.065,#,0.065,0,0,#,0,#,0
2009,1610550,16,031,01,0,1,#,0.066,#,0.066,0,0,#,0,#,0
2009,1610560,16,032,01,0,1,#,0.068,#,0.068,0,0,#,0,#,0
2009,1610570,16,033,01,0,1,#,0.07,#,0.07,0,0,#,0,#,0
2009,1610580,16,034,01,0,1,#,0.071,#,0.071,0,0,#,0,#,0
2009,1610590,16,035,01,0,1,#,0.11,#,0.11,0,0,#,0,#,0
2009,1610600,16,035,02,0,1,#,0.17,#,0.17,0,0,#,0,#,0
2009,1610610,16,036,01,0,4,#,0.2,#,0.13,0,0,#,0,#,0
2009,1610620,16,037,01,0,1,#,0.085,#,0.085,0,0,#,0,#,0
2009,1610630,16,038,01,0,1,#,0.069,#,0.069,0,1,#,0.21,#,0.21
2009,1610660,16,039,01,0,1,#,0.071,#,0.071,0,1,#,0.21,#,0.21
2009,1610680,16,040,01,0,1,#,0.063,#,0.063,0,0,#,0,#,0
2009,1610710,16,042,01,0,1,#,0.066,#,0.066,0,0,#,0,#,0
2009,1610720,16,043,01,0,1,#,0.07,#,0.07,0,0,#,0,#,0
2009,1610730,16,044,01,0,1,#,0.07,#,0.07,0,0,#,0,#,0
2009,1610750,16,046,01,0,1,#,0.069,#,0.069,0,0,#,0,#,0
2009,1610770,16,048,01,0,1,#,0.067,#,0.067,0,0,#,0,#,0
2009,1610780,16,049,01,0,1,#,0.063,#,0.063,0,0,#,0,#,0
2009,1610790,16,050,01,0,1,#,0.063,#,0.063,0,0,#,0,#,0
2009,1610870,16,051,01,0,2,#,0.14,#,0.14,0,0,#,0,#,0
2009,1610830,16,204,01,0,4,#,0.34,#,0.19,0,0,#,0,#,0
2009,1630030,16,602,01,0,1,#,0.073,#,0.073,0,0,#,0,#,0
2009,1630080,16,603,02,0,1,#,0.067,#,0.067,0,1,#,12,#,12
2009,1630160,16,605,02,0,1,#,0.065,#,0.065,0,1,#,1.7,#,1.7
2009,1630270,16,607,06,0,1,#,0.072,#,0.072,0,0,#,0,#,0
2009,1630310,16,607,10,0,1,#,0.069,#,0.069,0,1,#,2.8,#,2.8
2009,1710070,17,003,01,0,1,#,0.089,#,0.089,0,0,#,0,#,0
2009,1710080,17,004,01,0,1,#,0.085,#,0.085,0,0,#,0,#,0
2009,1710170,17,007,01,0,1,#,0.15,#,0.15,0,1,#,0.19,#,0.19
2009,1710180,17,008,01,0,1,#,0.054,#,0.054,0,0,#,0,#,0
2009,1710260,17,012,01,0,1,#,0.12,#,0.12,0,1,#,0.89,#,0.89
2009,1710450,17,015,01,0,1,#,0.074,#,0.074,0,1,#,0.49,#,0.49
2009,1710480,17,016,01,0,1,#,0.41,#,0.41,0,1,#,48,#,48
2009,1710530,17,018,01,0,1,#,0.13,#,0.13,0,1,#,0.5,#,0.5
2009,1710540,17,019,01,0,1,#,0.28,#,0.28,0,1,#,7,#,7
2009,1710560,17,020,01,0,1,#,0.26,#,0.26,0,1,#,0.28,#,0.28
2009,1710580,17,021,01,0,1,#,0.22,#,0.22,0,1,#,18,#,18
2009,1710640,17,022,02,0,1,#,0.053,#,0.053,0,1,#,0.26,#,0.26
2009,1710730,17,026,01,0,1,#,0.11,#,0.11,0,1,#,0.3,#,0.3
2009,1710810,17,032,01,0,1,#,0.15,#,0.15,0,1,#,0.81,#,0.81
2009,1710840,17,033,02,0,1,#,0.41,#,0.41,0,1,#,1.1,#,1.1
2009,1710870,17,035,01,0,1,#,0.25,#,0.25,0,1,#,0.16,#,0.16
2009,1710890,17,036,02,0,1,#,0.069,#,0.069,0,1,#,0.14,#,0.14
2009,1710930,17,038,02,0,1,#,0.12,#,0.12,0,1,#,0.4,#,0.4
2009,1710980,17,041,02,0,1,#,0.059,#,0.059,0,1,#,0.3,#,0.3
2009,1711010,17,043,01,0,1,#,0.047,#,0.047,0,1,#,0.57,#,0.57
2009,1711030,17,045,01,0,1,#,0.41,#,0.41,0,1,#,1.4,#,1.4
2009,1711040,17,046,01,0,2,#,0.73,#,0.57,0,1,#,7.1,#,7.1
2009,1711070,17,048,01,1,2,#,1.1,#,0.81,0,1,#,2.6,#,2.6
2009,1711080,17,049,01,0,1,#,0.1,#,0.1,0,1,#,11,#,11
2009,1711220,17,212,01,0,1,#,0.24,#,0.24,0,1,#,0.71,#,0.71
2009,1720010,17,501,01,0,1,#,0.37,#,0.37,0,1,#,0.47,#,0.47
2009,1720030,17,502,01,0,1,#,0.29,#,0.29,0,1,#,0.47,#,0.47
2009,1720090,17,504,01,0,1,#,0.6,#,0.6,0,1,#,0.5,#,0.5
2009,1730110,17,604,01,0,1,#,0.045,#,0.045,0,1,#,12,#,12
2009,1730190,17,606,02,0,1,#,0.046,#,0.046,0,1,#,0.21,#,0.21
2009,1810010,18,001,01,0,1,#,0.067,#,0.067,0,1,#,3.9,#,3.9
2009,1810020,18,002,01,0,1,#,0.054,#,0.054,0,1,#,0.23,#,0.23
2009,1810030,18,002,02,0,1,#,0.084,#,0.084,0,1,#,0.25,#,0.25
2009,1810060,18,003,51,0,0,#,0,#,0,0,1,#,8.3,#,8.3
2009,1810080,18,005,01,0,1,#,0.1,#,0.1,0,1,#,0.37,#,0.37
2009,1810140,18,007,01,0,1,#,0.14,#,0.14,0,1,#,0.29,#,0.29
2009,1810160,18,009,01,0,1,#,0.52,#,0.52,0,1,#,16,#,16
2009,1810190,18,010,01,0,1,#,0.025,#,0.025,0,1,#,0.32,#,0.32
2009,1810220,18,012,01,0,1,#,0.57,#,0.57,0,1,#,0.91,#,0.91
2009,1810260,18,016,01,0,1,#,0.083,#,0.083,0,1,#,0.28,#,0.28
2009,1810280,18,016,52,0,0,#,0,#,0,0,1,#,1.5,#,1.5
2009,1810310,18,017,01,0,1,#,0.026,#,0.026,0,1,#,0.18,#,0.18
2009,1810360,18,019,01,0,1,#,0.025,#,0.025,0,1,#,0.076,#,0.076
2009,1810390,18,022,01,0,1,#,0.12,#,0.12,0,1,#,0.72,#,0.72
2009,1810440,18,027,01,0,1,#,0.14,#,0.14,0,1,#,0.36,#,0.36
2009,1810450,18,028,01,0,1,#,0.069,#,0.069,0,1,#,0.29,#,0.29
2009,1810750,18,028,51,0,1,#,0.067,#,0.067,0,1,#,1.8,#,1.8
2009,1810480,18,029,01,0,1,#,1,#,1,0,1,#,3.4,#,3.4
2009,1810520,18,032,01,0,1,#,0.51,#,0.51,0,1,#,4.1,#,4.1
2009,1810670,18,035,01,0,1,#,0.048,#,0.048,0,1,#,1,#,1
2009,1810740,18,204,02,0,2,#,0.66,#,0.63,0,1,#,0.43,#,0.43
2009,1810510,18,206,01,0,2,#,0.63,#,0.59,0,1,#,29,#,29
2009,1810580,18,213,01,0,1,#,0.02,#,0.02,0,1,#,0.073,#,0.073
2009,1820160,18,504,02,0,1,#,0.078,#,0.078,0,1,#,38,#,38
2009,1820210,18,504,07,0,1,#,0.12,#,0.12,0,1,#,8,#,8
2009,1830040,18,611,02,0,1,#,0.028,#,0.028,0,1,#,2.1,#,2.1
2009,1910110,19,005,01,0,1,#,0.12,#,0.12,0,1,#,0.2,#,0.2
2009,1910160,19,007,01,0,1,#,0.11,#,0.11,0,1,#,0.22,#,0.22
2009,1910220,19,010,01,0,1,#,0.45,#,0.45,0,1,#,1.5,#,1.5
2009,1910230,19,011,01,0,1,#,0.57,#,0.57,0,1,#,0.26,#,0.26
2009,1910240,19,011,51,0,1,#,0.31,#,0.31,0,1,#,1.6,#,1.6
2009,1910300,19,014,51,0,1,#,0.057,#,0.057,0,1,#,0.2,#,0.2
2009,1910500,19,016,01,0,1,#,0.093,#,0.093,0,1,#,0.9,#,0.9
2009,1910540,19,020,01,0,1,#,0.068,#,0.068,0,1,#,0.23,#,0.23
2009,1910440,19,206,01,0,1,#,0.057,#,0.057,0,1,#,0.23,#,0.23
2009,1920060,19,505,01,0,1,#,0.059,#,0.059,0,1,#,4.7,#,4.7
2009,2010180,20,008,01,0,1,#,0.023,#,0.023,0,1,#,0.63,#,0.63
2009,2010230,20,010,02,0,1,#,0.093,#,0.093,0,1,#,0.68,#,0.68
2009,2010310,20,013,01,0,1,#,0.024,#,0.024,0,1,#,0.68,#,0.68
2009,2010390,20,017,01,0,1,#,0.026,#,0.026,0,1,#,0.62,#,0.62
2009,2011030,20,023,51,0,1,#,0.067,#,0.067,0,1,#,2.7,#,2.7
2009,2010490,20,024,01,0,1,#,0.099,#,0.099,0,1,#,0.66,#,0.66
2009,2010610,20,030,01,0,1,#,0.087,#,0.087,0,1,#,0.41,#,0.41
2009,2011020,20,034,05,0,1,#,0.071,#,0.071,0,1,#,0.24,#,0.24
2009,2020010,20,501,01,0,1,#,0.15,#,0.15,0,1,#,25,#,25
2009,2020110,20,506,01,0,1,#,0.064,#,0.064,0,1,#,3,#,3
2009,2111620,21,002,52,0,1,#,0.07,#,0.07,0,1,#,4.3,#,4.3
2009,2110040,21,003,01,0,1,#,0.084,#,0.084,0,1,#,0.26,#,0.26
2009,2110130,21,007,52,0,1,#,0.071,#,0.071,0,1,#,0.13,#,0.13
2009,2111460,21,014,51,1,1,#,1.1,#,1.1,0,1,#,19,#,19
2009,2110350,21,019,01,0,1,#,0.08,#,0.08,0,1,#,0.18,#,0.18
2009,2110420,21,024,01,0,1,#,0.12,#,0.12,0,1,#,0.28,#,0.28
2009,2110540,21,031,01,0,1,#,0.25,#,0.25,0,0,#,0,#,0
2009,2110620,21,037,01,0,1,#,0.08,#,0.08,0,1,#,0.1,#,0.1
2009,2110690,21,044,01,0,1,#,0.24,#,0.24,0,1,#,1.6,#,1.6
2009,2111120,21,060,01,0,1,#,0.42,#,0.42,0,0,#,0,#,0
2009,2111020,21,062,01,1,4,#,1.5,#,0.89,0,1,#,7.9,#,7.9
2009,2111630,21,063,52,0,1,#,0.34,#,0.34,0,1,#,12,#,12
2009,2111200,21,064,01,0,1,#,0.21,#,0.21,0,1,#,5.2,#,5.2
2009,2111190,21,065,01,0,4,#,1,#,0.66,0,1,#,6,#,6
2009,2110680,21,066,01,0,1,#,0.26,#,0.26,0,1,#,0.12,#,0.12
2009,2110720,21,067,01,0,1,#,0.15,#,0.15,0,1,#,2.4,#,2.4
2009,2110260,21,076,01,0,1,#,0.56,#,0.56,0,1,#,0.7,#,0.7
2009,2120020,21,502,01,0,1,#,0.07,#,0.07,0,1,#,11,#,11
2009,2210030,22,003,01,0,1,#,0.27,#,0.27,0,1,#,0.38,#,0.38
2009,2211410,22,003,91,0,0,#,0,#,0,0,1,#,1.3,#,1.3
2009,2211600,22,007,94,0,1,#,0.075,#,0.075,0,1,#,1,#,1
2009,2210100,22,008,01,0,1,#,0.61,#,0.61,0,1,#,7.3,#,7.3
2009,2211510,22,008,91,0,2,#,0.94,#,0.82,1,2,#,300,#,150
2009,2211560,22,008,92,2,3,#,1.7,#,1.1,0,2,#,30,#,27
2009,2211570,22,008,93,0,2,#,0.7,#,0.53,0,2,#,17,#,14
2009,2210150,22,011,01,0,1,#,0.17,#,0.17,0,1,#,0.22,#,0.22
2009,2211430,22,011,91,0,0,#,0,#,0,0,1,#,0.21,#,0.21
2009,2210160,22,012,01,0,1,#,0.16,#,0.16,0,1,#,0.22,#,0.22
2009,2211400,22,013,91,0,0,#,0,#,0,0,1,#,0.45,#,0.45
2009,2210210,22,015,01,0,1,#,0.021,#,0.021,0,1,#,0.35,#,0.35
2009,2210220,22,016,01,0,1,#,0.091,#,0.091,0,1,#,1.3,#,1.3
2009,2210230,22,016,02,0,1,#,0.077,#,0.077,0,1,#,14,#,14
2009,2210250,22,017,01,0,1,#,0.6,#,0.6,0,1,#,1.9,#,1.9
2009,2210260,22,018,01,0,1,#,0.051,#,0.051,0,1,#,0.8,#,0.8
2009,2210270,22,019,01,0,1,#,0.17,#,0.17,0,1,#,3.5,#,3.5
2009,2210280,22,020,01,0,1,#,0.071,#,0.071,0,1,#,0.21,#,0.21
2009,2210310,22,021,01,0,1,#,0.19,#,0.19,0,1,#,0.32,#,0.32
2009,2210320,22,022,01,0,1,#,0.12,#,0.12,0,1,#,1.2,#,1.2
2009,2210340,22,024,01,0,1,#,0.069,#,0.069,0,1,#,0.21,#,0.21
2009,2211440,22,024,91,0,0,#,0,#,0,0,1,#,0.21,#,0.21
2009,2210360,22,026,01,0,1,#,0.088,#,0.088,0,1,#,0.93,#,0.93
2009,2210400,22,029,01,0,1,#,0.56,#,0.56,0,1,#,0.91,#,0.91
2009,2210440,22,031,01,0,1,#,0.25,#,0.25,0,1,#,0.96,#,0.96
2009,2210460,22,032,01,0,1,#,0.046,#,0.046,0,1,#,13,#,13
2009,2210480,22,034,01,0,1,#,0.11,#,0.11,0,1,#,11,#,11
2009,2210500,22,036,01,0,1,#,0.35,#,0.35,0,1,#,36,#,36
2009,2210540,22,038,01,0,1,#,0.3,#,0.3,0,1,#,0.52,#,0.52
2009,2211420,22,039,91,0,0,#,0,#,0,0,1,#,0.24,#,0.24
2009,2210580,22,041,01,0,1,#,0.053,#,0.053,0,1,#,2.4,#,2.4
2009,2211590,22,044,04,0,1,#,0.057,#,0.057,0,1,#,0.26,#,0.26
2009,2210670,22,046,01,0,1,#,0.051,#,0.051,0,1,#,0.26,#,0.26
2009,2211170,22,050,01,0,1,#,0.11,#,0.11,0,1,#,3.3,#,3.3
2009,2210650,22,052,01,0,1,#,0.13,#,0.13,0,1,#,0.6,#,0.6
2009,2210830,22,063,01,0,1,#,0.04,#,0.04,0,1,#,0.37,#,0.37
2009,2210680,22,205,01,0,1,#,0.15,#,0.15,0,1,#,4.8,#,4.8
2009,2210690,22,206,01,0,1,#,0.15,#,0.15,0,1,#,2.2,#,2.2
2009,2210700,22,207,01,0,1,#,0.41,#,0.41,0,0,#,0,#,0
2009,2210710,22,208,01,0,1,#,0.12,#,0.12,0,0,#,0,#,0
2009,2210720,22,209,01,0,1,#,0.27,#,0.27,0,0,#,0,#,0
2009,2210750,22,212,01,0,1,#,0.5,#,0.5,0,1,#,0.6,#,0.6
2009,2210760,22,213,01,0,1,#,0.33,#,0.33,0,1,#,19,#,19
2009,2210780,22,215,01,0,1,#,0.16,#,0.16,0,1,#,1,#,1
2009,2210840,22,221,01,0,1,#,0.036,#,0.036,0,1,#,2.7,#,2.7
2009,2220010,22,501,01,0,1,#,0.49,#,0.49,0,1,#,0.9,#,0.9
2009,2220020,22,501,51,0,0,#,0,#,0,0,1,#,18,#,18
2009,2230020,22,601,02,0,1,#,0.11,#,0.11,0,1,#,0.27,#,0.27
2009,2230030,22,601,03,0,1,#,0.04,#,0.04,0,1,#,3.9,#,3.9
2009,2230080,22,602,02,0,1,#,0.063,#,0.063,0,0,#,0,#,0
2009,2230140,22,603,02,0,1,#,0.066,#,0.066,0,0,#,0,#,0
2009,2230260,22,605,01,0,1,#,0.065,#,0.065,0,1,#,8.5,#,8.5
2009,2230270,22,606,01,0,1,#,0.031,#,0.031,0,1,#,6.2,#,6.2
2009,2230280,22,607,01,0,1,#,0.023,#,0.023,0,1,#,21,#,21
2009,2230400,22,613,01,0,1,#,0.03,#,0.03,0,1,#,3.8,#,3.8
2009,2230410,22,614,01,0,1,#,0.019,#,0.019,0,1,#,0.61,#,0.61
2009,2230420,22,614,02,0,1,#,0.017,#,0.017,0,1,#,0.99,#,0.99
2009,2230430,22,614,03,0,1,#,0.021,#,0.021,0,1,#,0.91,#,0.91
2009,2230480,22,615,01,0,1,#,0.071,#,0.071,0,1,#,4.4,#,4.4
2009,2230630,22,618,07,0,1,#,0.03,#,0.03,0,1,#,9.4,#,9.4
2009,2310030,23,002,01,0,1,#,0.084,#,0.084,0,1,#,0.26,#,0.26
2009,2310090,23,003,01,0,2,#,0.18,#,0.14,0,1,#,0.19,#,0.19
2009,2310110,23,005,01,0,2,#,0.38,#,0.3,0,1,#,1,#,1
2009,2311160,23,005,53,0,2,#,0.68,#,0.42,0,1,#,0.19,#,0.19
2009,2311170,23,005,54,0,2,#,0.75,#,0.52,0,1,#,0.4,#,0.4
2009,2311190,23,005,55,0,2,#,0.68,#,0.46,0,0,#,0,#,0
2009,2311200,23,005,56,0,1,#,0.27,#,0.27,0,0,#,0,#,0
2009,2310140,23,006,01,0,2,#,0.64,#,0.48,0,1,#,0.41,#,0.41
2009,2310160,23,008,01,0,2,#,0.89,#,0.48,0,1,#,0.9,#,0.9
2009,2310170,23,009,01,0,2,#,0.89,#,0.52,0,1,#,9.3,#,9.3
2009,2310180,23,010,01,0,2,#,0.73,#,0.53,0,1,#,5.5,#,5.5
2009,2310190,23,011,01,0,2,#,0.57,#,0.4,0,1,#,9.3,#,9.3
2009,2310210,23,013,01,0,2,#,0.28,#,0.2,0,1,#,48,#,48
2009,2310250,23,015,02,0,1,#,0.33,#,0.33,0,1,#,0.22,#,0.22
2009,2311150,23,015,03,0,2,#,0.077,#,0.067,0,1,#,0.086,#,0.086
2009,2310280,23,016,01,0,1,#,0.24,#,0.24,0,1,#,0.53,#,0.53
2009,2310290,23,017,01,0,1,#,0.22,#,0.22,0,1,#,0.19,#,0.19
2009,2310300,23,018,01,0,1,#,0.25,#,0.25,0,1,#,0.14,#,0.14
2009,2310310,23,019,01,0,2,#,0.19,#,0.18,0,1,#,21,#,21
2009,2310320,23,020,01,0,2,#,0.54,#,0.33,0,1,#,1.5,#,1.5
2009,2310330,23,021,01,0,2,#,0.16,#,0.14,0,1,#,53,#,53
2009,2310360,23,022,01,0,2,#,0.22,#,0.18,0,1,#,13,#,13
2009,2310370,23,023,01,0,2,#,0.15,#,0.14,0,1,#,6.5,#,6.5
2009,2310390,23,024,01,0,2,#,1,#,0.67,0,1,#,0.9,#,0.9
2009,2310450,23,026,01,0,2,#,0.6,#,0.37,0,1,#,31,#,31
2009,2310490,23,027,01,0,1,#,0.079,#,0.079,0,1,#,0.23,#,0.23
2009,2310510,23,028,01,0,1,#,0.13,#,0.13,0,1,#,0.26,#,0.26
2009,2310530,23,029,01,0,2,#,0.3,#,0.23,0,1,#,0.41,#,0.41
2009,2310540,23,030,01,0,1,#,0.1,#,0.1,0,1,#,0.23,#,0.23
2009,2310560,23,032,01,0,1,#,0.095,#,0.095,0,1,#,0.25,#,0.25
2009,2310590,23,032,53,0,1,#,0.09,#,0.09,0,1,#,0.37,#,0.37
2009,2310650,23,036,01,0,2,#,0.26,#,0.18,0,1,#,0.75,#,0.75
2009,2310670,23,038,01,0,2,#,0.4,#,0.4,0,1,#,0.24,#,0.24
2009,2310690,23,040,01,0,1,#,0.17,#,0.17,0,1,#,0.57,#,0.57
2009,2311120,23,041,51,0,1,#,0.049,#,0.049,0,0,#,0,#,0
2009,2311330,23,041,52,0,1,#,0.066,#,0.066,0,1,#,1.1,#,1.1
2009,2310880,23,042,01,0,2,#,0.19,#,0.11,0,1,#,0.54,#,0.54
2009,2311130,23,042,53,0,1,#,0.051,#,0.051,0,0,#,0,#,0
2009,2310910,23,043,01,0,2,#,0.29,#,0.23,0,1,#,0.76,#,0.76
2009,2310730,23,101,01,0,1,#,0.081,#,0.081,0,1,#,0.23,#,0.23
2009,2311020,23,103,01,0,1,#,0.13,#,0.13,0,1,#,0.44,#,0.44
2009,2311420,23,225,01,0,1,#,0.053,#,0.053,0,1,#,0.65,#,0.65
2009,2311440,23,308,81,0,1,#,0.85,#,0.85,0,1,#,0.65,#,0.65
2009,2311450,23,309,81,0,1,#,0.16,#,0.16,0,1,#,0.58,#,0.58
2009,2320030,23,501,01,0,2,#,1,#,0.71,0,1,#,40,#,40
2009,2330030,23,602,02,0,1,#,0.092,#,0.092,0,1,#,7.7,#,7.7
2009,2330400,23,602,57,0,2,#,0.13,#,0.11,0,1,#,26,#,26
2009,2330410,23,602,58,0,2,#,0.26,#,0.26,0,1,#,28,#,28
2009,2330420,23,602,59,0,2,#,0.14,#,0.11,0,1,#,7.4,#,7.4
2009,2330070,23,604,01,0,1,#,0.026,#,0.026,0,1,#,1.6,#,1.6
2009,2330100,23,605,03,0,1,#,0.023,#,0.023,0,1,#,16,#,16
2009,2330130,23,606,02,0,1,#,0.051,#,0.051,0,1,#,14,#,14
2009,2330140,23,607,01,0,1,#,0.14,#,0.14,0,1,#,16,#,16
2009,2330150,23,607,02,0,1,#,0.028,#,0.028,0,1,#,8.5,#,8.5
2009,2330180,23,608,01,0,1,#,0.024,#,0.024,0,1,#,13,#,13
2009,2330250,23,610,02,0,1,#,0.08,#,0.08,0,1,#,13,#,13
2009,2330270,23,611,02,0,1,#,0.036,#,0.036,0,1,#,9.3,#,9.3
2009,2410040,24,004,01,0,1,#,0.086,#,0.086,0,1,#,0.24,#,0.24
2009,2410100,24,008,01,0,1,#,0.4,#,0.4,0,1,#,1.5,#,1.5
2009,2410110,24,009,01,0,1,#,0.41,#,0.41,0,1,#,0.26,#,0.26
2009,2410130,24,011,01,0,1,#,0.63,#,0.63,0,1,#,0.32,#,0.32
2009,2410170,24,015,01,0,1,#,0.15,#,0.15,0,1,#,2.4,#,2.4
2009,2410220,24,017,01,0,1,#,0.14,#,0.14,0,1,#,0.48,#,0.48
2009,2410260,24,019,01,1,2,#,1.2,#,0.83,0,2,#,12,#,8.6
2009,2410280,24,021,01,0,1,#,0.13,#,0.13,0,1,#,0.29,#,0.29
2009,2410310,24,022,01,0,1,#,0.053,#,0.053,0,0,#,0,#,0
2009,2410320,24,023,01,0,1,#,0.29,#,0.29,0,1,#,0.27,#,0.27
2009,2410360,24,026,01,0,1,#,0.056,#,0.056,0,0,#,0,#,0
2009,2410370,24,027,01,0,1,#,0.073,#,0.073,0,1,#,0.23,#,0.23
2009,2410720,24,033,02,0,1,#,0.087,#,0.087,0,0,#,0,#,0
2009,2410480,24,037,01,0,1,#,0.83,#,0.83,0,1,#,8.5,#,8.5
2009,2410540,24,041,01,0,1,#,0.049,#,0.049,0,0,#,0,#,0
2009,2410560,24,043,01,1,2,#,2.4,#,1.2,0,2,#,2.7,#,1.7
2009,2410590,24,046,01,1,2,#,2.1,#,1.2,0,2,#,39,#,35
2009,2410610,24,048,01,1,2,#,1.1,#,0.6,0,1,#,0.64,#,0.64
2009,2410620,24,049,01,0,1,#,0.047,#,0.047,0,0,#,0,#,0
2009,2410630,24,050,01,0,1,#,0.067,#,0.067,0,1,#,0.35,#,0.35
2009,2410670,24,051,01,1,2,#,1.1,#,0.78,0,2,#,5.8,#,4.4
2009,2410680,24,052,01,0,2,#,0.77,#,0.49,0,1,#,11,#,11
2009,2410690,24,053,01,1,2,#,1.6,#,0.84,0,1,#,14,#,14
2009,2410740,24,057,01,0,1,#,0.21,#,0.21,0,0,#,0,#,0
2009,2410770,24,060,01,0,1,#,0.3,#,0.3,0,0,#,0,#,0
2009,2410800,24,063,01,0,1,#,0.057,#,0.057,0,0,#,0,#,0
2009,2430010,24,601,01,0,1,#,0.052,#,0.052,0,1,#,11,#,11
2009,2430030,24,603,01,0,1,#,0.057,#,0.057,0,1,#,15,#,15
2009,2430090,24,606,01,0,1,#,0.07,#,0.07,0,1,#,4.6,#,4.6
2009,2430120,24,608,01,0,1,#,0.048,#,0.048,0,1,#,1,#,1
2009,2510040,25,002,01,0,1,#,0.11,#,0.11,0,1,#,1.1,#,1.1
2009,2510090,25,007,01,0,1,#,0.22,#,0.22,0,1,#,4.4,#,4.4
2009,2510100,25,008,01,0,1,#,0.12,#,0.12,0,1,#,0.78,#,0.78
2009,2510210,25,017,01,0,1,#,0.035,#,0.035,0,1,#,0.1,#,0.1
2009,2510220,25,018,01,0,1,#,0.086,#,0.086,0,1,#,1.2,#,1.2
2009,2510240,25,019,01,0,1,#,0.29,#,0.29,0,1,#,18,#,18
2009,2510340,25,025,01,0,1,#,0.042,#,0.042,0,1,#,5.7,#,5.7
2009,2510420,25,207,01,0,1,#,0.12,#,0.12,0,1,#,0.81,#,0.81
2009,2510430,25,208,01,0,1,#,0.054,#,0.054,0,1,#,0.34,#,0.34
2009,2510440,25,209,01,0,1,#,0.11,#,0.11,0,1,#,0.53,#,0.53
2009,2520210,25,501,67,0,1,#,0.016,#,0.016,0,1,#,33,#,33
2009,2610220,26,007,01,0,2,#,0.099,#,0.091,0,1,#,0.72,#,0.72
2009,2610260,26,009,01,0,1,#,0.13,#,0.13,0,1,#,0.35,#,0.35
2009,2610270,26,009,02,0,1,#,0.098,#,0.098,0,1,#,0.25,#,0.25
2009,2610280,26,009,03,0,1,#,0.22,#,0.22,0,1,#,0.24,#,0.24
2009,2610300,26,010,01,0,1,#,0.013,#,0.013,0,0,#,0,#,0
2009,2610320,26,011,01,0,1,#,0.025,#,0.025,0,1,#,0.13,#,0.13
2009,2610340,26,011,03,0,1,#,0.071,#,0.071,0,1,#,0.76,#,0.76
2009,2610350,26,011,04,0,1,#,0.07,#,0.07,0,1,#,0.23,#,0.23
2009,2610400,26,012,01,0,1,#,0.078,#,0.078,0,0,#,0,#,0
2009,2610410,26,012,02,0,1,#,0.11,#,0.11,0,0,#,0,#,0
2009,2610420,26,013,01,0,1,#,0.12,#,0.12,0,0,#,0,#,0
2009,2610460,26,014,01,0,2,#,0.06,#,0.057,0,1,#,0.91,#,0.91
2009,2610480,26,015,01,0,1,#,0.037,#,0.037,0,1,#,0.47,#,0.47
2009,2610490,26,016,01,0,1,#,0.45,#,0.45,0,0,#,0,#,0
2009,2610510,26,017,01,0,2,#,0.092,#,0.067,0,1,#,0.22,#,0.22
2009,2610520,26,018,01,0,2,#,0.079,#,0.065,0,1,#,0.87,#,0.87
2009,2610540,26,019,01,0,2,#,0.04,#,0.039,0,1,#,0.12,#,0.12
2009,2610550,26,020,01,0,2,#,0.08,#,0.066,0,1,#,0.79,#,0.79
2009,2610560,26,020,52,0,2,#,0.046,#,0.044,0,1,#,1.6,#,1.6
2009,2610580,26,021,01,0,2,#,0.053,#,0.051,0,1,#,1.7,#,1.7
2009,2611430,26,022,01,0,1,#,0.06,#,0.06,0,0,#,0,#,0
2009,2611440,26,023,01,0,2,#,0.069,#,0.056,0,1,#,0.82,#,0.82
2009,2610740,26,024,01,0,1,#,0.049,#,0.049,0,1,#,0.18,#,0.18
2009,2610750,26,025,01,0,1,#,0.72,#,0.72,0,0,#,0,#,0
2009,2610780,26,026,01,0,2,#,0.28,#,0.22,0,1,#,1.1,#,1.1
2009,2611630,26,027,02,0,2,#,0.073,#,0.06,0,1,#,0.73,#,0.73
2009,2610940,26,028,01,0,1,#,0.074,#,0.074,0,0,#,0,#,0
2009,2611460,26,029,01,0,1,#,0.013,#,0.013,0,0,#,0,#,0
2009,2610980,26,030,01,0,0,#,0,#,0,0,1,#,0.49,#,0.49
2009,2611360,26,031,01,0,1,#,0.018,#,0.018,0,1,#,0.15,#,0.15
2009,2611170,26,032,01,0,1,#,0.049,#,0.049,0,1,#,0.27,#,0.27
2009,2611370,26,033,01,0,1,#,0.058,#,0.058,0,1,#,0.12,#,0.12
2009,2611040,26,035,01,0,1,#,0.015,#,0.015,0,0,#,0,#,0
2009,2611470,26,036,01,0,1,#,0.021,#,0.021,0,0,#,0,#,0
2009,2611060,26,037,01,0,1,#,0.019,#,0.019,0,0,#,0,#,0
2009,2611480,26,038,01,0,1,#,0.032,#,0.032,0,0,#,0,#,0
2009,2611080,26,039,01,0,1,#,0.099,#,0.099,0,0,#,0,#,0
2009,2611090,26,040,01,0,1,#,0.17,#,0.17,0,0,#,0,#,0
2009,2611490,26,041,01,0,1,#,0.019,#,0.019,0,0,#,0,#,0
2009,2611100,26,042,01,0,1,#,0.097,#,0.097,0,0,#,0,#,0
2009,2611510,26,215,02,0,2,#,0.064,#,0.056,0,1,#,2.1,#,2.1
2009,2611530,26,258,02,0,2,#,0.15,#,0.13,0,1,#,2.2,#,2.2
2009,2630010,26,601,01,0,1,#,0.014,#,0.014,0,0,#,0,#,0
2009,2630020,26,601,02,0,1,#,0.016,#,0.016,0,0,#,0,#,0
2009,2630080,26,602,01,0,1,#,0.018,#,0.018,0,0,#,0,#,0
2009,2630090,26,602,02,0,1,#,0.016,#,0.016,0,0,#,0,#,0
2009,2630140,26,603,01,0,1,#,0.015,#,0.015,0,0,#,0,#,0
2009,2630150,26,603,02,0,1,#,0.016,#,0.016,0,0,#,0,#,0
2009,2630180,26,604,01,0,1,#,0.018,#,0.018,0,0,#,0,#,0
2009,2630190,26,604,02,0,1,#,0.015,#,0.015,0,0,#,0,#,0
2009,2630200,26,604,03,0,1,#,0.014,#,0.014,0,0,#,0,#,0
2009,2630370,26,607,01,0,1,#,0.015,#,0.015,0,0,#,0,#,0
2009,2630380,26,607,02,0,1,#,0.022,#,0.022,0,0,#,0,#,0
2009,2710010,27,001,01,0,1,#,0.093,#,0.093,0,1,#,0.23,#,0.23
2009,2710030,27,001,03,0,1,#,0.16,#,0.16,0,1,#,14,#,14
2009,2710090,27,003,01,0,1,#,0.46,#,0.46,0,1,#,16,#,16
2009,2710100,27,004,01,1,2,#,1.1,#,0.82,0,1,#,2.3,#,2.3
2009,2710110,27,005,01,0,2,#,0.45,#,0.4,0,1,#,8.8,#,8.8
2009,2710120,27,006,01,0,1,#,0.062,#,0.062,0,1,#,74,#,74
2009,2710130,27,007,01,0,4,#,0.81,#,0.55,0,1,#,110,#,110
2009,2710140,27,008,01,0,1,#,1,#,1,0,1,#,85,#,85
2009,2710150,27,009,01,0,1,#,0.096,#,0.096,1,1,#,160,#,160
2009,2710160,27,010,01,0,1,#,0.072,#,0.072,0,1,#,64,#,64
2009,2710170,27,011,01,0,1,#,0.25,#,0.25,0,1,#,79,#,79
2009,2710180,27,012,01,0,1,#,0.16,#,0.16,0,1,#,61,#,61
2009,2710190,27,013,01,0,2,#,0.16,#,0.14,0,1,#,150,#,150
2009,2710200,27,015,01,0,2,#,0.44,#,0.24,0,1,#,0.75,#,0.75
2009,2710210,27,015,02,0,2,#,0.79,#,0.73,0,1,#,3.7,#,3.7
2009,2710220,27,015,03,0,4,#,0.94,#,0.71,0,1,#,9.3,#,9.3
2009,2710230,27,015,04,1,2,#,1.3,#,0.82,0,1,#,1.1,#,1.1
2009,2710250,27,016,01,1,2,#,1.3,#,1,0,1,#,42,#,42
2009,2711900,27,016,51,1,2,#,1.5,#,0.86,0,1,#,3.6,#,3.6
2009,2710290,27,019,01,0,2,#,0.23,#,0.14,0,1,#,0.47,#,0.47
2009,2710300,27,020,01,0,2,#,0.64,#,0.49,0,1,#,2.3,#,2.3
2009,2710330,27,022,01,0,1,#,0.081,#,0.081,0,1,#,0.38,#,0.38
2009,2710340,27,023,01,1,2,#,1.3,#,1.1,0,1,#,120,#,120
2009,2710350,27,023,02,0,2,#,0.45,#,0.29,0,1,#,93,#,93
2009,2710360,27,023,03,0,2,#,0.5,#,0.38,1,1,#,160,#,160
2009,2710370,27,023,51,0,4,#,0.58,#,0.39,0,1,#,7,#,7
2009,2710420,27,025,01,0,4,#,0.32,#,0.25,0,4,#,0.35,#,0.28
2009,2717010,27,025,51,0,4,#,0.4,#,0.28,0,4,#,0.27,#,0.26
2009,2710450,27,027,01,0,1,#,0.12,#,0.12,0,1,#,0.69,#,0.69
2009,2710500,27,029,01,0,2,#,0.16,#,0.14,0,1,#,0.32,#,0.32
2009,2710550,27,034,01,0,2,#,0.61,#,0.46,0,1,#,0.31,#,0.31
2009,2710560,27,035,01,0,2,#,0.21,#,0.16,0,1,#,0.92,#,0.92
2009,2710580,27,037,01,0,2,#,0.085,#,0.067,0,1,#,0.57,#,0.57
2009,2710590,27,038,01,0,2,#,0.47,#,0.34,0,1,#,0.89,#,0.89
2009,2710600,27,039,01,0,2,#,0.27,#,0.22,0,1,#,0.93,#,0.93
2009,2710630,27,041,01,0,2,#,0.22,#,0.15,0,1,#,2.2,#,2.2
2009,2710640,27,042,01,0,2,#,0.098,#,0.075,0,1,#,1.8,#,1.8
2009,2710680,27,046,01,0,2,#,0.068,#,0.046,0,1,#,4.4,#,4.4
2009,2710700,27,048,01,0,2,#,0.083,#,0.065,0,1,#,3.9,#,3.9
2009,2710760,27,052,01,0,2,#,0.16,#,0.12,0,1,#,0.4,#,0.4
2009,2710780,27,053,01,0,2,#,0.28,#,0.27,0,1,#,0.21,#,0.21
2009,2710800,27,054,01,0,2,#,0.44,#,0.31,0,1,#,0.55,#,0.55
2009,2710820,27,055,01,0,2,#,0.28,#,0.17,0,1,#,0.33,#,0.33
2009,2710840,27,056,01,0,2,#,0.054,#,0.048,0,1,#,0.27,#,0.27
2009,2710870,27,059,01,0,2,#,0.15,#,0.11,0,1,#,0.7,#,0.7
2009,2710900,27,060,01,0,2,#,0.39,#,0.25,0,1,#,2.5,#,2.5
2009,2710910,27,060,52,0,2,#,0.19,#,0.18,0,1,#,12,#,12
2009,2710940,27,061,01,0,2,#,0.49,#,0.47,0,1,#,66,#,66
2009,2710950,27,061,51,0,2,#,0.43,#,0.39,0,1,#,67,#,67
2009,2710960,27,061,52,1,2,#,1.5,#,1.1,0,1,#,3.4,#,3.4
2009,2711010,27,062,01,0,2,#,0.17,#,0.16,0,1,#,0.25,#,0.25
2009,2712260,27,062,91,0,1,#,0.18,#,0.18,0,1,#,0.28,#,0.28
2009,2711030,27,063,51,0,2,#,0.1,#,0.088,0,1,#,0.84,#,0.84
2009,2711040,27,064,01,0,1,#,0.14,#,0.14,0,1,#,0.62,#,0.62
2009,2711970,27,067,01,0,2,#,0.068,#,0.059,0,1,#,0.42,#,0.42
2009,2711060,27,068,01,0,2,#,0.11,#,0.078,0,1,#,0.31,#,0.31
2009,2711070,27,069,01,0,2,#,0.22,#,0.21,0,1,#,0.42,#,0.42
2009,2711240,27,070,01,0,1,#,0.2,#,0.2,0,1,#,41,#,41
2009,2711140,27,071,01,3,4,#,4.2,#,2.4,0,0,#,0,#,0
2009,2712270,27,071,55,0,0,#,0,#,0,0,1,#,27,#,27
2009,2711990,27,073,01,0,2,#,0.038,#,0.033,0,1,#,0.26,#,0.26
2009,2711320,27,074,01,0,1,#,0.18,#,0.18,0,1,#,0.96,#,0.96
2009,2711260,27,078,01,0,2,#,0.64,#,0.61,0,1,#,5.7,#,5.7
2009,2711160,27,206,02,0,2,#,0.89,#,0.77,0,1,#,1.4,#,1.4
2009,2711290,27,212,01,0,1,#,0.1,#,0.1,0,1,#,100,#,100
2009,2711510,27,233,01,0,2,#,0.14,#,0.13,0,1,#,3.4,#,3.4
2009,2712240,27,301,55,0,2,#,0.28,#,0.25,0,1,#,27,#,27
2009,2730010,27,601,01,0,1,#,0.079,#,0.079,0,1,#,15,#,15
2009,2730040,27,601,51,0,1,#,0.082,#,0.082,0,1,#,16,#,16
2009,2730050,27,601,52,0,1,#,0.17,#,0.17,0,1,#,7,#,7
2009,2730060,27,601,53,0,1,#,0.11,#,0.11,0,1,#,12,#,12
2009,2730070,27,601,54,0,2,#,0.63,#,0.5,0,1,#,71,#,71
2009,2730080,27,601,55,0,1,#,0.42,#,0.42,0,1,#,15,#,15
2009,2730090,27,601,56,0,1,#,0.12,#,0.12,0,1,#,67,#,67
2009,2730250,27,601,71,0,1,#,0.068,#,0.068,0,1,#,19,#,19
2009,2730140,27,602,02,0,1,#,0.041,#,0.041,0,1,#,14,#,14
2009,2730170,27,603,02,0,1,#,0.045,#,0.045,0,1,#,10,#,10
2009,2730190,27,604,02,0,1,#,0.058,#,0.058,0,1,#,10,#,10
2009,2730210,27,605,02,0,1,#,0.051,#,0.051,0,1,#,0.41,#,0.41
2009,2810080,28,002,02,0,1,#,0.081,#,0.081,0,1,#,0.38,#,0.38
2009,2810130,28,003,01,0,1,#,0.18,#,0.18,0,1,#,66,#,66
2009,2810430,28,008,01,0,1,#,0.067,#,0.067,0,1,#,0.25,#,0.25
2009,2810470,28,009,01,0,1,#,0.081,#,0.081,0,1,#,0.25,#,0.25
2009,2810500,28,011,01,0,1,#,0.066,#,0.066,0,1,#,0.23,#,0.23
2009,2810510,28,011,02,0,1,#,0.074,#,0.074,0,1,#,0.22,#,0.22
2009,2810680,28,013,01,0,1,#,0.078,#,0.078,0,1,#,0.79,#,0.79
2009,2810690,28,013,53,0,1,#,0.086,#,0.086,0,1,#,3.2,#,3.2
2009,2810700,28,014,01,0,1,#,0.32,#,0.32,0,1,#,0.32,#,0.32
2009,2810710,28,014,51,0,1,#,0.31,#,0.31,0,1,#,2.4,#,2.4
2009,2810740,28,015,01,0,1,#,0.066,#,0.066,0,1,#,0.14,#,0.14
2009,2810750,28,016,01,0,1,#,0.068,#,0.068,0,1,#,0.36,#,0.36
2009,2810760,28,016,02,0,1,#,0.051,#,0.051,0,1,#,0.68,#,0.68
2009,2810800,28,017,01,0,1,#,0.091,#,0.091,0,1,#,0.8,#,0.8
2009,2810840,28,018,01,0,1,#,0.18,#,0.18,0,1,#,1.5,#,1.5
2009,2810880,28,019,01,0,1,#,0.075,#,0.075,0,1,#,0.5,#,0.5
2009,2810900,28,020,01,0,1,#,0.064,#,0.064,0,1,#,0.21,#,0.21
2009,2810970,28,021,01,0,1,#,0.072,#,0.072,0,1,#,0.43,#,0.43
2009,2812090,28,029,01,0,1,#,0.045,#,0.045,0,1,#,0.25,#,0.25
2009,2811980,28,030,01,0,1,#,0.21,#,0.21,0,1,#,0.85,#,0.85
2009,2812960,28,032,01,0,1,#,0.12,#,0.12,0,1,#,0.33,#,0.33
2009,2813210,28,032,52,0,1,#,0.32,#,0.32,0,1,#,1.1,#,1.1
2009,2811140,28,033,01,0,1,#,0.099,#,0.099,0,1,#,0.33,#,0.33
2009,2811160,28,033,54,0,2,#,0.49,#,0.39,0,2,#,11,#,8.4
2009,2811210,28,034,01,0,2,#,0.49,#,0.38,0,2,#,9.9,#,7.9
2009,2811720,28,035,01,0,1,#,0.089,#,0.089,0,1,#,0.25,#,0.25
2009,2812380,28,036,01,0,1,#,0.059,#,0.059,0,1,#,1.8,#,1.8
2009,2812410,28,037,01,0,1,#,0.4,#,0.4,0,1,#,35,#,35
2009,2813000,28,038,01,0,1,#,0.54,#,0.54,0,1,#,0.86,#,0.86
2009,2810070,28,039,01,0,1,#,0.1,#,0.1,0,1,#,0.68,#,0.68
2009,2812280,28,105,01,0,1,#,0.11,#,0.11,0,1,#,0.67,#,0.67
2009,2812080,28,114,01,0,1,#,0.2,#,0.2,0,1,#,0.31,#,0.31
2009,2812060,28,114,51,0,1,#,0.29,#,0.29,0,1,#,1.3,#,1.3
2009,2811290,28,214,01,0,1,#,0.049,#,0.049,0,1,#,0.79,#,0.79
2009,2811450,28,220,04,0,1,#,0.078,#,0.078,0,1,#,0.28,#,0.28
2009,2813120,28,231,05,0,1,#,0.1,#,0.1,0,1,#,0.69,#,0.69
2009,2811850,28,247,01,0,1,#,0.069,#,0.069,0,1,#,0.53,#,0.53
2009,2811860,28,248,01,0,1,#,0.45,#,0.45,0,1,#,0.23,#,0.23
2009,2811900,28,252,01,0,1,#,0.076,#,0.076,0,1,#,0.23,#,0.23
2009,2811940,28,256,01,0,1,#,0.22,#,0.22,0,1,#,0.44,#,0.44
2009,2812100,28,270,01,0,1,#,0.24,#,0.24,0,1,#,0.38,#,0.38
2009,2812110,28,271,01,0,1,#,0.12,#,0.12,0,1,#,0.21,#,0.21
2009,2812320,28,289,03,0,1,#,0.2,#,0.2,0,1,#,0.9,#,0.9
2009,2812350,28,290,05,0,1,#,0.11,#,0.11,0,1,#,17,#,17
2009,2813140,28,337,51,0,1,#,0.15,#,0.15,0,1,#,0.39,#,0.39
2009,2813160,28,339,51,0,1,#,0.069,#,0.069,0,1,#,3,#,3
2009,2813170,28,340,51,0,1,#,0.14,#,0.14,0,1,#,2,#,2
2009,2820010,28,501,01,0,1,#,0.086,#,0.086,0,1,#,14,#,14
2009,2830030,28,603,01,0,1,#,0.11,#,0.11,0,1,#,12,#,12
2009,2830060,28,605,01,0,1,#,0.17,#,0.17,0,1,#,20,#,20
2009,2830120,28,607,01,0,1,#,0.073,#,0.073,0,1,#,18,#,18
2009,2830230,28,611,02,0,1,#,0.12,#,0.12,0,1,#,0.3,#,0.3
2009,2830270,28,611,06,0,1,#,0.08,#,0.08,0,1,#,11,#,11
2009,2830300,28,611,56,0,1,#,0.024,#,0.024,0,1,#,0.4,#,0.4
2009,2830620,28,614,55,0,1,#,0.064,#,0.064,0,1,#,15,#,15
2009,2830650,28,614,58,0,1,#,0.064,#,0.064,0,1,#,15,#,15
2009,2832190,28,614,73,0,1,#,0.11,#,0.11,0,1,#,20,#,20
2009,2832240,28,614,82,0,1,#,0.082,#,0.082,0,1,#,16,#,16
2009,2832200,28,615,57,0,1,#,0.11,#,0.11,0,1,#,18,#,18
2009,2832430,28,615,61,0,4,#,0.36,#,0.2,0,4,#,100,#,79
2009,2831100,28,622,01,0,1,#,0.1,#,0.1,0,1,#,85,#,85
2009,2832410,28,622,02,0,1,#,0.11,#,0.11,0,1,#,58,#,58
2009,2832420,28,622,03,0,1,#,0.28,#,0.28,0,1,#,52,#,52
2009,2831110,28,623,01,0,1,#,0.061,#,0.061,0,1,#,9.8,#,9.8
2009,2831320,28,625,01,0,1,#,0.064,#,0.064,0,1,#,1.2,#,1.2
2009,2831350,28,626,03,0,1,#,0.067,#,0.067,0,1,#,8.5,#,8.5
2009,2910220,29,013,01,0,2,#,0.27,#,0.15,0,1,#,2.2,#,2.2
2009,2910290,29,020,01,0,4,#,0.44,#,0.36,0,4,#,0.27,#,0.25
2009,2910310,29,020,52,0,4,#,0.44,#,0.37,0,4,#,0.97,#,0.58
2009,2910320,29,020,53,0,4,#,1,#,0.53,0,4,#,0.64,#,0.42
2009,2910340,29,021,01,0,1,#,0.07,#,0.07,0,1,#,0.22,#,0.22
2009,2910410,29,024,01,0,2,#,0.21,#,0.12,0,1,#,0.32,#,0.32
2009,2910420,29,025,01,0,2,#,0.088,#,0.058,0,1,#,0.23,#,0.23
2009,2910430,29,026,01,0,2,#,0.032,#,0.029,0,1,#,0.25,#,0.25
2009,2910520,29,033,02,0,1,#,0.029,#,0.029,0,1,#,0.063,#,0.063
2009,2910530,29,034,01,0,1,#,0.056,#,0.056,0,1,#,0.56,#,0.56
2009,2910660,29,041,51,0,1,#,0.36,#,0.36,0,1,#,0.58,#,0.58
2009,2910670,29,042,01,0,1,#,0.12,#,0.12,0,1,#,0.68,#,0.68
2009,2911370,29,066,01,0,1,#,0.12,#,0.12,0,1,#,0.56,#,0.56
2009,3010010,30,001,01,0,2,#,0.18,#,0.17,0,1,#,3.2,#,3.2
2009,3010070,30,002,03,0,1,#,0.072,#,0.072,0,1,#,0.26,#,0.26
2009,3010170,30,003,01,0,1,#,0.059,#,0.059,0,1,#,0.92,#,0.92
2009,3010230,30,004,01,0,1,#,0.071,#,0.071,0,0,#,0,#,0
2009,3010340,30,005,01,0,2,#,0.49,#,0.3,0,1,#,22,#,22
2009,3010350,30,005,51,0,1,#,0.12,#,0.12,0,0,#,0,#,0
2009,3010380,30,006,01,0,2,#,0.92,#,0.52,0,1,#,2.7,#,2.7
2009,3010400,30,007,01,0,2,#,0.7,#,0.7,0,1,#,56,#,56
2009,3010430,30,008,01,0,2,#,0.44,#,0.29,0,1,#,10,#,10
2009,3010450,30,009,01,0,2,#,0.22,#,0.19,0,1,#,17,#,17
2009,3010460,30,010,01,0,2,#,0.16,#,0.13,0,1,#,11,#,11
2009,3010470,30,011,01,1,2,#,1.2,#,0.68,0,1,#,11,#,11
2009,3010490,30,012,01,0,2,#,0.42,#,0.33,0,1,#,9.4,#,9.4
2009,3010500,30,012,51,0,1,#,0.25,#,0.25,0,0,#,0,#,0
2009,3010510,30,013,01,0,2,#,0.9,#,0.5,0,2,#,3.2,#,2.9
2009,3010540,30,014,01,0,2,#,0.45,#,0.35,0,2,#,79,#,75
2009,3010570,30,015,01,0,1,#,0.048,#,0.048,0,0,#,0,#,0
2009,3010620,30,016,01,0,0,#,0,#,0,0,1,#,0.088,#,0.088
2009,3010630,30,016,02,0,1,#,0.042,#,0.042,0,0,#,0,#,0
2009,3010670,30,017,01,0,1,#,0.054,#,0.054,0,1,#,1.9,#,1.9
2009,3010680,30,018,01,0,1,#,0.23,#,0.23,0,0,#,0,#,0
2009,3010690,30,019,01,0,1,#,0.056,#,0.056,0,0,#,0,#,0
2009,3010700,30,020,01,0,0,#,0,#,0,0,1,#,4.7,#,4.7
2009,3010730,30,021,01,0,1,#,0.048,#,0.048,0,1,#,0.37,#,0.37
2009,3010750,30,022,01,0,0,#,0,#,0,0,1,#,18,#,18
2009,3010760,30,023,01,0,1,#,0.047,#,0.047,0,0,#,0,#,0
2009,3010780,30,024,01,0,1,#,0.053,#,0.053,0,0,#,0,#,0
2009,3010800,30,026,02,0,1,#,0.067,#,0.067,0,1,#,0.35,#,0.35
2009,3010840,30,028,01,0,1,#,0.053,#,0.053,0,1,#,1.3,#,1.3
2009,3010860,30,029,01,0,1,#,0.048,#,0.048,0,0,#,0,#,0
2009,3010880,30,030,01,0,1,#,0.047,#,0.047,0,0,#,0,#,0
2009,3010890,30,031,01,0,0,#,0,#,0,0,1,#,0.49,#,0.49
2009,3030010,30,601,01,0,1,#,0.033,#,0.033,0,1,#,6.2,#,6.2
2009,3030020,30,602,01,0,1,#,0.15,#,0.15,0,1,#,27,#,27
2009,3030030,30,603,01,0,1,#,0.087,#,0.087,0,1,#,3.5,#,3.5
2009,3030040,30,603,02,0,1,#,0.062,#,0.062,0,1,#,18,#,18
2009,3030050,30,604,01,0,2,#,0.18,#,0.13,0,2,#,100,#,85
2009,3030060,30,605,01,0,1,#,0.063,#,0.063,0,1,#,11,#,11
2009,3030110,30,606,01,0,1,#,0.039,#,0.039,0,0,#,0,#,0
2009,3030120,30,607,01,0,1,#,0.038,#,0.038,0,0,#,0,#,0
2009,3030140,30,608,02,0,1,#,0.024,#,0.024,0,1,#,2.1,#,2.1
2009,3030160,30,608,04,0,1,#,0.033,#,0.033,0,1,#,1.9,#,1.9
2009,3030170,30,608,05,0,1,#,0.044,#,0.044,0,1,#,38,#,38
2009,3030180,30,608,06,0,1,#,0.052,#,0.052,0,0,#,0,#,0
2009,3030190,30,608,07,0,0,#,0,#,0,0,1,#,11,#,11
2009,3031030,30,608,08,0,1,#,0.016,#,0.016,0,1,#,3.3,#,3.3
2009,3031040,30,608,09,0,1,#,0.018,#,0.018,0,1,#,2.8,#,2.8
2009,3030370,30,609,01,0,1,#,0.048,#,0.048,0,0,#,0,#,0
2009,3030390,30,610,01,0,0,#,0,#,0,0,1,#,0.41,#,0.41
2009,3030410,30,611,01,0,1,#,0.046,#,0.046,0,1,#,0.65,#,0.65
2009,3030470,30,612,01,0,1,#,0.18,#,0.18,0,1,#,8.5,#,8.5
2009,3030500,30,613,01,0,1,#,0.024,#,0.024,0,1,#,0.28,#,0.28
2009,3030510,30,614,01,0,1,#,0.05,#,0.05,0,1,#,0.67,#,0.67
2009,3030520,30,615,01,0,1,#,0.043,#,0.043,0,0,#,0,#,0
2009,3030530,30,615,02,0,1,#,0.038,#,0.038,0,1,#,2.7,#,2.7
2009,3030540,30,615,03,0,1,#,0.043,#,0.043,0,0,#,0,#,0
2009,3030550,30,615,04,0,0,#,0,#,0,0,1,#,3.6,#,3.6
2009,3030560,30,615,05,0,1,#,0.041,#,0.041,0,0,#,0,#,0
2009,3030780,30,616,01,0,1,#,0.049,#,0.049,0,1,#,7,#,7
2009,3030790,30,617,01,0,1,#,0.049,#,0.049,0,0,#,0,#,0
2009,3030800,30,618,01,0,1,#,0.048,#,0.048,0,1,#,1.9,#,1.9
2009,3030810,30,618,02,0,1,#,0.047,#,0.047,0,0,#,0,#,0
2009,3030850,30,619,01,0,1,#,0.067,#,0.067,0,0,#,0,#,0
2009,3030860,30,620,01,0,1,#,0.05,#,0.05,0,1,#,3.2,#,3.2
2009,3030910,30,621,01,0,1,#,0.047,#,0.047,0,1,#,0.79,#,0.79
2009,3030920,30,621,02,0,1,#,0.046,#,0.046,0,0,#,0,#,0
2009,3030990,30,622,01,0,1,#,0.055,#,0.055,0,1,#,1,#,1
2009,3031160,30,622,03,0,1,#,0.042,#,0.042,0,0,#,0,#,0
2009,3110010,31,001,01,0,1,#,0.021,#,0.021,0,1,#,0.1,#,0.1
2009,3110060,31,002,01,0,1,#,0.075,#,0.075,0,1,#,0.27,#,0.27
2009,3110090,31,003,01,0,1,#,0.028,#,0.028,0,1,#,0.11,#,0.11
2009,3110120,31,004,01,0,1,#,0.087,#,0.087,0,1,#,0.22,#,0.22
2009,3110150,31,005,01,0,1,#,0.04,#,0.04,0,1,#,0.13,#,0.13
2009,3110210,31,006,01,0,1,#,0.072,#,0.072,0,1,#,0.22,#,0.22
2009,3110250,31,201,03,0,1,#,0.068,#,0.068,0,1,#,1.8,#,1.8
2009,3110880,31,226,01,0,1,#,0.049,#,0.049,0,1,#,0.41,#,0.41
2009,3110970,31,229,01,0,1,#,0.027,#,0.027,0,1,#,0.11,#,0.11
2009,3120040,31,501,01,0,1,#,0.99,#,0.99,0,1,#,20,#,20
2009,3120050,31,501,02,0,1,#,0.57,#,0.57,0,1,#,22,#,22
2009,3120080,31,502,01,0,1,#,0.14,#,0.14,0,1,#,4.1,#,4.1
2009,3120110,31,502,04,0,1,#,0.14,#,0.14,0,1,#,14,#,14
2009,3120120,31,503,01,0,1,#,0.024,#,0.024,0,1,#,0.18,#,0.18
2009,3120140,31,503,03,0,1,#,0.025,#,0.025,0,1,#,23,#,23
2009,3120150,31,503,04,0,1,#,0.03,#,0.03,0,1,#,17,#,17
2009,3130030,31,602,02,0,1,#,0.017,#,0.017,0,1,#,0.45,#,0.45
2009,3130080,31,602,07,0,1,#,0.02,#,0.02,0,1,#,0.22,#,0.22
2009,3130140,31,603,03,0,1,#,0.016,#,0.016,0,1,#,0.11,#,0.11
2009,3130160,31,603,05,0,1,#,0.018,#,0.018,0,1,#,0.12,#,0.12
2009,3130190,31,603,08,0,1,#,0.02,#,0.02,0,1,#,0.15,#,0.15
2009,3210050,32,003,02,0,1,#,0.076,#,0.076,0,1,#,0.22,#,0.22
2009,3210110,32,004,02,0,1,#,0.071,#,0.071,0,1,#,0.21,#,0.21
2009,3210190,32,007,01,0,1,#,0.09,#,0.09,0,1,#,10,#,10
2009,3210210,32,008,02,0,1,#,0.068,#,0.068,0,1,#,0.26,#,0.26
2009,3210300,32,011,02,0,1,#,0.13,#,0.13,0,1,#,0.28,#,0.28
2009,3210780,32,017,01,0,1,#,0.26,#,0.26,0,1,#,6.3,#,6.3
2009,3210420,32,204,03,0,1,#,0.075,#,0.075,0,1,#,2.3,#,2.3
2009,3212650,32,215,03,0,4,#,0.23,#,0.16,0,4,#,11,#,6.9
2009,3212160,32,231,02,0,1,#,0.11,#,0.11,0,0,#,0,#,0
2009,3212320,32,279,06,0,0,#,0,#,0,0,1,#,26,#,26
2009,3212590,32,279,08,0,0,#,0,#,0,0,1,#,60,#,60
2009,3212600,32,279,09,0,4,#,0.16,#,0.12,0,4,#,14,#,11
2009,3212610,32,279,10,0,4,#,0.15,#,0.12,0,4,#,11,#,7.2
2009,3212620,32,279,11,0,4,#,0.15,#,0.11,0,4,#,5.3,#,4.1
2009,3212750,32,279,13,0,0,#,0,#,0,0,1,#,57,#,57
2009,3220010,32,501,01,0,1,#,0.085,#,0.085,0,1,#,13,#,13
2009,3220060,32,501,06,0,1,#,0.076,#,0.076,0,1,#,27,#,27
2009,3220240,32,502,03,0,1,#,0.084,#,0.084,0,1,#,26,#,26
2009,3220430,32,502,81,0,1,#,0.14,#,0.14,0,1,#,0.55,#,0.55
2009,3220440,32,502,82,0,1,#,0.15,#,0.15,0,1,#,0.68,#,0.68
2009,3220460,32,502,83,0,1,#,0.093,#,0.093,0,1,#,0.97,#,0.97
2009,3220450,32,502,84,0,1,#,0.093,#,0.093,0,1,#,0.27,#,0.27
2009,3310010,33,001,01,0,1,#,0.15,#,0.15,0,0,#,0,#,0
2009,3310030,33,002,01,0,1,#,0.057,#,0.057,0,1,#,0.21,#,0.21
2009,3310070,33,004,01,0,1,#,0.095,#,0.095,0,1,#,0.55,#,0.55
2009,3310090,33,005,01,0,1,#,0.054,#,0.054,0,0,#,0,#,0
2009,3310100,33,006,01,0,1,#,0.07,#,0.07,0,0,#,0,#,0
2009,3310110,33,007,01,0,1,#,0.058,#,0.058,0,1,#,0.69,#,0.69
2009,3310130,33,008,01,0,1,#,0.078,#,0.078,0,0,#,0,#,0
2009,3310140,33,010,01,0,1,#,0.1,#,0.1,0,1,#,0.2,#,0.2
2009,3310150,33,011,01,0,1,#,0.053,#,0.053,0,1,#,4.4,#,4.4
2009,3310170,33,012,01,0,1,#,0.13,#,0.13,0,1,#,0.44,#,0.44
2009,3310180,33,012,02,0,1,#,0.077,#,0.077,0,1,#,0.27,#,0.27
2009,3310270,33,014,01,0,1,#,0.063,#,0.063,0,0,#,0,#,0
2009,3310300,33,015,01,0,1,#,0.078,#,0.078,0,1,#,0.2,#,0.2
2009,3310310,33,015,02,0,1,#,0.081,#,0.081,0,1,#,0.26,#,0.26
2009,3310390,33,017,01,0,1,#,0.071,#,0.071,0,0,#,0,#,0
2009,3310420,33,018,01,0,1,#,0.14,#,0.14,0,0,#,0,#,0
2009,3310430,33,019,01,0,1,#,0.078,#,0.078,0,1,#,0.99,#,0.99
2009,3310470,33,021,01,0,1,#,0.23,#,0.23,0,1,#,15,#,15
2009,3310850,33,021,02,0,1,#,0.57,#,0.57,0,1,#,13,#,13
2009,3310480,33,021,51,0,1,#,0.1,#,0.1,0,1,#,31,#,31
2009,3310490,33,021,52,0,1,#,0.24,#,0.24,0,1,#,1.6,#,1.6
2009,3310500,33,021,53,0,1,#,0.22,#,0.22,0,1,#,1.7,#,1.7
2009,3310510,33,021,54,0,1,#,0.31,#,0.31,0,1,#,14,#,14
2009,3310520,33,021,55,0,1,#,0.31,#,0.31,0,1,#,12,#,12
2009,3310820,33,021,61,0,1,#,0.1,#,0.1,0,1,#,0.89,#,0.89
2009,3310830,33,021,62,0,1,#,0.11,#,0.11,0,1,#,9.1,#,9.1
2009,3310840,33,021,63,0,1,#,0.16,#,0.16,0,1,#,1.5,#,1.5
2009,3310870,33,021,66,0,1,#,0.16,#,0.16,0,1,#,9.9,#,9.9
2009,3310890,33,021,68,0,1,#,0.15,#,0.15,0,1,#,5.7,#,5.7
2009,3310530,33,022,01,0,1,#,0.15,#,0.15,0,1,#,1.3,#,1.3
2009,3310550,33,023,01,0,1,#,0.055,#,0.055,0,1,#,0.41,#,0.41
2009,3310560,33,024,01,0,1,#,0.069,#,0.069,0,1,#,0.14,#,0.14
2009,3310570,33,025,01,0,1,#,0.08,#,0.08,0,0,#,0,#,0
2009,3310600,33,027,01,0,1,#,0.086,#,0.086,0,1,#,0.43,#,0.43
2009,3310610,33,028,01,0,1,#,0.061,#,0.061,0,1,#,0.19,#,0.19
2009,3310620,33,029,01,0,1,#,0.14,#,0.14,0,1,#,0.31,#,0.31
2009,3310640,33,030,01,0,1,#,0.067,#,0.067,0,0,#,0,#,0
2009,3310660,33,031,01,0,1,#,0.066,#,0.066,0,0,#,0,#,0
2009,3310670,33,032,02,0,1,#,0.053,#,0.053,0,0,#,0,#,0
2009,3320010,33,501,01,0,1,#,0.21,#,0.21,0,1,#,0.88,#,0.88
2009,3320020,33,501,02,0,1,#,0.28,#,0.28,0,1,#,23,#,23
2009,3330010,33,601,01,0,1,#,0.064,#,0.064,0,1,#,6.7,#,6.7
2009,3330020,33,601,51,0,1,#,0.18,#,0.18,0,1,#,9,#,9
2009,3330050,33,602,01,0,1,#,0.082,#,0.082,0,1,#,12,#,12
2009,3330060,33,603,01,0,1,#,0.075,#,0.075,0,1,#,3.3,#,3.3
2009,3330070,33,603,02,0,1,#,0.082,#,0.082,0,1,#,0.15,#,0.15
2009,3330080,33,603,03,0,1,#,0.066,#,0.066,0,1,#,0.13,#,0.13
2009,3330130,33,604,01,0,1,#,0.066,#,0.066,0,1,#,0.44,#,0.44
2009,3330190,33,605,01,0,1,#,0.12,#,0.12,0,1,#,9.5,#,9.5
2009,3330220,33,606,03,0,1,#,0.091,#,0.091,0,1,#,5.7,#,5.7
2009,3330240,33,606,05,0,1,#,0.089,#,0.089,0,1,#,7.3,#,7.3
2009,3330250,33,606,06,0,1,#,0.11,#,0.11,0,1,#,5.5,#,5.5
2009,3330280,33,607,01,0,1,#,0.071,#,0.071,0,1,#,6.8,#,6.8
2009,3330300,33,607,03,0,1,#,0.058,#,0.058,0,1,#,0.91,#,0.91
2009,3330310,33,607,04,0,1,#,0.063,#,0.063,0,1,#,2.3,#,2.3
2009,3330360,33,608,01,0,1,#,0.1,#,0.1,0,1,#,6.4,#,6.4
2009,3330370,33,608,02,0,1,#,0.075,#,0.075,0,1,#,6,#,6
2009,3330400,33,609,01,0,1,#,0.065,#,0.065,0,1,#,8.8,#,8.8
2009,3330410,33,609,02,0,1,#,0.058,#,0.058,0,1,#,7.4,#,7.4
2009,3330420,33,609,03,0,1,#,0.061,#,0.061,0,1,#,9.8,#,9.8
2009,3330510,33,610,01,0,1,#,0.066,#,0.066,0,1,#,6.1,#,6.1
2009,3330520,33,610,02,0,1,#,0.056,#,0.056,0,1,#,7.9,#,7.9
2009,3330530,33,610,03,0,1,#,0.055,#,0.055,0,1,#,3.8,#,3.8
2009,3330540,33,610,04,0,1,#,0.072,#,0.072,0,1,#,0.56,#,0.56
2009,3330550,33,610,05,0,1,#,0.055,#,0.055,0,1,#,0.18,#,0.18
2009,3410010,34,001,01,0,2,#,0.023,#,0.023,0,1,#,0.22,#,0.22
2009,3413930,34,001,60,0,1,#,0.072,#,0.072,0,1,#,0.21,#,0.21
2009,3410200,34,003,52,0,2,#,0.16,#,0.15,0,1,#,2.2,#,2.2
2009,3410320,34,008,01,0,1,#,0.16,#,0.16,0,0,#,0,#,0
2009,3410370,34,008,56,0,2,#,0.15,#,0.14,0,1,#,0.23,#,0.23
2009,3410540,34,012,01,0,1,#,0.26,#,0.26,0,1,#,3.8,#,3.8
2009,3410620,34,017,01,0,1,#,0.53,#,0.53,0,1,#,0.79,#,0.79
2009,3410970,34,025,01,0,1,#,0.071,#,0.071,0,1,#,0.22,#,0.22
2009,3414860,34,025,51,0,1,#,0.073,#,0.073,0,1,#,0.23,#,0.23
2009,3411000,34,027,04,0,1,#,0.041,#,0.041,0,0,#,0,#,0
2009,3411010,34,027,05,0,1,#,0.039,#,0.039,0,0,#,0,#,0
2009,3411080,34,028,05,0,1,#,0.079,#,0.079,0,0,#,0,#,0
2009,3411420,34,035,02,0,1,#,0.13,#,0.13,0,1,#,2.4,#,2.4
2009,3411550,34,038,01,0,2,#,0.078,#,0.078,0,1,#,0.19,#,0.19
2009,3411630,34,040,06,0,1,#,0.074,#,0.074,0,1,#,0.24,#,0.24
2009,3411930,34,048,01,0,2,#,0.034,#,0.026,0,1,#,0.19,#,0.19
2009,3411960,34,050,01,0,2,#,0.03,#,0.024,0,1,#,0.17,#,0.17
2009,3412040,34,051,04,0,2,#,0.055,#,0.044,0,1,#,0.22,#,0.22
2009,3412100,34,053,01,0,2,#,0.06,#,0.053,0,1,#,0.18,#,0.18
2009,3412270,34,065,01,0,1,#,0.15,#,0.15,0,1,#,2.9,#,2.9
2009,3412280,34,066,01,0,1,#,0.21,#,0.21,0,1,#,3,#,3
2009,3412290,34,067,01,0,1,#,0.13,#,0.13,0,1,#,0.87,#,0.87
2009,3414970,34,073,53,0,1,#,0.083,#,0.083,0,1,#,20,#,20
2009,3412690,34,100,01,0,2,#,0.56,#,0.42,0,1,#,0.29,#,0.29
2009,3412790,34,222,01,0,1,#,0.69,#,0.69,0,0,#,0,#,0
2009,3412810,34,224,01,0,1,#,0.14,#,0.14,0,0,#,0,#,0
2009,3420010,34,501,01,0,1,#,0.088,#,0.088,0,1,#,13,#,13
2009,3420020,34,502,01,0,1,#,0.068,#,0.068,0,1,#,6,#,6
2009,3420040,34,505,01,0,1,#,0.079,#,0.079,0,1,#,15,#,15
2009,3420070,34,507,01,0,1,#,0.067,#,0.067,0,1,#,4.1,#,4.1
2009,3430130,34,606,03,0,1,#,0.024,#,0.024,0,1,#,14,#,14
2009,3430170,34,606,51,0,1,#,0.018,#,0.018,0,1,#,5.6,#,5.6
2009,3430380,34,607,04,0,1,#,0.019,#,0.019,0,0,#,0,#,0
2009,3430480,34,609,01,0,1,#,0.022,#,0.022,0,1,#,5,#,5
2009,3430770,34,610,66,0,0,#,0,#,0,0,1,#,0.69,#,0.69
2009,3430800,34,610,69,0,1,#,0.032,#,0.032,0,1,#,15,#,15
2009,3431030,34,612,01,0,0,#,0,#,0,0,1,#,3.5,#,3.5
2009,3431060,34,613,01,0,1,#,0.018,#,0.018,0,0,#,0,#,0
2009,3431290,34,615,01,0,2,#,0.045,#,0.044,0,1,#,21,#,21
2009,3431350,34,616,01,0,2,#,0.029,#,0.027,0,1,#,8.3,#,8.3
2009,3431420,34,618,01,0,2,#,0.023,#,0.022,0,1,#,6.8,#,6.8
2009,3431450,34,618,04,0,2,#,0.026,#,0.023,0,1,#,9.2,#,9.2
2009,3510020,35,001,02,0,1,#,0.07,#,0.07,0,1,#,0.26,#,0.26
2009,3510070,35,005,02,0,1,#,0.056,#,0.056,0,1,#,0.16,#,0.16
2009,3510130,35,008,01,0,1,#,0.082,#,0.082,0,1,#,0.24,#,0.24
2009,3510200,35,012,01,0,1,#,0.072,#,0.072,0,1,#,0.16,#,0.16
2009,3510290,35,023,02,0,1,#,0.082,#,0.082,0,1,#,0.2,#,0.2
2009,3510380,35,029,01,0,1,#,0.069,#,0.069,0,1,#,1.5,#,1.5
2009,3510490,35,037,01,0,1,#,0.065,#,0.065,0,1,#,0.25,#,0.25
2009,3510530,35,038,03,0,1,#,0.059,#,0.059,0,1,#,0.2,#,0.2
2009,3510650,35,046,02,0,1,#,0.055,#,0.055,0,1,#,0.86,#,0.86
2009,3510660,35,047,01,0,1,#,0.21,#,0.21,0,1,#,1.5,#,1.5
2009,3510800,35,055,01,0,1,#,0.071,#,0.071,0,1,#,0.22,#,0.22
2009,3511170,35,055,51,0,1,#,0.073,#,0.073,0,1,#,0.23,#,0.23
2009,3510820,35,057,01,0,1,#,0.23,#,0.23,0,1,#,0.19,#,0.19
2009,3510840,35,059,01,0,1,#,0.075,#,0.075,0,1,#,0.25,#,0.25
2009,3511130,35,068,01,0,1,#,0.1,#,0.1,0,1,#,0.85,#,0.85
2009,3520010,35,501,01,0,1,#,0.068,#,0.068,0,1,#,16,#,16
2009,3520040,35,502,03,0,1,#,0.17,#,0.17,0,1,#,26,#,26
2009,3520070,35,503,01,0,1,#,0.071,#,0.071,0,1,#,13,#,13
2009,3520080,35,504,01,0,1,#,0.1,#,0.1,0,1,#,13,#,13
2009,3520110,35,507,01,0,1,#,0.056,#,0.056,0,1,#,20,#,20
2009,3520140,35,510,01,0,1,#,0.063,#,0.063,0,1,#,7.1,#,7.1
2009,3520130,35,511,01,0,1,#,0.068,#,0.068,0,1,#,6,#,6
2009,3530160,35,612,02,0,1,#,0.056,#,0.056,0,1,#,2.9,#,2.9
2009,3530770,35,631,08,0,1,#,0.058,#,0.058,0,1,#,0.16,#,0.16
2009,3530810,35,632,02,0,1,#,0.057,#,0.057,0,1,#,0.17,#,0.17
2009,3531170,35,637,01,0,1,#,0.056,#,0.056,0,1,#,7.5,#,7.5
2009,3530040,35,640,01,0,1,#,0.062,#,0.062,0,1,#,0.68,#,0.68
2009,3530350,35,643,03,0,1,#,0.057,#,0.057,0,1,#,8.3,#,8.3
2009,3531390,35,658,05,0,1,#,0.047,#,0.047,0,1,#,3.5,#,3.5
2009,3610020,36,002,01,0,1,#,0.072,#,0.072,0,1,#,0.23,#,0.23
2009,3610280,36,012,01,0,1,#,0.068,#,0.068,0,1,#,0.25,#,0.25
2009,3610450,36,021,01,0,1,#,0.066,#,0.066,0,1,#,0.55,#,0.55
2009,3610470,36,022,01,0,1,#,0.075,#,0.075,0,1,#,0.91,#,0.91
2009,3610490,36,023,01,0,1,#,0.063,#,0.063,0,1,#,0.24,#,0.24
2009,3610500,36,024,01,0,1,#,0.065,#,0.065,0,1,#,0.23,#,0.23
2009,3610520,36,025,01,0,1,#,0.092,#,0.092,0,1,#,1.3,#,1.3
2009,3610530,36,026,01,0,1,#,0.068,#,0.068,0,1,#,0.63,#,0.63
2009,3630020,36,601,02,0,1,#,0.18,#,0.18,0,1,#,0.74,#,0.74
2009,3630190,36,606,01,0,1,#,0.067,#,0.067,0,1,#,12,#,12
2009,3630220,36,607,02,0,1,#,0.062,#,0.062,0,0,#,0,#,0
2009,3630240,36,607,51,0,0,#,0,#,0,0,1,#,0.24,#,0.24
2009,3630670,36,611,01,0,1,#,0.15,#,0.15,0,1,#,6.9,#,6.9
2009,3710010,37,001,01,1,2,#,1.3,#,0.81,0,0,#,0,#,0
2009,3710040,37,002,01,0,1,#,0.3,#,0.3,0,0,#,0,#,0
2009,3710080,37,003,01,0,1,#,0.97,#,0.97,0,0,#,0,#,0
2009,3710100,37,004,01,0,1,#,0.17,#,0.17,0,1,#,1.2,#,1.2
2009,3710110,37,005,01,0,1,#,0.17,#,0.17,0,1,#,0.23,#,0.23
2009,3710120,37,006,01,0,1,#,0.11,#,0.11,0,1,#,0.51,#,0.51
2009,3710140,37,007,01,0,1,#,0.52,#,0.52,0,0,#,0,#,0
2009,3710160,37,008,01,0,1,#,0.58,#,0.58,0,1,#,0.25,#,0.25
2009,3710200,37,010,01,0,1,#,0.15,#,0.15,0,0,#,0,#,0
2009,3710250,37,012,01,0,1,#,0.12,#,0.12,0,0,#,0,#,0
2009,3710340,37,015,01,0,2,#,0.25,#,0.21,0,2,#,1.8,#,1.1
2009,3710370,37,016,01,0,1,#,0.12,#,0.12,0,0,#,0,#,0
2009,3710400,37,017,01,0,1,#,0.093,#,0.093,0,0,#,0,#,0
2009,3710460,37,018,01,0,1,#,0.21,#,0.21,0,1,#,27,#,27
2009,3711000,37,021,02,0,1,#,0.59,#,0.59,0,0,#,0,#,0
2009,3710560,37,022,01,0,1,#,0.72,#,0.72,0,0,#,0,#,0
2009,3710590,37,023,01,0,1,#,0.8,#,0.8,0,0,#,0,#,0
2009,3710630,37,024,01,1,4,#,1.3,#,0.6,0,0,#,0,#,0
2009,3710650,37,025,01,0,1,#,0.31,#,0.31,0,1,#,1.2,#,1.2
2009,3710730,37,027,01,0,1,#,0.078,#,0.078,0,1,#,21,#,21
2009,3710760,37,029,01,0,1,#,0.15,#,0.15,0,0,#,0,#,0
2009,3710770,37,030,01,0,1,#,0.21,#,0.21,0,0,#,0,#,0
2009,3710800,37,031,01,0,1,#,0.13,#,0.13,0,0,#,0,#,0
2009,3711060,37,032,02,0,1,#,0.36,#,0.36,0,0,#,0,#,0
2009,3710840,37,033,01,0,1,#,0.11,#,0.11,0,0,#,0,#,0
2009,3710880,37,034,01,0,1,#,0.15,#,0.15,0,1,#,1.1,#,1.1
2009,3730040,37,601,04,0,1,#,0.071,#,0.071,0,0,#,0,#,0
2009,3730070,37,601,07,0,1,#,0.073,#,0.073,0,0,#,0,#,0
2009,3730200,37,602,01,0,1,#,0.097,#,0.097,0,0,#,0,#,0
2009,3730210,37,603,01,0,1,#,0.082,#,0.082,0,0,#,0,#,0
2009,3730220,37,604,01,0,1,#,0.081,#,0.081,0,0,#,0,#,0
2009,3730280,37,605,01,0,1,#,0.083,#,0.083,0,0,#,0,#,0
2009,3730290,37,606,01,0,1,#,0.069,#,0.069,0,0,#,0,#,0
2009,3730400,37,607,01,0,1,#,0.076,#,0.076,0,0,#,0,#,0
2009,3730430,37,607,04,0,1,#,0.079,#,0.079,0,0,#,0,#,0
2009,3730470,37,607,08,0,1,#,0.069,#,0.069,0,0,#,0,#,0
2009,3810010,38,001,01,0,2,#,0.064,#,0.048,0,0,#,0,#,0
2009,3810040,38,002,01,0,1,#,0.068,#,0.068,0,1,#,5.4,#,5.4
2009,3810070,38,003,02,0,1,#,0.18,#,0.18,0,1,#,0.44,#,0.44
2009,3810080,38,003,03,0,1,#,0.069,#,0.069,0,1,#,0.32,#,0.32
2009,3810130,38,004,02,0,1,#,0.074,#,0.074,0,1,#,0.23,#,0.23
2009,3810140,38,004,03,0,1,#,0.067,#,0.067,0,1,#,0.23,#,0.23
2009,3810160,38,005,02,0,1,#,0.073,#,0.073,0,1,#,0.26,#,0.26
2009,3810760,38,015,01,0,1,#,0.074,#,0.074,0,1,#,0.27,#,0.27
2009,3811360,38,226,01,0,1,#,0.081,#,0.081,0,1,#,0.41,#,0.41
2009,3811370,38,227,01,0,1,#,0.11,#,0.11,0,1,#,0.21,#,0.21
2009,3830120,38,609,03,0,1,#,0.039,#,0.039,0,1,#,2.1,#,2.1
2009,3830630,38,628,16,0,2,#,0.05,#,0.038,0,2,#,3.4,#,3.3
2009,3830750,38,628,28,0,1,#,0.018,#,0.018,0,1,#,1.2,#,1.2
2009,3831110,38,631,31,0,1,#,0.022,#,0.022,0,1,#,0.83,#,0.83
2009,3910020,39,002,01,0,1,#,0.19,#,0.19,0,1,#,6.6,#,6.6
2009,3910140,39,009,01,0,1,#,0.3,#,0.3,0,1,#,26,#,26
2009,3910230,39,011,01,0,0,#,0,#,0,0,1,#,0.95,#,0.95
2009,3910260,39,012,02,0,1,#,0.1,#,0.1,0,1,#,5.5,#,5.5
2009,3910300,39,012,03,0,1,#,0.18,#,0.18,0,1,#,11,#,11
2009,3910370,39,013,55,0,1,#,0.07,#,0.07,0,1,#,0.22,#,0.22
2009,3912530,39,013,63,0,1,#,0.039,#,0.039,0,1,#,0.11,#,0.11
2009,3910430,39,014,01,0,1,#,0.43,#,0.43,0,1,#,5.9,#,5.9
2009,3910510,39,016,01,0,1,#,0.2,#,0.2,0,1,#,7,#,7
2009,3910670,39,020,54,0,1,#,0.07,#,0.07,0,1,#,0.25,#,0.25
2009,3910780,39,022,04,0,1,#,0.069,#,0.069,0,1,#,0.24,#,0.24
2009,3911080,39,033,01,0,1,#,0.034,#,0.034,0,1,#,0.12,#,0.12
2009,3911160,39,036,01,0,1,#,0.046,#,0.046,0,1,#,1.8,#,1.8
2009,3911240,39,039,01,0,1,#,0.035,#,0.035,0,1,#,0.4,#,0.4
2009,3911280,39,042,01,0,1,#,0.24,#,0.24,0,1,#,0.74,#,0.74
2009,3930030,39,602,01,0,1,#,0.046,#,0.046,0,1,#,14,#,14
2009,3930050,39,602,03,0,1,#,0.06,#,0.06,0,1,#,3.7,#,3.7
2009,4010080,40,004,01,0,2,#,0.13,#,0.12,0,1,#,1.6,#,1.6
2009,4010210,40,007,01,0,2,#,0.11,#,0.096,0,1,#,0.97,#,0.97
2009,4010230,40,008,01,0,1,#,0.15,#,0.15,0,0,#,0,#,0
2009,4010260,40,009,01,0,1,#,0.046,#,0.046,0,0,#,0,#,0
2009,4010370,40,011,01,0,1,#,0.058,#,0.058,0,0,#,0,#,0
2009,4010480,40,015,01,0,1,#,0.16,#,0.16,0,0,#,0,#,0
2009,4010530,40,017,01,0,1,#,0.082,#,0.082,0,0,#,0,#,0
2009,4010590,40,019,01,0,1,#,0.054,#,0.054,0,0,#,0,#,0
2009,4010690,40,023,01,0,1,#,0.043,#,0.043,0,0,#,0,#,0
2009,4010720,40,024,01,0,1,#,0.036,#,0.036,0,0,#,0,#,0
2009,4010740,40,025,01,0,1,#,0.096,#,0.096,0,0,#,0,#,0
2009,4010760,40,026,01,0,1,#,0.18,#,0.18,0,0,#,0,#,0
2009,4010780,40,027,01,0,1,#,0.05,#,0.05,0,1,#,1.7,#,1.7
2009,4010800,40,028,01,0,1,#,0.03,#,0.03,0,0,#,0,#,0
2009,4010860,40,031,01,0,1,#,0.36,#,0.36,0,1,#,0.89,#,0.89
2009,4010930,40,033,03,0,1,#,0.92,#,0.92,0,0,#,0,#,0
2009,4010980,40,034,02,0,1,#,0.34,#,0.34,0,1,#,1.4,#,1.4
2009,4011050,40,037,01,0,1,#,0.077,#,0.077,0,1,#,0.44,#,0.44
2009,4011260,40,047,01,0,2,#,0.16,#,0.13,0,2,#,2.2,#,1.5
2009,4011310,40,047,56,0,1,#,0.074,#,0.074,0,1,#,0.27,#,0.27
2009,4011860,40,053,01,0,1,#,0.16,#,0.16,0,1,#,30,#,30
2009,4012250,40,059,01,0,1,#,0.13,#,0.13,0,1,#,25,#,25
2009,4012320,40,061,01,0,1,#,0.11,#,0.11,0,1,#,1.3,#,1.3
2009,4012710,40,079,01,0,1,#,0.088,#,0.088,0,1,#,1.5,#,1.5
2009,4012750,40,081,01,0,1,#,0.63,#,0.63,0,1,#,0.82,#,0.82
2009,4012810,40,084,01,0,1,#,0.24,#,0.24,0,1,#,0.78,#,0.78
2009,4018660,40,085,52,0,1,#,0.041,#,0.041,0,0,#,0,#,0
2009,4012860,40,086,02,0,1,#,0.086,#,0.086,0,1,#,0.24,#,0.24
2009,4012870,40,086,51,0,1,#,0.18,#,0.18,0,1,#,1,#,1
2009,4012880,40,086,52,0,1,#,0.092,#,0.092,0,1,#,0.22,#,0.22
2009,4012920,40,087,01,0,1,#,0.13,#,0.13,0,0,#,0,#,0
2009,4013240,40,100,01,0,2,#,0.29,#,0.19,0,1,#,0.4,#,0.4
2009,4013290,40,102,01,0,2,#,0.16,#,0.15,0,1,#,2.4,#,2.4
2009,4013330,40,104,01,0,2,#,0.27,#,0.2,0,1,#,2.9,#,2.9
2009,4013350,40,105,01,0,2,#,0.17,#,0.16,0,1,#,0.44,#,0.44
2009,4013400,40,106,01,0,2,#,0.32,#,0.21,0,1,#,0.26,#,0.26
2009,4013460,40,107,01,0,2,#,0.22,#,0.16,0,1,#,0.14,#,0.14
2009,4013510,40,108,01,0,2,#,0.12,#,0.1,0,1,#,0.53,#,0.53
2009,4013530,40,109,01,0,2,#,0.21,#,0.15,0,1,#,0.33,#,0.33
2009,4013550,40,110,01,0,2,#,0.75,#,0.48,0,1,#,1,#,1
2009,4013580,40,111,01,0,2,#,0.1,#,0.094,0,1,#,0.51,#,0.51
2009,4013600,40,112,01,0,4,#,0.46,#,0.37,0,0,#,0,#,0
2009,4016750,40,112,60,0,4,#,0.32,#,0.29,0,0,#,0,#,0
2009,4013850,40,121,02,0,1,#,0.077,#,0.077,0,1,#,1.2,#,1.2
2009,4013910,40,124,01,0,1,#,0.088,#,0.088,0,1,#,0.67,#,0.67
2009,4014030,40,125,01,0,2,#,0.11,#,0.11,0,1,#,0.4,#,0.4
2009,4014300,40,126,01,0,2,#,0.55,#,0.47,0,1,#,1.1,#,1.1
2009,4014350,40,127,01,0,1,#,0.12,#,0.12,0,0,#,0,#,0
2009,4016320,40,128,01,0,1,#,0.082,#,0.082,0,0,#,0,#,0
2009,4013930,40,129,01,0,1,#,0.2,#,0.2,0,1,#,2.1,#,2.1
2009,4016340,40,199,52,0,1,#,0.071,#,0.071,0,1,#,0.23,#,0.23
2009,4018090,40,199,54,0,1,#,0.083,#,0.083,0,1,#,0.29,#,0.29
2009,4018100,40,199,55,0,3,#,0.11,#,0.093,0,0,#,0,#,0
2009,4013950,40,211,53,0,1,#,0.12,#,0.12,0,1,#,0.74,#,0.74
2009,4020010,40,501,01,0,1,#,0.08,#,0.08,0,1,#,5.6,#,5.6
2009,4020030,40,502,01,0,1,#,0.08,#,0.08,0,1,#,7.3,#,7.3
2009,4020080,40,505,01,0,1,#,0.019,#,0.019,0,1,#,6.5,#,6.5
2009,4030010,40,601,01,0,1,#,0.21,#,0.21,0,1,#,32,#,32
2009,4030150,40,604,01,0,1,#,0.06,#,0.06,0,1,#,12,#,12
2009,4030170,40,605,01,0,1,#,0.018,#,0.018,0,0,#,0,#,0
2009,4030180,40,605,02,0,1,#,0.017,#,0.017,0,0,#,0,#,0
2009,4030290,40,606,01,0,3,#,0.45,#,0.36,0,0,#,0,#,0
2009,4031200,40,606,53,0,1,#,0.62,#,0.62,0,0,#,0,#,0
2009,4030390,40,608,02,0,1,#,0.62,#,0.62,0,1,#,7.5,#,7.5
2009,4031190,40,608,54,0,1,#,0.45,#,0.45,0,0,#,0,#,0
2009,4031210,40,608,55,0,1,#,0.59,#,0.59,0,0,#,0,#,0
2009,4030460,40,609,01,0,1,#,0.17,#,0.17,0,1,#,9.4,#,9.4
2009,4031150,40,609,51,0,1,#,0.13,#,0.13,0,1,#,1.4,#,1.4
2009,4030490,40,610,01,0,1,#,0.021,#,0.021,0,1,#,4.6,#,4.6
2009,4030610,40,611,01,0,2,#,0.083,#,0.083,0,1,#,12,#,12
2009,4030780,40,612,02,0,2,#,0.086,#,0.083,0,1,#,10,#,10
2009,4030910,40,613,01,0,2,#,0.085,#,0.079,0,1,#,0.14,#,0.14
2009,4031030,40,614,01,0,3,#,0.65,#,0.6,0,0,#,0,#,0
2009,4110010,41,001,01,0,1,#,0.082,#,0.082,0,1,#,4.8,#,4.8
2009,4110260,41,012,03,0,1,#,0.075,#,0.075,0,1,#,0.27,#,0.27
2009,4110280,41,012,52,0,1,#,0.083,#,0.083,0,1,#,0.7,#,0.7
2009,4110510,41,021,01,0,1,#,0.17,#,0.17,0,1,#,1,#,1
2009,4110740,41,031,01,0,1,#,0.21,#,0.21,0,1,#,1.2,#,1.2
2009,4110940,41,042,01,0,1,#,0.11,#,0.11,0,1,#,0.23,#,0.23
2009,4111050,41,045,01,0,1,#,0.079,#,0.079,0,1,#,0.21,#,0.21
2009,4111230,41,053,01,0,1,#,0.085,#,0.085,0,1,#,25,#,25
2009,4111290,41,055,01,0,1,#,0.46,#,0.46,0,1,#,27,#,27
2009,4111390,41,064,51,0,2,#,0.16,#,0.13,0,2,#,2.2,#,1.5
2009,4120160,41,407,01,0,1,#,0.1,#,0.1,0,1,#,0.92,#,0.92
2009,4120320,41,429,01,0,1,#,0.079,#,0.079,0,1,#,9.7,#,9.7
2009,4130070,41,603,01,0,1,#,0.26,#,0.26,0,1,#,28,#,28
2009,4130570,41,603,61,0,1,#,0.41,#,0.41,0,1,#,6.6,#,6.6
2009,4130120,41,605,02,0,1,#,0.078,#,0.078,0,1,#,12,#,12
2009,4130210,41,606,03,0,1,#,0.067,#,0.067,0,1,#,13,#,13
2009,4210260,42,009,02,0,1,#,0.079,#,0.079,0,1,#,0.24,#,0.24
2009,4210400,42,012,01,0,2,#,0.28,#,0.17,0,0,#,0,#,0
2009,4210490,42,014,01,0,2,#,0.044,#,0.04,0,1,#,6.5,#,6.5
2009,4210510,42,015,01,0,2,#,0.12,#,0.12,0,1,#,3.6,#,3.6
2009,4210560,42,017,03,0,1,#,0.093,#,0.093,0,1,#,4.8,#,4.8
2009,4210570,42,018,02,0,1,#,0.09,#,0.09,0,1,#,0.93,#,0.93
2009,4210590,42,020,01,0,2,#,0.2,#,0.13,0,1,#,1.6,#,1.6
2009,4210730,42,030,02,0,2,#,0.29,#,0.17,0,0,#,0,#,0
2009,4210880,42,037,01,0,2,#,0.083,#,0.069,0,0,#,0,#,0
2009,4210940,42,043,01,0,2,#,0.15,#,0.11,0,0,#,0,#,0
2009,4210970,42,044,01,0,2,#,0.16,#,0.095,0,0,#,0,#,0
2009,4211040,42,051,01,0,2,#,0.53,#,0.29,0,0,#,0,#,0
2009,4211080,42,054,01,0,2,#,0.8,#,0.43,0,1,#,2.3,#,2.3
2009,4211510,42,057,02,0,2,#,0.49,#,0.27,0,0,#,0,#,0
2009,4211280,42,213,01,0,2,#,0.081,#,0.057,0,1,#,1.5,#,1.5
2009,4211890,42,247,01,0,1,#,0.089,#,0.089,0,1,#,14,#,14
2009,4211900,42,248,01,0,1,#,0.085,#,0.085,0,1,#,2.1,#,2.1
2009,4230050,42,605,01,0,1,#,0.048,#,0.048,0,1,#,6.1,#,6.1
2009,4230140,42,610,51,0,1,#,0.084,#,0.084,0,1,#,0.78,#,0.78
2009,4230210,42,612,01,0,1,#,0.042,#,0.042,0,1,#,10,#,10
2009,4230470,42,614,12,0,1,#,0.026,#,0.026,0,1,#,13,#,13
2009,4230690,42,616,05,0,1,#,0.026,#,0.026,0,1,#,2.8,#,2.8
2009,4230790,42,617,01,0,1,#,0.026,#,0.026,0,1,#,6.3,#,6.3
2009,4230970,42,618,07,0,1,#,0.056,#,0.056,0,1,#,13,#,13
2009,4231470,42,621,07,0,1,#,0.082,#,0.082,0,1,#,0.38,#,0.38
2009,4231520,42,621,51,0,1,#,0.088,#,0.088,0,1,#,0.81,#,0.81
2009,4231530,42,621,52,0,1,#,0.083,#,0.083,0,1,#,1.7,#,1.7
2009,4310090,43,003,01,0,1,#,0.068,#,0.068,0,1,#,0.22,#,0.22
2009,4310170,43,009,01,0,1,#,0.087,#,0.087,0,1,#,0.14,#,0.14
2009,4310180,43,010,01,0,1,#,0.1,#,0.1,0,1,#,0.36,#,0.36
2009,4310280,43,013,01,0,1,#,0.076,#,0.076,0,1,#,0.23,#,0.23
2009,4310340,43,016,01,0,1,#,0.088,#,0.088,0,1,#,1.5,#,1.5
2009,4310420,43,018,01,0,1,#,0.088,#,0.088,0,1,#,2.4,#,2.4
2009,4310480,43,021,01,0,1,#,0.15,#,0.15,0,1,#,0.33,#,0.33
2009,4310550,43,025,01,0,1,#,0.094,#,0.094,0,1,#,0.35,#,0.35
2009,4310670,43,029,02,0,1,#,0.6,#,0.6,0,1,#,7,#,7
2009,4310690,43,030,01,0,1,#,0.13,#,0.13,0,1,#,0.44,#,0.44
2009,4310740,43,031,01,0,1,#,0.19,#,0.19,0,1,#,0.35,#,0.35
2009,4310750,43,032,01,0,1,#,0.15,#,0.15,0,1,#,0.41,#,0.41
2009,4310810,43,034,03,0,1,#,0.078,#,0.078,0,1,#,2.2,#,2.2
2009,4311560,43,238,51,0,2,#,0.11,#,0.097,0,0,#,0,#,0
2009,4330120,43,607,01,0,1,#,0.11,#,0.11,0,1,#,3.6,#,3.6
2009,4330190,43,611,04,0,1,#,0.095,#,0.095,0,1,#,5.6,#,5.6
2009,4330440,43,618,07,0,2,#,0.078,#,0.077,0,0,#,0,#,0
2009,4410010,44,001,01,0,1,#,0.072,#,0.072,0,1,#,0.23,#,0.23
2009,4410090,44,006,01,0,1,#,0.11,#,0.11,0,1,#,3.5,#,3.5
2009,4411080,44,008,02,0,1,#,0.034,#,0.034,0,1,#,1.3,#,1.3
2009,4410130,44,009,01,0,1,#,0.043,#,0.043,0,1,#,0.24,#,0.24
2009,4410720,44,010,02,0,1,#,0.071,#,0.071,0,1,#,0.23,#,0.23
2009,4410170,44,010,51,0,1,#,0.071,#,0.071,0,1,#,0.73,#,0.73
2009,4411140,44,010,55,0,1,#,0.03,#,0.03,0,1,#,0.23,#,0.23
2009,4411500,44,010,61,0,1,#,0.045,#,0.045,0,1,#,0.22,#,0.22
2009,4410210,44,011,51,0,1,#,0.055,#,0.055,0,1,#,1.4,#,1.4
2009,4410230,44,012,01,0,1,#,0.087,#,0.087,0,1,#,7.7,#,7.7
2009,4410240,44,012,51,0,1,#,0.088,#,0.088,0,1,#,0.52,#,0.52
2009,4411170,44,013,81,0,1,#,0.041,#,0.041,0,1,#,0.28,#,0.28
2009,4410280,44,014,01,0,1,#,0.07,#,0.07,0,1,#,0.22,#,0.22
2009,4411130,44,014,53,0,1,#,0.033,#,0.033,0,1,#,0.26,#,0.26
2009,4410360,44,017,01,0,1,#,0.071,#,0.071,0,1,#,0.23,#,0.23
2009,4410370,44,017,51,0,4,#,0.11,#,0.094,0,0,#,0,#,0
2009,4410380,44,017,52,0,1,#,0.083,#,0.083,0,1,#,0.29,#,0.29
2009,4410480,44,020,01,0,1,#,0.51,#,0.51,0,1,#,0.81,#,0.81
2009,4411020,44,029,01,0,1,#,0.075,#,0.075,0,1,#,0.21,#,0.21
2009,4410840,44,034,01,0,1,#,0.33,#,0.33,0,1,#,4.5,#,4.5
2009,4410910,44,035,01,0,1,#,0.051,#,0.051,0,1,#,0.65,#,0.65
2009,4410760,44,036,01,0,1,#,0.17,#,0.17,0,1,#,2.4,#,2.4
2009,4410630,44,042,01,0,1,#,0.07,#,0.07,0,1,#,0.28,#,0.28
2009,4411490,44,219,01,0,1,#,0.069,#,0.069,0,1,#,3.1,#,3.1
2009,4420030,44,402,01,0,1,#,0.034,#,0.034,0,1,#,3.5,#,3.5
2009,4420110,44,403,01,0,1,#,0.067,#,0.067,0,1,#,2.1,#,2.1
2009,4430260,44,607,02,0,1,#,0.034,#,0.034,0,1,#,1.8,#,1.8
2009,4430400,44,609,05,0,1,#,0.056,#,0.056,0,1,#,5.8,#,5.8
2009,4510030,45,002,01,0,1,#,0.024,#,0.024,0,1,#,2.7,#,2.7
2009,4510120,45,008,01,0,1,#,0.024,#,0.024,0,1,#,0.22,#,0.22
2009,4510170,45,012,01,0,1,#,0.022,#,0.022,0,1,#,0.22,#,0.22
2009,4510180,45,013,01,0,1,#,0.064,#,0.064,0,0,#,0,#,0
2009,4510190,45,014,01,0,1,#,0.066,#,0.066,0,0,#,0,#,0
2009,4510260,45,018,01,0,1,#,0.077,#,0.077,0,1,#,0.21,#,0.21
2009,4510280,45,018,03,0,2,#,0.084,#,0.082,0,2,#,1.6,#,0.93
2009,4510430,45,028,01,0,1,#,0.039,#,0.039,0,1,#,0.32,#,0.32
2009,4510530,45,036,01,0,1,#,0.075,#,0.075,0,1,#,0.41,#,0.41
2009,4510560,45,037,01,0,1,#,0.078,#,0.078,0,1,#,1.1,#,1.1
2009,4510620,45,038,01,0,1,#,0.063,#,0.063,0,1,#,0.4,#,0.4
2009,4510930,45,052,04,0,1,#,0.067,#,0.067,0,1,#,0.21,#,0.21
2009,4511140,45,057,01,0,1,#,0.025,#,0.025,0,1,#,0.22,#,0.22
2009,4511220,45,059,01,0,1,#,0.038,#,0.038,0,1,#,0.25,#,0.25
2009,4511440,45,074,01,0,1,#,0.17,#,0.17,0,1,#,0.45,#,0.45
2009,4512380,45,080,01,0,1,#,0.025,#,0.025,0,1,#,0.28,#,0.28
2009,4512370,45,081,01,0,1,#,0.024,#,0.024,0,1,#,0.22,#,0.22
2009,4530140,45,608,03,0,1,#,0.028,#,0.028,0,1,#,1,#,1
2009,4530240,45,609,03,0,1,#,0.036,#,0.036,0,1,#,0.23,#,0.23
2009,4612220,46,003,02,0,1,#,0.071,#,0.071,0,1,#,0.27,#,0.27
2009,4610130,46,004,01,0,1,#,0.058,#,0.058,0,1,#,0.12,#,0.12
2009,4610350,46,009,01,0,1,#,0.049,#,0.049,0,1,#,0.19,#,0.19
2009,4610360,46,010,01,0,1,#,0.084,#,0.084,0,1,#,0.26,#,0.26
2009,4610420,46,011,02,0,1,#,0.093,#,0.093,0,1,#,0.36,#,0.36
2009,4610480,46,016,01,0,1,#,0.068,#,0.068,0,1,#,0.22,#,0.22
2009,4610510,46,017,01,0,1,#,0.081,#,0.081,0,1,#,0.23,#,0.23
2009,4610590,46,020,01,0,1,#,0.05,#,0.05,0,1,#,0.61,#,0.61
2009,4610630,46,022,01,0,1,#,0.072,#,0.072,0,1,#,0.64,#,0.64
2009,4610640,46,023,01,0,1,#,0.14,#,0.14,0,1,#,0.17,#,0.17
2009,4610690,46,027,01,0,1,#,0.22,#,0.22,0,1,#,0.3,#,0.3
2009,4610780,46,032,01,0,1,#,0.056,#,0.056,0,1,#,0.35,#,0.35
2009,4610280,46,051,03,0,1,#,0.11,#,0.11,0,1,#,4.1,#,4.1
2009,4611850,46,218,51,0,1,#,0.031,#,0.031,0,1,#,0.57,#,0.57
2009,4620010,46,503,01,0,1,#,0.026,#,0.026,0,1,#,2.9,#,2.9
2009,4630030,46,601,03,0,1,#,0.029,#,0.029,0,1,#,1.8,#,1.8
2009,4630130,46,601,13,0,1,#,0.028,#,0.028,0,1,#,2.3,#,2.3
2009,4631000,46,610,03,0,1,#,0.028,#,0.028,0,1,#,2.6,#,2.6
2009,4631110,46,614,03,0,1,#,0.026,#,0.026,0,1,#,0.19,#,0.19
2009,4631390,46,623,01,0,1,#,0.033,#,0.033,0,1,#,1.2,#,1.2
2009,4711330,47,001,10,0,0,#,0,#,0,0,1,#,0.45,#,0.45
2009,4710050,47,003,01,0,1,#,0.31,#,0.31,0,1,#,0.89,#,0.89
2009,4710150,47,005,01,0,1,#,0.12,#,0.12,0,1,#,9.7,#,9.7
2009,4710350,47,010,51,0,0,#,0,#,0,0,1,#,1.6,#,1.6
2009,4710510,47,015,01,0,1,#,0.16,#,0.16,0,1,#,1.8,#,1.8
2009,4710720,47,027,01,0,1,#,0.085,#,0.085,0,1,#,1.1,#,1.1
2009,4711240,47,035,01,0,1,#,0.23,#,0.23,0,1,#,0.33,#,0.33
2009,4711340,47,301,01,0,0,#,0,#,0,0,1,#,1.6,#,1.6
2009,4711350,47,302,01,0,0,#,0,#,0,0,1,#,3.3,#,3.3
2009,4730370,47,604,04,0,1,#,0.07,#,0.07,0,1,#,15,#,15
